000000000000000000000000000000000000000000000000000000000000000000000000000000000000000000000000000000000000000000000000000000000000000000000000000000000000000000000000000000000000000000000000000000000000000000000000000000000000000000000000
111111111111111111111111111111111111111111111111111111111111111111111111111111111111111111111111111111111111111111111111111111111111111111111111111111111111111111111111111111111111111111111111111111111111111111111111111111111111111111111110
111111111111111111111111111111111111111111111111111111111111111111111111111111111111111111111111111111111111111111111111111111111111111111111111111111111111111111111111111111111111111111111111111111111111111111111111111111111111111111111110
111111111111111111111111111111111111111111111111111111111111111111111111111111111111111111111111111111111111111111111111111111111111111111111111111111111111111111111111111111111111111111111111111111111111111111111111111111111111111111111110
111100000000000001111111111111111111111100000000001000011111111111111111111101110000000000001111111111111111111100000000000000001111111111111111111100000000000000001111111111111111111111100000000011101111111111111111111100111100000000001110
111110000100000001111111111111111111111100000000001000011111111111111111111100000000000000001111111111111111111100000000001000011111111111111111111100000000001000011111111111111111111111100000000000001111111111111111111100111100001000011110
111110000100000001111111111111111111111100000000001000011111111111111111111100000000000000001111111111111111111100000000001000011111111111111111111100000000001000011111111111111111111111101000000000001111111111111111111100111100001000011110
111110000100000001111111111111111111111100000000000000011111111111111111111100000000000000001111111111111111111100000000001000011111111111111111111100000000001000011111111111111111111111100000000000001111111111111111111100000000001000011110
111100000000000000001111111111111111111100000000000000011111111111111111111100000000000000001111111111111111111100000000000000001111111111111111111100000000000000001111111111111111111100000000000000001111111111111111111100001000000000001110
111100000000000000001111111111111111111100000000000001111111111111111111111101110000000000001111111111111111111100000000000000001111111111111111111100000000000000001111111111111111111100000000000011101111111111111111111100000000000000001110
111100000000000000001111111111111111111100000000000001111111111111111111111100000000000001111111111111111111111100000000000001111111111111111111111100000000000001111111111111111111111100000000000000001111111111111111111100000000000000001110
111100000100000000001111111111111111111100000000000001111111111111111111111100000000000001111111111111111111111100000000000001111111111111111111111100000000000001111111111111111111111100000000000000001111111111111111111100000000000000001110
111100000000000000001111111111111111111100000000000101111111111111111111111100000000000101111111111111111111111100000000000101111111111111111111111100000000000101111111111111111111111100000000000000001111111111111111111100000000000000001110
111100000000000000001111111111111111111100000000000001111111111111111111111100000000000001111111111111111111111100000000000001111111111111111111111100000000000001111111111111111111111100000000000000001111111111111111111100000000000000001110
111100000000000000001111111111111111111100000000000000001111111111111111111100000000000000001111111111111111111100000000000000001111111111111111111100000000000000001111111111111111111100000000000000001111111111111111111100000000000000001110
111100000000000000001111111111111111111100000000000000001111111111111111111100000000000000001111111111111111111100000000000000001111111111111111111100000000000000001111111111111111111100000000000000001111111111111111111100000000000000001110
111101000010000000001111111111111111111101000010000000001111111111111111111101000010000000001111111111111111111101000010000000001111111111111111111101000010000000001111111111111111111101000010000000001111111111111111111101000010000000001110
111101000010000000001111111111111111111101000010000000001111111111111111111101000010000000001111111111111111111101000010000000001111111111111111111101000010000000001111111111111111111101000010000000001111111111111111111101000010000000001110
111111000011111111111111111111111111111111000011111111111111111111111111111111000011111111111111111111111111111111000011111111111111111111111111111111000011111111111111111111111111111111000011111111111111111111111111111111000011111111111110
111111000011111111111111111111111111111111000011111111111111111111111111111111000011111111111111111111111111111111000011111111111111111111111111111111000011111111111111111111111111111111000011111111111111111111111111111111000011111111111110
111100000000000000000000000000000000000000000000000000000000000000000000000000000000000000000000000000000000000000000000000000000000000000000000000000000000000000000000000000000000000000000000000000000000000000000000000000000000000000001110
111100000000000000000000000000000000000000000000000000000000000000000000000000000000000000000000000000000000000000000000000000000000000000000000000000000000000000000000000000000000000000000000000000000000000000000000000000000000000000001110
111100000000000000000000000000000000000000000000000000000000000000000000000000000000000000000000000000000000000000000000000000000000000000000000000000000000000000000000000000000000000000000000000000000000000000000000000000000000000000001110
111100000000000000000000000000000000000000000000000000000000000000000000000000000000000000000000000000000000000000000000000000000000000000000000000000000000000000000000000000000000000000000000000000000000000000000000000000000000000000001110
111100000000000000000000000000000000000000000000000000000000000000000000000000000000000000000000000000000000000000000000000000000000000000000000000000000000000000000000000000000000000000000000000000000000000000000000000000000000000000001110
111100000000000000000000000000000000000000000000000000000000000000000000000000000000000000000000000000000000000000000000000000000000000000000000000000000000000000000000000000000000000000000000000000000000000000000000000000000000000000001110
111100000000000000000000000000000000000000000000000000000000000000000000000000000000000000000000000000000000000000000000000000000000000000000000000000000000000000000000000000000000000000000000000000000000000000000000000000000000000000001110
111100000000000000000000000000000000000000000000000000000000000000000000000000000000000000000000000000000000000000000000000000000000000000000000000000000000000000000000000000000000000000000000000000000000000000000000000000000000000000001110
111111111111111111111111111111111111111111111111111111110000111111111111111111111111111111111111111111111111111111111111111111111111111111111111111111111111111111111100001111111111111111111111111111111111111111111111111111111111111111111110
111111111111111111111111111111111111111111111111111111110000111111111111111111111111111111111111111111111111111111111111111111111111111111111111111111111111111111111100001111111111111111111111111111111111111111111111111111111111111111111110
111111111111111111111111111111111111111111111111111111110000111111111111111111111111111111111111111111111111111111111111111111111111111111111111111111111111111111111100001111111111111111111111111111111111111111111111111111111111111111111110
111111111111111111111111111111111111111111111111111111110000111111111111111111111111111111111111111111111111111111111111111111111111111111111111111111111111111111111100001111111111111111111111111111111111111111111111111111111111111111111110
111111111111111111111111111111111111111111111111111111110000111111111111111111111111111111111111111111111111111111111111111111111111111111111111111111111111111111111100001111111111111111111111111111111111111111111111111111111111111111111110
111111111111111111111111111111111111111111111111111111110000111111111111111111111111111111111111111111111111111111111111111111111111111111111111111111111111111111111100001111111111111111111111111111111111111111111111111111111111111111111110
111111111111111111111111111111111111111111111111111111110000111111111111111111111111111111111111111111111111111111111111111111111111111111111111111111111111111111111100001111111111111111111111111111111111111111111111111111111111111111111110
111111111111111111111111111111111111111111111111111111110000111111111111111111111111111111111111111111111111111111111111111111111111111111111111111111111111111111111100001111111111111111111111111111111111111111111111111111111111111111111110
111111111111111111111111111111111111111111111111111111110000111111111111111111111111111111111111111111111111111111111111111111111111111111111111111111111111111111111100001111111111111111111111111111111111111111111111111111111111111111111110
111111111111111111111111111111111111111111111111111111110000111111111111111111111111111111111111111111111111111111111111111111111111111111111111111111111111111111111100001111111111111111111111111111111111111111111111111111111111111111111110
111111111111111111111111111111111111111111111111111111110000111111111111111111111111111111111111111111111111111111111111111111111111111111111111111111111111111111111100001111111111111111111111111111111111111111111111111111111111111111111110
111111111111111111111111111111111111111111111111111111110000111111111111111111111111111111111111111111111111111111111111111111111111111111111111111111111111111111111100001111111111111111111111111111111111111111111111111111111111111111111110
111111111111111111111111111111111111111111111111111111110000111111111111111111111111111111111111111111111111111111111111111111111111111111111111111111111111111111111100001111111111111111111111111111111111111111111111111111111111111111111110
111111111111111111111111111111111111111111111111111111110000111111111111111111111111111111111111111111111111111111111111111111111111111111111111111111111111111111111100001111111111111111111111111111111111111111111111111111111111111111111110
111111111111111111111111111111111111111111111111111111110000111111111111111111111111111111111111111111111111111111111111111111111111111111111111111111111111111111111100001111111111111111111111111111111111111111111111111111111111111111111110
111111111111111111111111111111111111111111111111111111110000111111111111111111111111111111111111111111111111111111111111111111111111111111111111111111111111111111111100001111111111111111111111111111111111111111111111111111111111111111111110
111111111111111111111111111111111111111111111111111111110000111111111111111111111111111111111111111111111111111111111111111111111111111111111111111111111111111111111100001111111111111111111111111111111111111111111111111111111111111111111110
111111111111111111111111111111111111111111111111111111110000111111111111111111111111111111111111111111111111111111111111111111111111111111111111111111111111111111111100001111111111111111111111111111111111111111111111111111111111111111111110
111111111111111111111111111111111111111111111111111111110000111111111111111111111111111111111111111111111111111111111111111111111111111111111111111111111111111111111100001111111111111111111111111111111111111111111111111111111111111111111110
111111111111111111111111111111111111111111111111111111110000111111111111111111111111111111111111111111111111111111111111111111111111111111111111111111111111111111111100001111111111111111111111111111111111111111111111111111111111111111111110
111111111111111111111111111111111111111111111111111111110000111111111111111111111111111111111111111111111111111111111111111111111111111111111111111111111111111111111100001111111111111111111111111111111111111111111111111111111111111111111110
111111111111111111111111111111111111111111111111111111110000111111111111111111111111111111111111111111111111111111111111111111111111111111111111111111111111111111111100001111111111111111111111111111111111111111111111111111111111111111111110
111111111111111111111111111111111111111111111111111111110000111111111111111111111111111111111111111111111111111111111111111111111111111111111111111111111111111111111100001111111111111111111111111111111111111111111111111111111111111111111110
111111111111111111111111111111111111111111111111111111110000111111111111111111111111111111111111111111111111111111111111111111111111111111111111111111111111111111111100001111111111111111111111111111111111111111111111111111111111111111111110
111111111111111100000000111111111111111111111100000000000000000000000000000000000000000000000000000000000000000000000000000000000000000000000000000000000000000000000000000000000000000000000000000000111111111111111111111111111111111111111110
111111111111111100000000111111111111111111111100000000000000000000000000000000000000000000000000000000000000000000000000000000000000000000000000000000000000000000000000000000000000000000000000000000111111111111111111111111111111111111111110
111111111111111100000000111111111111111111110000000000000000000000000000000000000000000000000000000000000000000000000000000000000000000000000000000000000000000000000000000000000000000000000000000000111111111111111111111111111111111111111110
111111111111111100000000111111111111111111110000000000000000000000000000000000000000000000000000000000000000000000000000000000000000000000000000000000000000000000000000000000000000000000000000000000111111111111111111111111111111111111111110
111111111111111100000000111111111111111111110000000000000000000000000000000000000000000000000000000000000000000000000000000000000000000000000000000000000000000000000000000000000000000000000000000000111111111111111111111111111111111111111110
111111111111111100000000111111111111111111110000000000000000000000000000000000000000000000000000000000000000000000000000000000000000000000000000000000000000000000000000000000000000000000000000000000111111111111111111111111111111111111111110
111111111111111100000000111111111111111111110000000000000000000000000000000000000000000000000000000000000000000000000000000000000000000000000000000000000000000000000000000000000000000000000000000000111111111111111111111111111111111111111110
111111111111111100000000111111111111111111110000000000000000000000000000000000000000000000000000000000000000000000000000000000000000000000000000000000000000000000000000000000000000000000000000000000111111111111111111111111111111111111111110
111111111111111100000000111111111111111111111100000011111111111111111111111111111111111111111111111111111111111111111111111111111111111111111111111111111111111111111100001111111111111111111100000000000000001111111111111111111111111111111110
111111111111111100000000111111111111111111111100000011111111111111111111111111111111111111111111111111111111111111111111111111111111111111111111111111111111111111111100001111111111111111111100000000000000001111111111111111111111111111111110
111111111111111100000000111111111111111111111100000011111111111111111111111111111111111111111111111111111111111111111111111111111111111111111111111111111111111111111100001111111111111111111100000000000000001111111111111111111111111111111110
111111111111111100000000111111111111111111111100000011111111111111111111111111111111111111111111111111111111111111111111111111111111111111111111111111111111111111111100001111111111111111111100000000000000001111111111111111111111111111111110
111111111111111100000000000011111111111111111100000011111111111111111111111111111111111111111111111111111111111111111111111111111111111111111111111111111111111111111100001111111111111111111100000000000000001111111111111111111111111111111110
111111111111111100000000000011111111111111111100000011111111111111111111111111111111111111111111111111111111111111111111111111111111111111111111111111111111111111111100001111111111111111111100000000000000001111111111111111111111111111111110
111111111111111100000000000000000000000000000100000011111111111111111111111100000011111111111111111111111111111111111111111111111111111111111111111111111111111111111100001111111111111111111100000000110000111111111111111111111111111111111110
111111111111111100000000000000000000000000000100000011111111111111111111111100000011111111111111111111111111111111111111111111111111111111111111111111111111111111111100001111111111111111111100000001110000111111111111111111111111111111111110
111111111111111100000000000000000000000000000100000011111111111111111100000000000000000011111111111111111111111111111111111111111111111111111111111111111111111111111100001111111111111111111111111111000000001111111111111111111111111111111110
111111111111000000000000000000000000000000000100000011111111111111111100000000000000000011111111111111111111111111111111111111111111111111111111111111111111111111111100001111111111111111111111111111000000001111111111111111111111111111111110
111111111111000000000000000000000000000000000100000011111111111111000000000000000000000000001111111111111111111111111111111111111111111111111111111111111111111111111100001111111111111111111111111111000000001111111111111111111111111111111110
111111111111000000000000000000000000000000000100000011111111111111000000000000000000000000001111111111111111111111111111111111111111111111111111111111111111111111111100001111111111111111111111111111000000001111111111111111111111111111111110
111111111111000000000000000011111111110000001100000011111111111111000000000000000000000000001111111111111111111111111111111111111111111111111111111111111111111111111100001111111111111111111111111111000000001111111111111111111111111111111110
111111111111000000000000111111111111110000001100000011111111111111000000000000000000000000001111111111111111111111111111111111111111111111111111111111111111111111111100001111111111111111111111111111000000001111111111111111111111111111111110
111111111111000000000000111111111111110000000000000011111111111111000000000000000000000000001111111111000000000000001111111100000000000000111111110000111111111111111100001111111111111111111111111111000000001111111111111111111111111111111110
111111111111000000000000111111111111110000000000000011111111111111000000000000000000000000001100000000000000000000000000000000000000000000000000000000111111111111111100001111111111111111111111111111000000001111111111111111111111111111111110
111111111111000000000000111111111111110000000000000011111111111111000000000000000000000000001100000000000000000000000000000000000000000000000000000000110000001111111100001111111111111111111111111111000000001111111111111111111111111111111110
111111111111000000000000111111111111110000000000000011111111111111000000000000000000000000001100000000000000000000000000000000000000000000000000000000110000001111111100001111111111111111111111111111000000001111111111111111111111111111111110
111111111111000000000000111111111111110000000000000011111111111100000000000001111000000000000000000000000000000000000000000000000000000000000000000000000000001111111100001111111111111111111111111111000000001111111111111111111111111111111110
111111111111000000000000000011111111110000000000000011111111111100000000000011111100000000000000000000000000000000000000000000000000000000000000000000000000000000111100001111111111111111111111111111000000001111111111111111111111111111111110
111111111111000000001111000111111111110000000000000011111111111100000000000011111100000000000000000000000000000000000000000000000000000000000000000000000000000000111100001111111111111111111111111111000000001111111111111111111111111111111110
111111111111000000011111100011111111110000000000000011111111111100000000000011111100000000000000000000000000000000000000000000000000000000000000000000000000000000111100001111111111111111111111111111000000001111111111111111111111111111111110
111111111111000000011111111011111111110000000000000011111111111100000000000011111100000000000000000000000000000000000000000000000000000000000000000000110000000000111100001111111111111111111111111111000000001111111111111111111111111111111110
111111111111000000011111111011111111110000000000000011111111111100000000000001111000000000000000000000000000000000000000000000000000000000000000000000110000000000111100001111111111111111111111111111000000001111111111111111111111111111111110
111111111111000000011111111011111111110000000000000011111111111111000000000000000000000000001100000000000000000000000000000000000000000000000000000000110000000000000000001111111111111111111111111111000000000000000011111111111111111111111110
111111111111000000011111111111111111110000000000000011111111111111000000000000000000000000001111111111000000000000000000000000000000000000111111110000110000000000000000001111111111111111111111111111000000000000000011111111111111111111111110
111111111111000000011111111111111111110000001000000000000000000000000000000000000000000000001111111111111111111111110000000011111111111111111111111111110000000000000000001111111111111111111111111111000000000000000011111111111111111111111110
111111111111000000011111111111111111110000001000000000000000000000000000000000000000000000001111111111111111111111110000000011111111111111111111111111110000000000000000001111111111111111111111111111000000000000000011111111111111111111111110
111111111111000000011111111111111111110000001100000000000000000000000000000000000000000000001111111111111111111111110000000011111111111111111111111111110000000000111100001111111111111111111111111111000000000000000011111111111111111111111110
111111111111000000011111111111111111110000001100000000000000000000000000000000000000000000001111111111111111111111110000000011111111111111111111111111110000000000111111111111111111111111111111111111000000000000000011111111111111111111111110
111111111111000000011111111111111111110000001000000011111111111111000000000000000000000000001111111111111111111111110000000011111111111111111111111111110000000000111111111111111111111111111111111111000011000011111111111111111111111111111110
111111111111000000011111111111111111110000001000000011111111111111000000000000000000000000001111111111111111111111110000000011111111111111111111111111110000000000111111111111111111111111111111111111000111000011111111111111111111111111111110
111111111111000000000101111111111111110000001000000011111111111111111100000000000000000011111111111111111111111111110000000011111111111111111111111111110000000000111111111111111111111111111111111111111100000000100000000000000000000000111110
111111111111000000000001111111111111110000001000000011111111111111111100000000000000000011111111111111111111111111110000000011111111111111111111111111110000000000111111111111111111111111111111111111111100000000100000000000000000000000111110
111111111111000000000001111111111111110000001000000011111111111111111111111100000011111111111111111111111111111111110000000011111111111111111111111111110000000000111111111111111111111111111111111111111100000000100000000000000000000000111110
111111111111000000001000000111111111110000001000000011111111111111111111111100000011111111111111111111111111111111110000000011111111111111111111111111110000000000111111111111111111111111111111111111111100000000100000000000000000000000111110
111111111111000000000000000000000000000000001000000011111111111111111111111111111111111111111111111111111111111111110000000011111111111111111111111111110000000000111111111111111111111111111111111111111100000000100011000000000000110000111110
111111111111000000000000000000000000000000001000000011111111111111111111111111111111111111111111111111111111111111110000000011111111111111111111111111110000000000111111111111111111111111111111111111111100000000100011000000000000110000111110
111111111111000000000000000000000000000000001000000011111111111111111111111111111111111111111111111111111111111111110000000011111111111111111111111111110000000000111111111111111111111111111111111111111100000000100000000000000000000000111110
111111111111000000000000000000000000000000001000000011111111111111111111111111111111111111111111111111111111111111110000000011111111111111111111111111110000000000111111111111111111111111111111111111111100000001100000000000000000000000111110
111111111111000000000000000000000000000000001000000011111111111111111111111111111111111111111111111111111111111111110000000011111111111111111111111111110000000000111111111111111111111111111111111111111100000001100000000000000000000000111110
111111111111000000000000000000000000000000001000000011111111111111111111111111111111111111111111111111111111111111110000000011111111111111111111111111110000000000111111111111111111111111111111111111111100000000000000000000000000000000111110
111111111111111111111111111111111111110000001000000011111111111111111111111111111111111111111111111111111111111111110000000011111111111111111111111111110000000000111111111111111111111111111111111111111100000000000000000000000000000000111110
111111111111111111111111111111111111110000001000000011111111111111111111111111111111111111111111111111111111111111110000000011111111111111111111111111110000000000111111111111111111111111111111111111111100000000000000000000000000000000111110
111111111111111111111111111111111111110000001100000011111111111111111111111111111111111111111111111111111111111111110000000011111111111111111111111111110000000000111111111111111111111111111111111111111100000000000000000000000000000000111110
111111111111111111111111111111111111110000001100000011111111111111111111111111111111111111111111111111111111111111110000000011111111111111111111111111110000000000111111111111111111111111111111111111111100000000000000000000000000000000111110
111111111111111111111111111111111111110000001000000011111111111111111111111111111111111111111111111111111111111111110000000011111111111111111111111111110000000000111111111111111111111111111111111111111100000000000000000000000000000000111110
111111111111111111111111111111111111110000001000000011111111111111111111111111111111111111111111111111111111111111110000000011111111111111111111111111110000000000111111111111111111111111111111111111111100000001100000000000000000000000111110
111111111111111111111111111111111111110000001000000011111111111111111111111111111111111111111111111111111111111111110000000011111111111111111111111111110000000000111111111111111111111111111111111111111100000001100000000000000000000000111110
111111111111111111111111111111111111110000001000000011111111111111111111111111111111111111111111111111111111111111110000000011111111111111111111111111110000000000111111111111111111111111111111111111111100000000100000000000000000000000111110
111111111111111111111111111111111111110000001000000011111111111111111111111111111111111111111111111111111111111111110000000011111111111111111111111111110000000000111111111111111111111111111111111111111100000000100011000000000000110000111110
111111111111111111111111111111111111110000001000000011111111111111111111111111111111111111111111111111111111111111110000000011111111111111111111111111110000000000111111111111111111111111111111111111111100000000100011000000000000110000111110
111111111111111111111111111111111111110000001000000011111111111111111111111111111111111111111111111111111111111111110000000011111111111111111111111111110000000000111111111111111111111111111111111111111100000000100000000000000000000000111110
111111111111111111111111111111111111110000001000000011111111111111111111111111111111111111111111111111111111111111110000000011111111111111111111111111110000000000111111111111111111111111111111111111111100000000100000000000000000000000111110
111111111111111111111111111111111111110000001000000000000000000000000000000000000000000000000000000000000011000000110000000011000000111111111111111111110000000000000000000000000000000000000000000011111100000000100000000000000000000000111110
111111111111111111111111111111111111110000001000000000000000000000000000000000000000000000000000000000000011000000110000000011000000111111111111111111110000000000000000000000000000000000000000000011111100000000111111111000000111111111111110
111111111111111111111111111111111111110000001000000000000000000000000000000000000000000000000000000000000000000000000000000000000000000000000000000000110000000000000000000000000000000000000000000000000000000000000000011000000110000000111110
111111111111111111111111111111111111110000001000000000000000000000000000000000000000000000000000000000000000000000000000000000000000000000000000000000110000000000000000000000000000000000000000000000000000000000000000000000000000000000111110
111111111111111111111111111111111111110000001000000000000000000000000000000000000000000000000000000000000000000000000000000000000000000000000000000000000000000000000000000000000000000000000000000000000000000000000000000000000000000000111110
111111111111111111111111111111111111110000001000000000000000000000000000000000000000000000000000000000000000000000000000000000000000000000000000000000000000000000000000000000000000000000000000000000000000000000000000000000000000000000111110
111111111111111111111111111111111111110000001100000000000011000000000000000000000000000000000000000000000000000000000000000000000000000000000000000000000000000000000000000000000000000000000000000011000000000000000000000000000000000000111110
111111111111111111111111111111111111110000001111111111111111111111110000000000000000000000000000000000000000000000000000000000000000000000000000000000000000000000000000000000000000000000000000000011000000000000000000000000000000000000111110
111100000000000000000000000000000000000000000000000000000000000000000000001100000011110000000000000000000000000000000000000000000000000000000000000000111111111111111111111111000011111111111111111111111100000000000000000000000000000000111110
111100000000000000000000000000000000000000000000000000000000000000000000001100000011110000000000000000000011000000000000000000000000110000000000000000111111111111111111111111000011111111111111111111111100000000000000000000000000000000111110
111100000000000000000000000000000000000000000000000000000000000000000000000000000000111111111111111111111111000000000000000000000000111111111111111111111111111111111111111100000000111111111111111111111111111111111111000011111111111111111110
111100000000000000000000000000000000000000000000000000000000000000000000000000000000111111111111111111111100000000000000000000000000001111111111111111111111111111111111111100000000111111111111111111111111111111111111000011111111111111111110
111100000000000000000000000000000000000000000000000000000000000000000000000000000000111111111111111111111100000000000000000000000000001111111111111111111111111111111111111100000000111111111111111111111111111111111100000000111111111111111110
111100000000000000000000000000000000000000000000000000000000000000000000000000000000111111111111111111111100000000000000000000000000001111111111111111111111111111111111111100000000111111111111111111111111111111111100000000111111111111111110
111100000000000000000000000000000000000000000011111111111111111111111111110000000000111111111111111111111100000000000000000000000000001111111111111111111111111111111111111100000000111111111111111111111111111111111100000000111111111111111110
111100000000000000000000000000000000000000000000000011111111111111111111110000000000111111111111111111111100000000000000000000000000001111111111111111111111111111111111111100000000111111111111111111111111111111111100000000111111111111111110
111100000000000000000000000000000000000000000000000011111111111111111111110000000000111111111111111111111100000000000000000000000000001111111111111111111111111111111111111111000011111111111111111111111111111111111100000000111111111111111110
111100000000000000000000000000000000000000000000000011111111111111111111110000000000111111111111111111111111000000000000000000000000111111111111111111111111111111111111111111000011111111111111111111111111111111111100000000111111111111111110
111100000011111111111100000011111111111111111111111111111111111111111111110000000000111111111111111111111111000000000000000000000000111111111111111111111111111111111111111100000000111111111111111111111111111111111100000000111111111111111110
111100000011111111111100000011111111111111111111111111111111111111111111110000000000111111111111111111111100000000000000000000000000001111111111111111111111111111111111111100000000111111111111111111111111111111111100000000111111111111111110
111100000011111111111100000011111111111111111111111111111111111111111111110000000000111111111111111111111100000000000000000000000000001111111111111111111111111111111111111100000000111111111111111111111111111111111100000000111111111111111110
111100000011111111111100000011111111111111111111111111111111111111111111110000000000111111111111111111111100000000000000000000000000001111111111111111111111111111111111111100000000111111111111111111111111111111111100000000111111111111111110
111100000011111111111100000011111111111111111111111111111111111111111111110000000000111111111111111111111100000000000000000000000000001111111111111111111111111111111111111100000000111111111111111111111111111111111100000000111111111111111110
111100000011111111111100000011111111111111111111111111111111111111111111110000000000111111111111111111111100000000000000000000000000001111111111111111111111111111111111111100000000111111111111111111111111111111111100000000111111111111111110
111100000011111111111100000011111111111111111111111111111111111111111111110000000000111111111111111111111100000000000000000000000000001111111111111111111111111111111111111111000011111111111111111111111111111111111100000000111111111111111110
111100000011111111111100000011111111111111111111111111111111111111111111110000000000111111111111111111111100000000000000000000000000001111111111111111111111111111111111111111000011111111111111111111111111111111111100000000111111111111111110
111100000011111111111100000011111111111111111111111111111111111111111111111100000011111111111111111111111111000000110000000011000000111111111111111111111111111111111111111100000000111111111111111111111111111111111100000000111111111111111110
111100000011111111111100000011111111111111111111111111111111111111111111111100000011111111111111111111111111000000110000000011000000111111111111111111111111111111111111111100000000111111111111111111111111111111111100000000111111111111111110
111100000011111111111100000011111111111111111111111111111111111111111111110000000000111111111111111111111111111111100000000001111111111111111111111111111111111111111111111100000000111111111111111111111111111111111100000000111111111111111110
111100000011111111111100000011111111111111111111111111111111111111111111110000000000111111111111111111111111111111000000000000111111111111111111111111111111111111111111111100000000111111111111111111111111111111111100000000111111111111111110
111100000011111111111100000011111111111111111111111111111111111111111111110000000000111111111111111111111111111111000000000000111111111111111111111111111111111111111111111100000000111111111111111111111111111111111100000000111111111111111110
111100000011111111111100000011111111111111111111111111111111111111111111110000000000111111111111111111111111111111000000000000111111111111111111111111111111111111111111111100000000111111111111111111111111111111111100000000111111111111111110
111100000011110000000000000000000000110000000000000000000000111111111111110000000000111111111111111111111111111111000000000000111111111111111111111111111111111111111111111111000011111111111111111111111111111111111111000011111111111111111110
111100000011110000000000000000000000110000000000000000000000111111111111110000000000111111111111111111111111111111000000000000111111111111111111111111111111111111111111111111000011111111111111111111111111111111111111000011111111111111111110
111100000011000000000000000000000000000000000000000000000000001111111111110000000000111111111111111111111111111111000000000000111111111111111111110000000000000000000000000000000000001111111111111111111111111111111100000000000000001111111110
111100000011000000000000000000000000000000000000000000000000001111111111110000000000111111111111111111111111111111000000000000111111111111111111110000000000000000000000000000000000001111111111111111111111111111111100000000000000001111111110
111100000011000000000000000000000000000000000000000000000000001111111111110000000000111111111111111111111111111111000000000000111111111111111111110000000000000000000000000000000000001111111111111111111111111111111100000000000000001111111110
111100000011000000000000000000000000000000000000000000000000001111111111110000000000111111111111111111111111111111000000000000111111111111111111110000000000000000000000000000000000001111111111111111111111111111111100000000000000001111111110
111100000011110000000000000000000000110000000000000000000000111111111111110000000000111111111111111111111111111111000000000000111111111111111111110000000000000000000000000000000000001111111111111111111111111111111100000000000000001111111110
111100000011110000000000000000000000110000000000000000000000111111111111110000000000111111111111111111111111111111000000000000111111111111111111110000000000000000000000000000000000001111111111111111111111111111111100000000000000001111111110
111100000011111111111111111111111111111111111111111111000000001111111111110000000000111111111111111111111111111111000000000000111111111111111111110000000000000000000000000000000000001111111111111111111111111111111100000000000000001111111110
111100000011111111111111111111111111111111111111111111000000001111111111110000000000111111111111111111111111111111000000000000111111111111111111110000000000000000000000000000000000001111111111111111111111111111111100000000000000001111111110
111100000000000000000000000000000000000000000000000011000000001111111111111100000011111111111111111111111111111111110000000011111111111111111111110000000000111111111111111100000000001111111111111111111111111111111111111111000000001111111110
111100000000000000000000000000000000000000000000000011000000001111111111111100000011111111111111111111111111111111110000000011111111111111111111110000000000111111111111111100000000001111111111111111111111111111111111111111000000001111111110
111100000000100010001000100111001110010000000000000011000000001111111111110000000000000000001111111111111111111111000000000000111111111111111111110000000000111111111111111100000000001111111111111111111111111111111111111111000000001111111110
111100000001000100010001000000000000001000000000000011000000001111111111110000000000000000001111111111111111111111000000000000111111111111111111110000000000111111111111111100000000001111111111111111111111111111111111111111000000001111111110
111100000010001000100010000000000000000100000000000011000000001111111111110000000000000000001111111111111111111111000000000000111111111111111111110000000000111111111111111100000000001111111111111111111111111111111111111111000000001111111110
111100000000000000000000055000000005500000000000000011000000001111111111110000000000000000001111111111111111111111000000000000111111111111111111110000000000111111111111111100000000001111111111111111111111111111111111111111000000001111111110
111100000000000000000000000000000000000000000000000011000000001111111111110000000000000000001111111111111111111111000000000000111111111111111111110000000000111111111111111100000000001111111111111111111111111111111111111111000000001111111110
111100000100010001000100000000000000000010001111111111000000001111111111110000000000000000001111111111111111111111000000000000111111111111111111110000000000111111111111111100000000001111111111111111111111111111111111111111000000001111111110
111100000100010001000100000000000000000010001111100000000000111111111111110000000000000000001111111111111111111111000000000000111111111111111111110000000000111111111111111100000000001111111111111111111111111111111111111111000000000000001110
111100000100010001000100000000001100000010001111100000000000111111111111110000000000000000001111111111111111111111000000000000111111111111111111110000000000111111111111111100000000001111111111111111111111111111111111111111000000000000001110
111100000000000000000000000011111100000000001111100000000001111111111111110000000000000000001111111111111111111111000000000000111111111111111111110000000000111111111111111100000000001111111111111111111111111111111111111111000000000000001110
111100000000000000000000000011111100000000001111000000000001111111111111110000000000000000001111111111111111111111000000000000111111111111111111110000000000111111111111111100000000001111111111111111111111111111111111111111000000000000001110
111100000000000000000000000011111100000000001111000000000001111111111111110000000000000000001111111111111111111111000000000000111111111111111111110000000000111111111111111100000000001111111111111111111111111111111111111111000000000000001110
111100000000000000000000000011111100000000001111100000000001111111111111110000000000000000001111111111111111111111000000000000111111111111111111110000000000111111111111111100000000001111111111111111111111111111111111111111000000000000001110
111100000100010001000100000000001100000010001111100000000000111111111111110000000000000000001111111111111111111111000000000000111111111111111111110000000000111111111111111100000000001111111111111111111111111111111111111111000000000000001110
111100000100010001000100000000000000000010001111100000000000111111111111110000000000000000001111111111111111111111000000000000111111111111111111110000000000111111111111111100000000001111111111111111111111111111111111111111000000000000001110
111100000100010001000100000000000000000010001111111111000000001111111111111100000011000000111111111111111111111111110000000011111111111111111111110000000000000000000000000000000000001111111111111111111111111111111111111111111111000000001110
111100000000000000000000000000000000000000000000000011000000001111111111111100000011000000111111111111111111111111110000000011111111111111111111110000000000000000000000000000000000001111111111111111111111111111111111111111111111000000001110
111100000000000000000000055000000005500000000000000011000000001111111111111111111110000000001111111111111111111111000000000000000000000000000000000000000000000000000000000000000000001111111111111111111111111111111111111111111111000000001110
111100000010001000100010000000000000000100000000000011000000001111111111111111111100000000001111111111111111111111000000000000000000000000000000000000000000000000000000000000000000001111111111111111111111111111111111111111111111000000001110
111100000001000100010001000000000000001000000000000011000000001111111111111111111100000000001111111111111111111111000000000000000000000000000000000000000000000000000000000000000000001111111111111111111111111111111111111111111111000000001110
111100000000100010001000100111001110010000000000000011000000001111111111111111111100000000001111111111111111111111000000000000000000000000000000000000000000000000000000000000000000001111111111111111111111111111111111111111111111000000001110
111100000000000000000000000000000000000000000000000011000000001111111111111111111100000000001111111111111111111111000000000000000000000000000000000000000000000000000000000000000000001111111111111111111111111111111111111111111111000000001110
111100000000000000000000000000000000000000000000000011000000001111111111111111111100000000001111111111111111111111000000000000000000000000000000000000000000000000000000000000000000001111111111111111111111111111111111111111111111000000001110
111100000000000000000000000011111111111111111111111111000000001111111111111111111100000000001111111111111111111111000000000000111111111111111111111111111111111111111111111111111111111111111111111111111111111111111111111111111111000000001110
111100000000000000000000000011111111111111111111111111000000001111111111111111111100000000001111111111111111111111000000000000111111111111111111111111111111111111111111111111111111111111111111111111111111111111111111111111111111000000001110
111100000000000000000000000011110000000000000000000000000000111111111111111111111100000000001111111111111111111111000000000000111111111111111111111111111111111111111111111111111111111111111111111111111111111111111111111111111111000000001110
111100000000000000000000000011110000000000000000000000000000111111111111111111111100000000001111111111111111111111000000000000111111111111111111111111111111111111111111111111111111111111111111111111111111111111111111111111111111000000001110
111100000000000000000000000011000000000000000000000000000000001111111111111111111100000000001111111111111111111111000000000000111111111111111111111111111111111111111111111111111111111111111111111111111111111111111111111111111111000000001110
111100000000000000000000000011000000000000000000000000000000001111111111111111111100000000001111111111111111111111000000000000111111111111111111111111111111111111111111111111111111111111111111111111111111111111111111111111111111000000001110
111100000000000000000000000011000000000000000000000000000000001111111111111111111100000000001111111111111111111111000000000000111111111111111111111111111111111111111111111111111111111111111111111111111111111111111111111111111111000000001110
111100000000000000000000000011000000000000000000000000000000001111111111111111111100000000001111111111111111111111000000000000111111111111111111111111111111111111111111111111111111111111111111111111111111111111111111111111111111000000001110
111111111111111111110000000011110000000000000000000000000000111111111111111111111111000000111111111111111111111111110000000011111111111111111111111111111111111111111111111111111111111111111111111111111111111111111111111111111111000000001110
111111111111111111110000000011110000000000000000000000000000111111111111111111111111000000111111111111111111111111110000000011111111111111111111111111111111111111111111111111111111111111111111111111111111111111111111111111111111000000001110
111111111111111111110000000011111111000000001111111111111111111111111111111111111100000000001111111111111111111111111111111111111111111111111111111111111111111111111111111111111111111111111111111111111111111111111111111111111111000000001110
111111111111111111110000000011111111000000001111111111111111111111111111111111111100000000001111111111111111111111111111111111111111111111111111111111111111111111111111111111111111111111111111111111111111111111111111111111111111000000001110
111111111111111111110000000011111111000000001111111111111111111111111111111111111100000000001111111111111111111111111111111111111111111111111111111111111111111111111111111111111111111111111111111111111111111111111111111111111111000000001110
111111111111111111110000000011111111000000001111111111111111111111111111111111111100000000001111111111111111111111111111111111111111111111111111111111111111111111111111111111111111111111111111111111111111111111111111111111111111000000001110
111111111111111111110000000011111111000000001111111111111111111111111111111111111100000000001111111111111111111111111111111111111111111111111111111111111111111111111111111111111111111111111111111111111111111111111111111111111111000000001110
111111111111111111110000000011111111000000001111111111111111111111111111111111111100000000001111111111111111111111111111111111111111111111111111111111111111111111111111111111111111111111111111111111111111111111111111111111111111000000001110
111111111111111111110000000000000001000000001111111111111111111111111111111111111100000000001111111111111111111111111111111111111111111111111111111111111111000000110000001100000000000000000000000000000000000000000000000000000000000000001110
111111111111111111110000000000000001000000001111111111111111111111111111111111111100000000001111111111111111111111111111111111111111111111111111111111111111000000110000001100000000000000000000000000000000000000000000000000000000000000001110
111111111111111111110000000000000001000000001100000000000000000000111111111111111100000000001111111111111111111111111111111111111111111111111111111111111111000000000000001100000000000000000000000000000000000000000000000000000000000000001110
111111111111111111110000000000000000000000001100000000000000000000111111111111111100000000001111111111111111111111111111111111111111111111111111111111111111000000000000001100000000000000000000000000000000000000000000000000000000000000001110
111111111111111111110000000000000000000000001100001100000000000000111111111111111100000000001111111111111111111111111111111111111111111111111111111111111111000000000000001100000011000000000000000000000000000000000000000000000000000000001110
111111111111111111110000000000000000000000001100000100000000000000111111111111111100000000001111111111111111111111111111111111111111111111111111111111111111000000000000001100000011000000000000000000000000000000000000000000000000000000001110
111111111111111111110000000000000000000000001101000100000000000000111111111111111100000000001111111111111111111111111111111111111111111111111111111111111111000000110000000000000011111111111111111111111111110000111111111111111111000000001110
111111111111111111110000000000000000000000001100001100000001100001111111111111111100000000001111111111111111111111111111111111111111111111111111111111111111000000110000000000000011111111111111111111111111110000111111111111111111000000001110
111111111111111111111111111111111111000000001100000000000001000000001111111111111111000000111100000110000001100000011000000110000001100000011000001100000011000000110000000000000011111111111111111111111111000000111111111111000011000000001110
111111111111111111111111111111111111000000001100000000001111000000001111111111111111000000111100000110000001100000011000000110000001100000011000001100000011000000110000000000000011111111111111111111111111000000111111111111000011000000001110
111111111111111111111111111111111111000000001111111111111111000000001111111111111100000000000000000000000000000000000000000000000000000000000000000000000000000000111111111111111111111111111111111111111111000000111111111111000011000000001110
111111111111111111111111111111111111000000001111111111111111000000001111111111111100000000000000000000000000000000000000000000000000000000000000000000000000000000111111111111111111111111111111111111111111000000111111111111000011000000001110
111111111111111111111111111111111111000000001100001111111111000000001111111111111100000000000000000000000000000000000000000000000000000000000000000000000000000000111111111111111111111111111111111111111111000000111111111111000000000000001110
111111111111111111111111111111111111000000001100001111111111000000001111111111111100000000000000000000000000000000000000000000000000000000000000000000000000000000111111111111111111111111111111111111111111000000000000000000000000000000001110
111111111111111111111111111111111111000000001100001111111111000000001111111111111100000000000000000000000000000000000000000000000000000000000000000000000000000000111111111111111111111111111111111111111111111000000000000000000000000000001110
111111111111111111111111111111111111000000000000000000001111000000001111111111111100000000000000000000000000000000000000000000000000000000000000000000000000000000111111111111111111111111111111111111111111111000000000000000000000000000001110
111111111111111111111111111111111111000000000000000000000111000000001111111111111111111111111111111111111111111111111100001111111111111111111111111111111111111111111111111111111111111111111111111111111111111000000000000000000011111111111110
111111111111111111111111111111111111000000000000000000000011000000001111111111111111111111111111111111111111111111111100001111111111111111111111111111111111111111111111111111111111111111111111111111111111111000000000000000000011111111111110
111111111111111111111111111111111111000000000000000000000001000000001111111111111111111111111111111111111100000000000000000000000000001111111111111111111111111111111111111111111111111111111111111111111111000000000000000000000011111111111110
111111111111111111111111111111111111000000001100000000000001000000001111111111111111111111111111111111111100000000000000000000000000001111111111111111111111111111111111111111111111111111111111111111111111000000000000000000000011111111111110
111111111111111111111111111111111111111111111100000000000001000000001111111111111111111111111111111111111100000000000000000000000000001111111111111111111111111111111111111111111111111111111111111111111111111000001000000000000011111111111110
111111111111111111111111111111111111111111111100000000000001000000001111111111111111111111111111111111111100000000000000000000000000001111111111111111111111111111111111111111111111111111111111111111111111111000000000000000000011111111111110
111111111111111111111111111111111111111111111100000000000001000000001111111111111111111111111111111111111100000000000000000000000000001111111111111111111111111111111111111111111111111111111111111111111111111000001111000001111111111111111110
111111111111111111111111111111111111111111111100000000000000000000001111111111111111111111111111111111111100000000011000000110000000001111111111111111111111111111111111111111111111111111111111111111111111111000111111110001111111111111111110
111111111111111111111111111111111111111111111100000000000000000000001111111111111111111111111111111111111100000000011000000110000000001111111111111111111111111111111111111111111111111111111111111111111111000000111111110001111111111111111110
111111111111111111111111111111111111111111111100000000000000000000001111111111111111111111111111111111111100000000000000000000000000001111111111111111111111111111111111111111111111111111111111111111111111000000001111000001111111111111111110
111111111111111111111111111111111111111111111100000000000000000000001111111111111111111111111111111111111100000000000000000000000000001111111111111111111111111111111111111111111111111111111111111111111111111000011000000001111111111111111110
111111111111111111111111111111111111111111111100000000000000000000001111111111111111111111111111111111111100000000000000000000000000001111111111111111111111111111111111111111111111111111111111111111111111111000011000000001111111111111111110
111111111111111111111111111111111111111111111100000000000000000000001111111111111111111111111111111111111100000000000000000000000000001111111111111111111111111111111111111111111111111111111111111111111111111000000000000000000011111111111110
111111111111111111111111111111111111111111111100000000000000000000001111111111111111111111111111111111111100000000000000000000000000001111111111111111111111111111111111111111111111111111111111111111111111111000000000000000000011111111111110
111111111111111111111111111111111111111111111100000000000000000000001111111111111111111111111111111111111100000000000000000000000000001111111111111111111111111111111111111111111111111111111111111111111111000000000000000000000011111111111110
111111111111111111111111111111111111111111111100000000000000000000001111111111111111111111111111111111111100000000000000000000000000001111111111111111111111111111111111111111111111111111111111111111111111000000000000000000000011111111111110
111111111111111111111111111111111111111111111111111111111111111111111111111111111111111111111111111111111111111111000000000000111111111111111111111111111111111111111111111111111111111111111111111111111111111111111111111111111111111111111110
111111111111111111111111111111111111111111111111111111111111111111111111111111111111111111111111111111111111111111000000000000111111111111111111111111111111111111111111111111111111111111111111111111111111111111111111111111111111111111111110
111111111111111111111111111111111111111111111111111111111111111111111111111111111111111111111111111111111111111111000000000000111111111111111111111111111111111111111111111111111111111111111111111111111111111111111111111111111111111111111110
111111111111111111111111111111111111111111111111111111111111111111111111111111111111111111111111111111111111111111000000000000111111111111111111111111111111111111111111111111111111111111111111111111111111111111111111111111111111111111111110
111111111111111111111111111111111111111111111111111111111111111111111111111111111111111111111111111111111111111111011000000110111111111111111111111111111111111111111111111111111111111111111111111111111111111111111111111111111111111111111110
111111111111111111111111111111111111111111111111111111111111111111111111111111111111111111111111111111111111111111011000000110111111111111111111111111111111111111111111111111111111111111111111111111111111111111111111111111111111111111111110
111111111111111111111111111111111111111111111111111111111111111111111111111111111111111111111111111111111111111111000000000000111111111111111111111111111111111111111111111111111111111111111111111111111111111111111111111111111111111111111110
111111111111111111111111111111111111111111111111111111111111111111111111111111111111111111111111111111111111111111000000000000111111111111111111111111111111111111111111111111111111111111111111111111111111111111111111111111111111111111111110
111111111111111111111111111111111111111111111111111111111111111111111111111111111111111111111111111111111111111111111111111111111111111111111111111111111111111111111111111111111111111111111111111111111111111111111111111111111111111111111110
111111111111111111111111111111111111111111111111111111111111111111111111111111111111111111111111111111111111111111111111111111111111111111111111111111111111111111111111111111111111111111111111111111111111111111111111111111111111111111111110
111111111111111111111111111111111111111111111111111111111111111111111111111111111111111111111111111111111111111111111111111111111111111111111111111111111111111111111111111111111111111111111111111111111111111111111111111111111111111111111110
111111111111111111111111111111111111111111111111111111111111111111111111111111111111111111111111111111111111111111111111111111111111111111111111111111111111111111111111111111111111111111111111111111111111111111111111111111111111111111111110
