000000000000000000000000000000000000000000000000000000000000000000000000000000000000000000000000000000000000000000000000000000000000000000000000000000000000000000000000000000000000000000000000000000000000000000000000000000000000000000000000000000000000000000000000000000000000000000000000000000000000
111111111111111111111111111111111111111111111111111111111111111111111111111111111111111111111111111111111111111111111111111111111111111111111111111111111111111111111111111111111111111111111111111111111111111111111111111111111111111111111111111111111111111111111111111111111111111111111111111111111110
111111111111111111111111111111111111111111111111111111111111111111111111111111111111111111111111111111111111111111111111111111111111111111111111111111111111111111111111111111111111111111111111111111111111111111111111111111111111111111111111111111111111111111111111111111111111111111111111111111111110
111111111111111111111111111111111111111111111111111111111111111111111111111111111111111111111111111111111111111111111111111111111111111111111111111111111111111111111111111111111111111111111111111111111111111111111111111111111111111111111111111111111111111111111111111111111111111111111111111111111110
111111111111111111111111111111111111111111111111111111111111111111111111111111111111111111111111111111111111111111111111111111111111111111111111111111111111111111111111111111111111111111111111111111111111111111111111111111111111111111111111111111111111111111111111111111111111111111111111111111111110
111111111111111111111111111111111111111111111111111111111111111111111111111111111111111111111111111111111111111111111111111111111111111111111111111111111111111111111111111111111111111111111111111111111111111111111111111111111111111111111111111111111111111111111111111111111111111111111111111111111110
111111111111111111111111111111111111111111111111111111111111111111111111111111111111111111111111111111111111111111111111111111111111111111111111000011110000111111111111111111111111111111111111111111111111111111111111111111111111111111111111111111111111111111111111111111111111111111111111111111111110
111111111111111111111111111111111111111111111111111111111111111111111111111111111111111111111111111111111111111111111111111111111111111111111111000011110000111111111111111111111111111111111111111111111111111111111111111111111111111111111111111111111111111111111111111111111111111111111111111111111110
111111111111111111111111111111111111111111111111111111111111111111111111111111111111111111111111111111111111111111111111111111111111111111111100000000000000001111111111111111111111111111111111111111111111111111111111111111111111111111111111111111111111111111111111111111111111111111111111111111111110
111111111111111111111111111111111111111111111111111111111111111111111111111111111111111111111111111111111111111111111111111111111111111111111100000000000000001111111111111111111111111111111111111111111111111111111111111111111111111111111111111111111111111111111111111111111111111111111111111111111110
111111111111111111111111111111111111111111111111111111111111111111111111111111111111111111111111111111111111111111111111111111111111000111111000000000000000000111111000111111111111111111111111111111111111111111111111111111111111111111111111111111111111111111111111111111111111111111111111111111111110
111111111111111111111111111111111111111111111111111111111111111111111111111111111111111111111111111111111111111111111111111111111111000111111000000000000000000111111000111111111111111111111111111111111111111111111111111111111111111111111111111111111111111111111111111111111111111111111111111111111110
111111111111111111111111111111111111111111111111111111111111111111111111111111111111111111111111111111111111111111111111111111000011000110000000000000000000000000011000110000111111111111111111111111111111111111111111111111111111111111111111111111111111111111111111111111111111111111111111111111111110
111111111111111111111111111111111111111111111111111111111111111111111111111111111111111111111111111111111111111111111111111111000011000110000000000000000000000000011000110000111111111111111111111111111111111111111111111111111111111111111111111111111111111111111111111111111111111111111111111111111110
111111111111111111111111111111111111111111111111111111111111111111111111111111111111111111111111111111111111111111111111111111000000000000000000000000000000000000000000000000111111111111111111111111111111111111111111111111111111111111111111111111111111111111111111111111111111111111111111111111111110
111111111111111111111111111111111111111111111111111111111111111111111111111111111111111111111111111111111111111111111111111111000000000000000000000000000000000000000000000000111111111111111111111111111111111111111111111111111111111111111111111111111111111111111111111111111111111111111111111111111110
111111111111111111111111111111111111111111111111111111111111111111111111111111111111111111111111111111111111111111111111111111000000000000000000000000000000000000000000000000111111111111111111111111111111111111111111111111111111111111111111111111111111111111111111111111111111111111111111111111111110
111111111111111111111111111111111111111111111111111111111111111111111111111111111111111111111111111111111111111111111111111111000000000000000000000000000000000000000000000000111111111111111111111111111111111111111111111111111111111111111111111111111111111111111111111111111111111111111111111111111110
111111111111111111111111111111111111111111111111111111111111111111111111111111111111111111111111111111111111111111111111111111111100000000000000000000000000000000000000001111111111111111111111111111111111111111111111111111111111111111111111111111111111111111111111111111111111111111111111111111111110
111111111111111111111111111111111111111111111111111111111111111111111111111111111111111111111111111111111111111111111111111111111100000000000000000000000000000000000000001111111111111111111111111111111111111111111111111111111111111111111111111111111111111111111111111111111111111111111111111111111110
111111111111111111111111111111111111111111111111111111111111111111111111111111111111111111111111111111111111111111111111111111111100000000000000000000000000000000000000001111111111111111111111111111111111111111111111111111111111111111111111111111111111111111111111111111111111111111111111111111111110
111111111111111111111111111111111111111111111111111111111111111111111111111111111111111111111111111111111111111111111111111111111100000000000000000000000000000000000000001111111111111111111111111111111111111111111111111111111111111111111111111111111111111111111111111111111111111111111111111111111110
111111111111111111111100000000000000000000000000000000000000000000000000000000000000000000000000000000000000000000111111111111111111110000000000000000000000000000000011111111111111111111000000000000000000000000000000000000000000000000000000000000000000000000000000000000000000001111111111111111111110
111111111111111111111100000000000000000000000000000000000000000000000000000000000000000000000000000000000000000000111111111111111111110000000000000000000000000000000011111111111111111111000000000000000000000000000000000000000000000000000000000000000000000000000000000000000000001111111111111111111110
111111111111111111111100000000000000000000000000000000000000000000000000000000000000000000000000000000000000000000111111111111111111110000000000000000000000000000000011111111111111111111000000000000000000000000000000000000000000000000000000000000000000000000000000000000000000001111111111111111111110
111111111111111111111100000000000000000000000000000000000000000000000000000000000000000000000000000000000000000000111111111111111111110000000000000000000000000000000011111111111111111111000000000000000000000000000000000000000000000000000000000000000000000000000000000000000000001111111111111111111110
111111111111111111111100000000000000000000000000000000000000000000000000000000000000000000000000000000000000000000111111111111111111111111000000000000000000000000111111111111111111111111000000000000000000000000000000000000000000000000000000000000000000000000000000000000000000001111111111111111111110
111111111111111111111100000000000000000000000000000000000000000000000000000000000000000000000000000000000000000000111111111111111111111111000000000000000000000000111111111111111111111111000000000000000000000000000000000000000000000000000000000000000000000000000000000000000000001111111111111111111110
111111111111111111111100000000000000000000000000000000001111000000000000000000000000000011110000000000000000000000111111111111111111111111000000000000000000000000111111111111111111111111000000000000000000000011110000000000000000000000000000111100000000000000000000000000000000001111111111111111111110
111111111111111111111100000000000000000000000000000000001111000000000000000000000000000011110000000000000000000000111111111111111111111111000000000000000000000000111111111111111111111111000000000000000000000011110000000000000000000000000000111100000000000000000000000000000000001111111111111111111110
111111111111111111111100000000000000000000000000000000001111000000000000000000000000000011110000000000000000000000111111111111111111111111111111000000000000111111111111111111111111111111000000000000000000000011110000000000000000000000000000111100000000000000000000000000000000001111111111111111111110
111111111111111111111100000000000000000000000000000000001111000000000000000000000000000011110000000000000000000000111111111111111111111111111111000000000000111111111111111111111111111111000000000000000000000011110000000000000000000000000000111100000000000000000000000000000000001111111111111111111110
111111111111111111111100000000000000000000000000000000000000000000000000000000000000000000000000000000000000000000111111111111111111111111111100000000000000001111111111111111111111111111000000000000000000000000000000000000000000000000000000000000000000000000000000000000000000001111111111111111111110
111111111111111111111100000000000000000000000000000000000000000000000000000000000000000000000000000000000000000000111111111111111111111111111100000000000000001111111111111111111111111111000000000000000000000000000000000000000000000000000000000000000000000000000000000000000000001111111111111111111110
111111111111111111111100000000000000000000000000000000000000000000000000000000000000000000000000000000000000000000111111111111111111111111111100000000000000001111111111111111111111111111000000000000000000000000000000000000000000000000000000000000000000000000000000000000000000001111111111111111111110
111111111111111111111100000000000000000000000000000000000000000000000000000000000000000000000000000000000000000000111111111111111111111111111111000000000000111111111111111111111111111111000000000000000000000000000000000000000000000000000000000000000000000000000000000000000000001111111111111111111110
111111111111111111111100000000000000000000000000000000000000000000000000000000000000000000000000000000000000000000111111111111111111111111111111000000000000111111111111111111111111111111000000000000000000000000000000000000000000000000000000000000000000000000000000000000000000001111111111111111111110
111111111111111111111100000000000000011111111111111111111111111111111111111111111111111111111111111111111111111111111111111111111111111111111100000000000000001111111111111111111111111111111111111111111111111111111111111111111111111111111111111111111111111111111110000000000000001111111111111111111110
111111111111111111111100000000000000011111111111111111111111111111111111111111111111111111111111111111111111111111111111111111111111111111111100000000000000001111111111111111111111111111111111111111111111111111111111111111111111111111111111111111111111111111111110000000000000001111111111111111111110
111111111111111111111100000000000000011111111111111111111111111111111111111111111111111111111111111111111111111111111111111111111111111111111100000000000000001111111111111111111111111111111111111111111111111111111111111111111111111111111111111111111111111111111110000000000000001111111111111111111110
111111111111111111111100000000000000011111111111111111111111111111111111111111111111111111111111111111111111111111111111111111111111111111111111000000000000111111111111111111111111111111111111111111111111111111111111111111111111111111111111111111111111111111111110000000000000001111111111111111111110
111111111111111111111100000000000000011111111111111111111111111111111111111111111111111111111111111111111111111111111111111111111111111111111111000000000000111111111111111111111111111111111111111111111111111111111111111111111111111111111111111111111111111111111110000000000000001111111111111111111110
111111111111111111111100000000000000011111000000000000000000000000000000000000000000000000000000000000000000000000000000000000000000000000111100000000000000001111000000000000000000000000000000000000000000000000000000000000000000000000000000000000000000000000111110000000000000001111111111111111111110
111111111111111111111100000000000000011111000000000000000000000000000000000000000000000000000000000000000000000000000000000000000000000000000000000000000000000000000000000000000000000000000000000000000000000000000000000000000000000000000000000000000000000000111110000000000000001111111111111111111110
111111111111111111111100000000000000011111000000000000000000000000000000000000000000000000000000000000000000000000000000000000000000000000000000000000000000000000000000000000000000000000000000000000000000000000000000000000000000000000000000000000000000000000111110000000000000001111111111111111111110
111111111111111111111100000000000000011111000000000000000000000000000000000000000000000000000000000000000000000000000000000000000000000000000000000000000000000000000000000000000000000000000000000000000000000000000000000000000000000000000000000000000000000000111110000000000000001111111111111111111110
111111111111111111111100000000000000011111000000000000000000000000000000000000000000000000000000000000000000000000000000000000000000000000000000000000000000000000000000000000000000000000000000000000000000000000000000000000000000000000000000000000000000000000111110000000000000001111111111111111111110
111111111111111111111100000000000000011111000000000000000000000000000000000000000000000000000000000000000000000000000000000000000000000000000000000000000000000000000000000000000000000000000000000000000000000000000000000000000000000000000000000000000000000000111110000000000000001111111111111111111110
111111111111111111111100000000000000011111000000000000000000000000000000000000000000000000000000000000000000000000000000000000000000000000000000110000000011000000000000000000000000000000000000000000000000000000000000000000000000000000000000000000000000000000111110000000000000001111111111111111111110
111111111111111111111100000000000000011111000000000000000000000000000000000000000000000000000000000000000000000000000000000000000000000000100000110000000011000001000000000000000000000000000000000000000000000000000000000000000000000000000000000000000000000000111110000000000000001111111111111111111110
111111111111111111111100000000000000011111000000001111111111111111111111111111111111111111111111111111111111111111111111111111111111111111100000000000000000000001111111111111111111111111111111111111111111111111111111111111111111111111111111111111111100000000111110000000000000001111111111111111111110
111111111111111111111100000000000000011111000000001111111111111111111111111111111111111111111111111111111111111111111111111111111111111111100000000000000000000001111111111111111111111111111111111111111111111111111111111111111111111111111111111111111100000000111110000000000000001111111111111111111110
111111111111111111111100000000000000011111000000001111111111111111111111111111111111111111111111111111111111111111111111111111111111111111100000000000000000000001111111111111111111111111111111111111111111111111111111111111111111111111111111111111111100000000111110000000000000001111111111111111111110
111111111111111111111100000000000000011111000000001111111111111111111111111111111111111111111111111111111111111111111111111111111111111111100000000000000000000001111111111111111111111111111111111111111111111111111111111111111111111111111111111111111100000000111110000000000000001111111111111111111110
111111111111111111111100000000000000011111000000001111111111111111111111111111111111111111111111111111111111111111111111111111111111111111100000000000000000000001111111111111111111111111111111111111111111111111111111111111111111111111111111111111111100000000111110000000000000001111111111111111111110
111111111111111111111100000000000000011111000000001111111111111111111111111111111111111111111111111111111111111111111111111111111111111111100000000000000000000001111111111111111111111111111111111111111111111111111111111111111111111111111111111111111100000000111110000000000000001111111111111111111110
111111111111111111111100000000000000011111000000001111111111111111111111111111111111111111111111111111111111111111111111111111111111111111100000000000000000000001111111111111111111111111111111111111111111111111111111111111111111111111111111111111111100000000111110000000000000001111111111111111111110
111111111111111111111100000000000000011111000000001111111111111111111111111111111111111111111111111111111111111111111111111111111111111111100000000000000000000001111111111111111111111111111111111111111111111111111111111111111111111111111111111111111100000000111110000000000000001111111111111111111110
111111111111111111111100000000000000011111000000001111111111111111111111111111111111111111111111111111111111111111111111111111111111111111100000110000000011000001111111111111111111111111111111111111111111111111111111111111111111111111111111111111111100000000111110000000000000001111111111111111111110
111111111111111111111100000000000000011111000000001111111111111111111111111111111111111111111111111111111111111111111111111111111111111111100000110000000011000001111111111111111111111111111111111111111111111111111111111111111111111111111111111111111100000000111110000000000000001111111111111111111110
111111111111111111111100000000000000011111000000001111111111111111111111111111111111111111111111111111000000000000000000000000111111111111100000000000000000000001111111111100000000000000000000000011111111111111111111111111111111111111111111111111111100000000111110000000000000001111111111111111111110
111111111111111111111100000000000000011111000000001111111111111111111111111111111111111111111111111111000000000000000000000000111111111111100000000000000000000001111111111100000000000000000000000011111111111111111111111111111111111111111111111111111100000000111110000000000000001111111111111111111110
111111111111111111111100000000000000011111000000001111111111111111111111111111111111111111111111111111000011111100001111110000111111111111100000000000000000000001111111111100001111110000111111000011111111111111111111111111111111111111111111111111111100000000111110000000000000001111111111111111111110
111111111111111111111100000000000000011111000000001111111111111111111111111111111111111111111111111111000011111100001111110000111111111111100000000000000000000001111111111100001111110000111111000011111111111111111111111111111111111111111111111111111100000000111110000000000000001111111111111111111110
111111111111111111111100000000000000011111000000000000000011111111111111111111111111111111111111111111000011111100001111110000111111111111100000110000000011000001111111111100001111110000111111000011111111111111111111111111111111111111111111110000000000000000111110000000000000001111111111111111111110
111111111111111111111100000000000000011111000000000000000011111111111111111111111111111111111111111111000011111100001111110000111111111111100000110000000011000001111111111100001111110000111111000011111111111111111111111111111111111111111111110000000000000000111110000000000000001111111111111111111110
111111111111111111111100000000000000011111000000000000000000110111111111000011111111111111111111111111000011111000000111110000111111111111100000000000000000000001111111111100001111100000011111000011111111111111111111111111100000111111111000000000000000000000111110000000000000001111111111111111111110
111111111111111111111100000000000000011111000000000000000000110111100111000011111111111111111111111111000011110000000011110000111111111111100000000000000000000001111111111100001111000000001111000011111111111111111111111111100000111001111000000000000000000000111110000000000000001111111111111111111110
111111111111111111111100000011110000011111000000000000000000000000100111000011111111111111111111111111000000000011110000000000111111111111100000000000000000000001111111111100000000001111000000000011111111111111111111111111100000111001000000000000000000000000111110000011110000001111111111111111111110
111111111111111111111100000011110000011111000000000000000000000000100111000011111111111111111111111111000000000011110000000000111111111111100000000000000000000001111111111100000000001111000000000011111111111111111111111111100000111001000000000000000000000000111110000011110000001111111111111111111110
111111111111111111111100000011110000011111000000001111111100000000000100000011111111111111111111111111000000000011110000000000111111111111100000000000000000000001111111111100000000001111000000000011111111111111111111111111100000000000000000111111111100000000111110000011110000001111111111111111111110
111111111111111111111100000011110000011111000000001111111110000000000000000011111111111111111111111111000000000011110000000000111111111111100000000000000000000001111111111100000000001111000000000011111111111111111111111111100000000000000000111111111100000000111110000011110000001111111111111111111110
111111111111111111111100000000000000011111000000001111111110000000000000000011111111111111111111111111000011110000000011110000111111111111100000000000000000000001111111111100001111000000001111000011111111111111111111111111100000000000000000111111111100000000111110000000000000001111111111111111111110
111111111111111111111100000000000000011111000000001111111110000000000000000011111111111111111111111111000011111000000111110000111111111111100000000000000000000001111111111100001111100000011111000011111111111111111111111111100000000000000000111111111100000000111110000000000000001111111111111111111110
111111111111111111111100000000000000011111000000001111111110000000000000000011111111111111111111111111000011111100001111110000111111111111100000110000000011000001111111111100001111110000111111000011111111111111111111111111100000000000000000111111111100000000111110000000000000001111111111111111111110
111111111111111111111100000000000000011111000000001111111110000000000000000011111111111111111111111111000011111100001111110000111111111111100000110000000011000001111111111100001111110000111111000011111111111111111111111111100000000000000000111111111100000000111110000000000000001111111111111111111110
111111111111111111111100000000000000011111000000001111111110000000000000000011111111111111111111111111000011111100001111110000111111111111100000000000000000000001111111111100001111110000111111000011111111111111111111111111100000000000000000111111111100000000111110000000000000001111111111111111111110
111111111111111111111100000000000000011111000000001111111110000000000000000011111111111111111111111111000011111100001111110000111111111111100000000000000000000001111111111100001111110000111111000011111111111111111111111111100000000000000000111111111100000000111110000000000000001111111111111111111110
111111111111111111111100000000000000011111000000001111111110000000000000000011111111111111111111111111000000000000000000000000111111111111100000000000000000000001111111111100000000000000000000000011111111111111111111111111100000000000000000111111111100000000111110000000000000001111111111111111111110
111111111111111111111100000000000000011111000000001111111111111111111110000011111111111111111111111111000000000000000000000000111111111111100000000000000000000001111111111100000000000000000000000011111111111111111111111111100000111111111111111111111100000000111110000000000000001111111111111111111110
111111111111111111111100000000000000011111000000001111111111111111111111000011111111111111111111111111000000000000000000000000111111111111100000110000000011000001111111111100000000000000000000000011111111111111111111111111110000111111111111111111111100000000111110000000000000001111111111111111111110
111111111111111111111100000000000000011111000000001111111111111111111111000011111111111111111111111111000000000000000000001111111111111111100000110000000011000001111111111111111100000000000000000011111111111111111111111111110000111111111111111111111100000000111110000000000000001111111111111111111110
111111111111111111111100000000000000011111000000001111111111111111111111000011111111111111111111111111000000000000000000000000000000000000100000000000000000000001000000000000000000000000000000000011111111111111111111111111110000111111111111111111111100000000111110000000000000001111111111111111111110
111111111111111111111100000000000000011111000000001111111111111111111111000011111111111111111111111111000000000000000000000000000000000000000000000000000000000000000000000000000000000000000000000011111111111111111111111111110000111111111111111111111100000000111110000000000000001111111111111111111110
111111111111111111111100000000000000011111000000001111111111111111111111000011111111111111111111111111000000000000000000000000000000000000000000000000000000000000000000000000000000000000000000000011111111111111111111111111110000111111111111111111111100000000111110000000000000001111111111111111111110
111111111111111111111100000000000000011111000000001111111111111111111111000011111111111111111111111111000000000000000000000000000000000000000000000000000000000000000000000000000000000000000000000011111111111111111111111111110000111111111111111111111100000000111110000000000000001111111111111111111110
111111111111111111111100000000000000011111000000001111111111111111111111000011111111111111111111111111000000000000000000000000000000000000000000000000000000000000000000000000000000000000000000000011111111111111111111111111110000111111111111111111111100000000111110000000000000001111111111111111111110
111111111111111111111100000000000000011111000000001111111111111111111111000011111111111111111111111111000000000000000000000000000000000000000000000000000000000000000000000000000000000000000000000011111111111111111111111111110000111111111111111111111100000000111110000000000000001111111111111111111110
111111111111111111111100000000000000011111000000000000000011111111111111000011111111111111111111111111000000000000000000000000000000000000000000000000000000000000000000000000000000000000000000000011111111111111111111111111110000111111111111110000000000000000111110000000000000001111111111111111111110
111111111111111111111100000000000000011111000000000000000011111111111111000011111111111111111111111111000000000000000000000000000000000000100000000000000000000001000000000000000000000000000000000011111111111111111111111111110000111111111111110000000000000000111110000000000000001111111111111111111110
111111111111111111111100000000000000011111000000000000000000110111111111000011111111111111111111111111000000000000000000001111111111111111100000110000000011000001111111111111111100000000000000000011111111111111111111111111100000111111111000000000000000000000111110000000000000001111111111111111111110
111111111111111111111100000000000000011111000000000000000000110111100111000011111111111111111111111111000000000000000000000000111111111111100000110000000011000001111111111100000000000000000000000011111111111111111111111111100000111001111000000000000000000000111110000000000000001111111111111111111110
111111111111111111111100000000000000011111000000000000000000000000100111000011111111111111111111111111000000000000000000000000111111111111100000000000000000000001111111111100000000000000000000000011111111111111111111111111100000111001000000000000000000000000111110000000000000001111111111111111111110
111111111111111111111100000000000000011111000000000000000000000000100111000011111111111111111111111111000000000000000000000000111111111111100000000000000000000001111111111100000000000000000000000011111111111111111111111111100000111001000000000000000000000000111110000000000000001111111111111111111110
111111111111111111111100000000000000011111000000001111111100000000000100000011111111111111111111111111000000000000000000000000111111111111100000000000000000000001111111111100000000000000000000000011111111111111111111111111100000000000000000111111111100000000111110000000000000001111111111111111111110
111111111111111111111100000000000000011111000000001111111110000000000100000011111111111111111111111111000000000000000000000000111111111111100000000000000000000001111111111100000000000000000000000011111111111111111111111111100000000000000000111111111100000000111110000000000000001111111111111111111110
111111111111111111111100000000000000011111000000001111111110000000000000000011111111111111111111111111000000000000000000000000111111111111100000000000000000000001111111111100000000000000000000000011111111111111111111111111100000000000000000111111111100000000111110000000000000001111111111111111111110
111111111111111111111100000000000000011111000000001111111110000000000000000011111111111111111111111111000000000000000000000000111111111111111111111111111111111111111111111100000000000000000000000011111111111111111111111111100000000000000000111111111100000000111110000000000000001111111111111111111110
111111111111111111111100000000000000011111000000001111111110000000000000000011111111111111111111111111111111111111111111111111111111111111111111111111111111111111111111111111111111111111111111111111111111111111111111111111100000000000000000111111111100000000111110000000000000001111111111111111111110
111111111111111111111100000000000000011111000000001111111110000000000000000011111111111111111111111111111111111111111111111111111111111111111111111111111111111111111111111111111111111111111111111111111111111111111111111111100000000000000000111111111100000000111110000000000000001111111111111111111110
111111111111111111111100000011110000011111000000001111111110000000000000000011111111111111111111111111111111111111111111111111111111111111111111111111111111111111111111111111111111111111111111111111111111111111111111111111100000000000000000111111111100000000111110000011110000001111111111111111111110
111111111111111111111100000011110000011111000000001111111110000000000000000011111111111111111111111111111111111111111111111111111111111111111111111111111111111111111111111111111111111111111111111111111111111111111111111111100000000000000000111111111100000000111110000011110000001111111111111111111110
111111111111111111111100000011110000011111000000001111111110000000000000000011111111111111111111111111111111111111111111111111111111111111111111111111111111111111111111111111111111111111111111111111111111111111111111111111100000000000000000111111111100000000111110000011110000001111111111111111111110
111111111111111111111100000011110000011111000000001111111111111111111110000011111111111111111111111111111111111111111111111111111111111111111111111111111111111111111111111111111111111111111111111111111111111111111111111111100000111111111111111111111100000000111110000011110000001111111111111111111110
111111111111111111111100000000000000011111000000001111111111111111111111000011111111111111111111111111111111111111111111111111111111111111111111111111111111111111111111111111111111111111111111111111111111111111111111111111110000111111111111111111111100000000111110000000000000001111111111111111111110
111111111111111111111100000000000000011111000000001111111111111111111111000011111111111111111111111111111111111111111111111111111111111111111111111111111111111111111111111111111111111111111111111111111111111111111111111111110000111111111111111111111100000000111110000000000000001111111111111111111110
111111111111111111111100000000000000011111000000001111111111111111111111000011111111111111111111111111111111111111111111111111111111111111111111111111111111111111111111111111111111111111111111111111111111111111111111111111110000111111111111111111111100000000111110000000000000001111111111111111111110
111111111111111111111100000000000000011111000000001111111111111111111111000011111111111111111111111111111111111111111111111111111111111111111111111111111111111111111111111111111111111111111111111111111111111111111111111111110000111111111111111111111100000000111110000000000000001111111111111111111110
111111111111111111111100000000000000011111000000001111111111111111111111000011111111111111111111111111111111111111111111111111111111111111111111111111111111111111111111111111111111111111111111111111111111111111111111111111110000111111111111111111111100000000111110000000000000001111111111111111111110
111111111111111111111100000000000000011111000000001111111111111111111111000011111111111111111111111111111111111111111111111111111111111111111111111111111111111111111111111111111111111111111111111111111111111111111111111111110000111111111111111111111100000000111110000000000000001111111111111111111110
111111111111111111111100000000000000011111000000001111111111111111111111000011111111111111111111111111111111111111111111111111111111111111111111111111111111111111111111111111111111111111111111111111111111111111111111111111110000111111111111111111111100000000111110000000000000001111111111111111111110
111111111111111111111100000000000000011111000000001111111111111111111111000011111111111111111111111111111111111111111111111111111111111111111111111111111111111111111111111111111111111111111111111111111111111111111111111111110000111111111111111111111100000000111110000000000000001111111111111111111110
111111111111111111111100000000000000011111000000000000000011111111111111000011111111111111111111111111111111111111111111111111111111111111111111111111111111111111111111111111111111111111111111111111111111111111111111111111110000111111111111110000000000000000111110000000000000001111111111111111111110
111111111111111111111100000000000000011111000000000000000011111111111111000011111111111111111111111111111111111111111111111111111111111111111111111111111111111111111111111111111111111111111111111111111111111111111111111111110000111111111111110000000000000000111110000000000000001111111111111111111110
111111111111111111111100000000000000011111000000000000000000110111111111000011111111111111111111111111111111111111111111111111111111111111111111111111111111111111111111111111111111111111111111111111111111111111111111111111100000111111111000000000000000000000111110000000000000001111111111111111111110
111111111111111111111100000000000000011111000000000000000000110111100111000011111111111111111111111111111111111111111111111111111111111111111111111111111111111111111111111111111111111111111111111111111111111111111111111111100000111001111000000000000000000000111110000000000000001111111111111111111110
111111111111111111111100000000000000011111000000000000000000000000100111000011111111111111111111111111111111111111111111111111111111111111111111111111111111111111111111111111111111111111111111111111111111111111111111111111100000111001000000000000000000000000111110000000000000001111111111111111111110
111111111111111111111100000000000000011111000000000000000000000000100111000011111111111111111111111111111111111111111111111111111111111111111111111111111111111111111111111111111111111111111111111111111111111111111111111111100000111001000000000000000000000000111110000000000000001111111111111111111110
111111111111111111111100000000000000011111000000001111111100000000000100000011111111111111111111111111111111111111111111111111111111111111111111111111111111111111111111111111111111111111111111111111111111111111111111111111100000000000000000111111111100000000111110000000000000001111111111111111111110
111111111111111111111100000000000000011111000000001111111110000000000100000011111111111111111111111111111111111111111111111111111111111111111111111111111111111111111111111111111111111111111111111111111111111111111111111111100000000000000000111111111100000000111110000000000000001111111111111111111110
111111111111111111111100000000000000011111000000001111111110000000000000000011111111111111111111111111111111111111111111111111111111111111111111111111111111111111111111111111111111111111111111111111111111111111111111111111100000000000000000111111111100000000111110000000000000001111111111111111111110
111111111111111111111100000000000000011111000000001111111110000000000000000011111111111111111111111111111111111111111111111111111111111111111111111111111111111111111111111111111111111111111111111111111111111111111111111111100000000000000000111111111100000000111110000000000000001111111111111111111110
111111111111111111111100000000000000011111000000001111111110000000000000000011111111111111111111111111111111111111111111111111111111111111111111111111111111111111111111111111111111111111111111111111111111111111111111111111100000000000000000111111111100000000111110000000000000001111111111111111111110
111111111111111111111100000000000000011111000000001111111110000000000000000011111111111111111111111111111111111111111111111111111111111111111111111111111111111111111111111111111111111111111111111111111111111111111111111111100000000000000000111111111100000000111110000000000000001111111111111111111110
111111111111111111111100000000000000011111000000001111111110000000000000000011111111111111111111111111111111100000000000000000000000000000001111000000000000111100000000000000000000000000000001111111111111111111111111111111100000000000000000111111111100000000111110000000000000001111111111111111111110
111111111111111111111100000000000000011111000000001111111110000000000000000011111111111111111111111111111111100000000000000000000000000000001111000000000000111100000000000000000000000000000001111111111111111111111111111111100000000000000000111111111100000000111110000000000000001111111111111111111110
111111111111111111111100000000000000011111000000001111111110000000000000000011111111111111111111111111111111100000111001110000000000000000000000000000000000000000000000000000000011100111000001111111111111111111111111111111100000000000000000111111111100000000111110000000000000001111111111111111111110
111111111111111111111100000000000000011111000000001111111111111111111110000011111111111111111111111111111111100000000000000000000000000000000000000000000000000000000000000000000000000000000001111111111111111111111111111111100000111111111111111111111100000000111110000000000000001111111111111111111110
111111111111111111111100000000000000011111000000001111111111111111111111111111111111111111111111111111111111100000000000000000000000000000000000000000000000000000000000000000000000000000000001111111111111111111111111111111111111111111111111111111111100000000111110000000000000001111111111111111111110
111111111111111111111100000000000000011111000000001111111111111111111111111111111111111111111111111111111111100000000000000000000000000000000000001011110100000000000000000000000000000000000001111111111111111111111111111111111111111111111111111111111100000000111110000000000000001111111111111111111110
111111111111111111111100000000000000011111000000001111111111111111111111111111111111111111111111111111111111100000111001110000001111111111100000000011110000000001111111111100000011100111000001111111111111111111111111111111111111111111111111111111111100000000111110000000000000001111111111111111111110
111111111111111111111100000000000000011111000000001111111111111111111111111111111111111111111111111111111111100000000000000000001111111111100000000001100000000001111111111100000000000000000001111111111111111111111111111111111111111111111111111111111100000000111110000000000000001111111111111111111110
111111111111111111111100000000000000011111000000001111111111111111111111111111111111111111111111111111111111100000000000000000001111111111100000000000000000000001111111111100000000000000000001111111111111111111111111111111111111111111111111111111111100000000111110000000000000001111111111111111111110
111111111111111111111100000000000000011111000000001111111111111111111111111111111111111111111111111111111111100000000000000000001111111111100000001000000100000001111111111100000000000000000001111111111111111111111111111111111111111111111111111111111100000000111110000000000000001111111111111111111110
111111111111111111111100000000000000011111000000001111111111111111111111111111111111111111111111111111111111100000000000000000001111111111100000001000000100000001111111111100000000000000000001111111111111111111111111111111111111111111111111111111111100000000111110000000000000001111111111111111111110
111111111111111111111100000000000000011111000000001111111111111111111111111111111111111111111111111111111111100000000000000000001111111111100000001000000100000001111111111100000000000000000001111111111111111111111111111111111111111111111111111111111100000000111110000000000000001111111111111111111110
111111111111111111111100000000000000011111000000001111111111111111111111111111111111111111111111111111111111111111111111111111111111111111100000001000000100000001111111111111111111111111111111111111111111111111111111111111111111111111111111111111111100000000111110000000000000001111111111111111111110
111111111111111111111100000000000000011111000000001111111111111111111111111111111111111111111111111111111111111111111111111111111111111111111111111000000111111111111111111111111111111111111111111111111111111111111111111111111111111111111111111111111100000000111110000000000000001111111111111111111110
111111111111111111111111000011111111111111000000001111111111111111111111111111111111111111111111111111111111111111111111111111111111111111111111111000000111111111111111111111111111111111111111111111111111111111111111111111111111111111111111111111111100000000111111111111110000111111111111111111111110
111111111111111111111111000011111111111111000000001111111111111111111111111111111111111111111111111111111111111111111111111111111111111111111111111000000111111111111111111111111111111111111111111111111111111111111111111111111111111111111111111111111100000000111111111111110000111111111111111111111110
111111111111111111111111000011111111111111000000001111111111111111111111111111111111111111111111111111111111111111111111111111111111111111111111111000000111111111111111111111111111111111111111111111111111111111111111111111111111111111111111111111111100000000111111111111110000111111111111111111111110
111111111111111111111111000011111111111111000000001111111111111111111111111111111111111111111111111111111111111111111111111111111111111111111111111000000111111111111111111111111111111111111111111111111111111111111111111111111111111111111111111111111100000000111111111111110000111111111111111111111110
111111111111111111111111000011111111111111000000001111111111111111111111111111111111111111111111111111111111111111111111111111111111111111111111111000000111111111111111111111111111111111111111111111111111111111111111111111111111111111111111111111111100000000111111111111110000111111111111111111111110
111111111111111111111111000011111111111111000000001111111111111111111111111111111111111111111111111111111111111111111111111111111111111111100000000000000000000001111111111111111111111111111111111111111111111111111111111111111111111111111111111111111100000000111111111111110000111111111111111111111110
111111111111111111111111000011111111111111000000001111111111111111111111111111111111111111111111111111111111111111111111111111111111111111100000000000000000000001111111111111111111111111111111111111111111111111111111111111111111111111111111111111111100000000111111111111110000111111111111111111111110
111111111111111111111111000011111111111111000000001111111111111111111111111111111111111111111111111111111111111111111111111111111111111111100000000000000000000001111111111111111111111111111111111111111111111111111111111111111111111111111111111111111100000000111111111111110000111111111111111111111110
111111111111111111111111000011111111111111000000001111111111111111111111111111111111111111111111111111111111111111111111111111111111111111100000000000000000000001111111111111111111111111111111111111111111111111111111111111111111111111111111111111111100000000111111111111110000111111111111111111111110
111111111111111111111111000011111111111111000000001111111111111111111111111111111111111111111111111111111111111111111111111111111111111111100000000000000000000001111111111111111111111111111111111111111111111111111111111111111111111111111111111111111100000000111111111111110000111111111111111111111110
111111111100000000000000000000000000000000000000000000000000000000000000000000000000000000000000000000000000000000000000000000001111111111100000000000000000000001111111111100000000000000000000000000000000000000000000000000000000000000000000000000000000000000000000000000000000000000000000001111111110
111111111100000000000000000000000000000000000000000000000000000000000000000000000000000000000000000000000000000000000000000000001111111111100000000000000000000001111111111100000000000000000000000000000000000000000000000000000000000000000000000000000000000000000000000000000000000000000000001111111110
111111110000000000000000000000000000000000000000000000000000000000000000000000000000000000000000000000000000000000000000000000000000000000100000000000000000000001000000000000000000000000000000000000000000000000000000000000000000000000000000000000000000000000000000000000000000000000000000000011111110
111111110000000000000000000000000000000000000000000000000000000000000000000000000000000000000000000000000000000000000000000000000000000000000000000000000000000000000000000000000000000000000000000000000000000000000000000000000000000000000000000000000000000000000000000000000000000000000000000011111110
111111000000000000000000000000000000000000000000000000000000000000000000000000000000000000000000000000000000000000000000000000000000000000000000000000000000000000000000000000000000000000000000000000000000000000000000000000000000000000000000000000000000000000000000000000000000000000000000000000111110
111111000000000000000000000000000000000000000000000000000000000000000000000000000000000000000000000000000000000000000000000000000000000000000000000000000000000000000000000000000000000000000000000000000000000000000000000000000000000000000000000000000000000000000000000000000000000000000000000000111110
111111000000000000000000000000000000000000000000000000000000000000000000000000000000000000000000000000000000000000000000000000000000000000000000000000000000000000000000000000000000000000000000000000000000000000000000000000000000000000000000000000000000000000000000000000000000000000000000000000111110
111111000000000000000000000000000000000000000000000000000000000000000000000000000000000000000000000000000000000000000000000000000000000000000000000000000000000000000000000000000000000000000000000000000000000000000000000000000000000000000000000000000000000000000000000000000000000000000000000000111110
111111110000000000000000000000000000000000000000000000000000000000000000000000000000000000000000000000000000000000000000000000000000000000000000000000000000000000000000000000000000000000000000000000000000000000000000000000000000000000000000000000000000000000000000000000000000000000000000000011111110
111111110000000000000000000000000000000000000000000000000000000000000000000000000000000000000000000000000000000000000000000000000000000000100000000000000000000001000000000000000000000000000000000000000000000000000000000000000000000000000000000000000000000000000000000000000000000000000000000011111110
111111111100000000000000000000000000000000000000000000000000000000000000000000000000000000000000000000000000000000000000000000001111111111100000000000000000000001111111111100000000000000000000000000000000000000000000000000000000000000000000000000000000000000000000000000000000000000000000001111111110
111111111100000000000000000000000000000000000000000000000000000000000000000000000000000000000000000000000000000000000000000000001111111111100000000000000000000001111111111100000000000000000000000000000000000000000000000000000000000000000000000000000000000000000000000000000000000000000000001111111110
111111111111111111111111000011111111111111000000001111111111111111111111111111111111111111111111111111111111111111111111111111111111111111100000000000000000000001111111111111111111111111111111111111111111111111111111111111111111111111111111111111111100000000111111111111110000111111111111111111111110
111111111111111111111111000011111111111111000000001111111111111111111111111111111111111111111111111111111111111111111111111111111111111111100000000000000000000001111111111111111111111111111111111111111111111111111111111111111111111111111111111111111100000000111111111111110000111111111111111111111110
111111111111111111111111000011111111111111000000001111111111111111111111111111111111111111111111111111111111111111111111111111111111111111100000000000000000000001111111111111111111111111111111111111111111111111111111111111111111111111111111111111111100000000111111111111110000111111111111111111111110
111111111111111111111111000011111111111111000000001111111111111111111111111111111111111111111111111111111111111111111111111111111111111111100000000000000000000001111111111111111111111111111111111111111111111111111111111111111111111111111111111111111100000000111111111111110000111111111111111111111110
111111111111111111111111000011111111111111000000001111111111111111111111111111111111111111111111111111111111111111111111111111111111111111100000000000000000000001111111111111111111111111111111111111111111111111111111111111111111111111111111111111111100000000111111111111110000111111111111111111111110
111111111111111111111111000011111111111111000000001111111111111111111111111111111111111111111111111111111111111111111111111111111111111111111111111000000111111111111111111111111111111111111111111111111111111111111111111111111111111111111111111111111100000000111111111111110000111111111111111111111110
111111111111111111111111000011111111111111000000001111111111111111111111111111111111111111111111111111111111111111111111111111111111111111111111110000000011111111111111111111111111111111111111111111111111111111111111111111111111111111111111111111111100000000111111111111110000111111111111111111111110
111111111111111111111111000011111111111111000000001111111111111111111111111111111111111111111111111111111111111111111111111111111111111111111111110000000011111111111111111111111111111111111111111111111111111111111111111111111111111111111111111111111100000000111111111111110000111111111111111111111110
111111111111111111111111000011111111111111000000001111111111111111111111111111111111111111111111111111111111111111111111111111111111111111111111110000000011111111111111111111111111111111111111111111111111111111111111111111111111111111111111111111111100000000111111111111110000111111111111111111111110
111111111111111111111111000011111111111111000000001111111111111111111111111111111111111111111111111111111111111111111111111111111111111111111111110000000011111111111111111111111111111111111111111111111111111111111111111111111111111111111111111111111100000000111111111111110000111111111111111111111110
111111111111111111111100000000000000011111000000001111111111111111111111111111111111111111111111111111111111111100000000000000001111111111111111110000000011111111111111111100000000000000001111111111111111111111111111111111111111111111111111111111111100000000111110000000000000001111111111111111111110
111111111111111111111100000000000000011111000000001111111111111111111111111111111111111111111111111111111111111100000000000000001111111111111111110000000011111111111111111100000000000000001111111111111111111111111111111111111111111111111111111111111100000000111110000000000000001111111111111111111110
111111111111111111111100000000000000011111000000001111111111111111111111111111111111111111111111111111111111111100110000000011001111111111111111110000000011111111111111111100110000000011001111111111111111111111111111111111111111111111111111111111111100000000111110000000000000001111111111111111111110
111111111111111111111100000000000000011111000000001111111111111111111111111111111111111111111111111111111111111100110000000011001111111111111111110000000011111111111111111100110000000011001111111111111111111111111111111111111111111111111111111111111100000000111110000000000000001111111111111111111110
111111111111111111111100000000000000011111000000001111111111111111111111111111111111111111111111111111111111111100000000000000001111111111111111110000000011111111111111111100000000000000001111111111111111111111111111111111111111111111111111111111111100000000111110000000000000001111111111111111111110
111111111111111111111100000000000000011111000000001000000000000000000000000000000000000000000000000111111111111100000000000000001111111111111111110000000011111111111111111100000000000000001111111111111000000000000000000000000000000000000000000000000100000000111110000000000000001111111111111111111110
111111111111111111111100000000000000011111000000001000000000000000000000000000000000000000000000000111111111111100000000000000001111111111111111110000000011111111111111111100000000000000001111111111111000000000000000000000000000000000000000000000000100000000111110000000000000001111111111111111111110
111111111111111111111100000000000000011111000000001000000000000000000000000000000000000000000000000111111111111100000000000000001111111111111111110000000011111111111111111100000000000000001111111111111000000000000000000000000000000000000000000000000100000000111110000000000000001111111111111111111110
111111111111111111111100000000000000011111000000001000000000000000000000000000000000000000000000000111111111111100000000000000000000000000000000010000000010000000000000000000000000000000001111111111111000000000000000000000000000000000000000000000000100000000111110000000000000001111111111111111111110
111111111111111111111100000000000000011111000000001000000000000000000000000000000000000000000000000111111111111100000000000000000000000000000000010000000010000000000000000000000000000000001111111111111000000000000000000000000000000000000000000000000100000000111110000000000000001111111111111111111110
111111111111111111111100000000000000011111000000001000000000000000000000001111000000000000000000000111111111111100000000000000000000000000000000010000000010000000000000000000000000000000001111111111111000000000000000000000111100000000000000000000000100000000111110000000000000001111111111111111111110
111111111111111111111100000000000000011111000000001000000000000000000000001111000000000000000000000111111111111100000000000000000000000000000000010000000010000000000000000000000000000000001111111111111000000000000000000000111100000000000000000000000100000000111110000000000000001111111111111111111110
111111111111111111111100000000000000011111000000001000000000000000000000001111000000000000000000000111111111111100110000000011001111111111000000010000000010000000111111111100110000000011001111111111111000000000000000000000111100000000000000000000000100000000111110000000000000001111111111111111111110
111111111111111111111100000000000000011111000000001111111100000000000000001111000000000000000000000111111111111100110000000011001111111111000000010000000010000000111111111100110000000011001111111111111000000000000000000000111100000000000000001111111100000000111110000000000000001111111111111111111110
111111111111111111111100000000000000011111000000000000000000000000000000000000000000000000000000000111111111111100000000000000001111111111000000000000000000000000111111111100000000000000001111111111111000000000000000000000000000000000000000000000000000000000111110000000000000001111111111111111111110
111111111111111111111100000000000000011111000000000000000000000000000000000000000000000000000000000111111111111100000000000000001111111111000000000000000000000000111111111100000000000000001111111111111000000000000000000000000000000000000000000000000000000000111110000000000000001111111111111111111110
111111111111111111111100000000000000011111000000000000000000000000000000000000000000000000000000000111111111111111111111111111111111111111000000000000000000000000111111111111111111111111111111111111111000000000000000000000000000000000000000000000000000000000111110000000000000001111111111111111111110
111111111111111111111100000000000000011111000000000000000000000000000000000000000000000000000000000111111111111111111111111111111111111111000000000000000000000000111111111111111111111111111111111111111000000000000000000000000000000000000000000000000000000000111110000000000000001111111111111111111110
111111111111111111111100000000000000011111000000001111111100000000000000000000000000000000000000000111111111111111111111111111111111111111000000000000000000000000111111111111111111111111111111111111111000000000000000000000000000000000000000001111111100000000111110000000000000001111111111111111111110
111111111111111111111100000000000000011111000000001111111111111111111111111111111111111110000000000111111111111111111111111111111111111111000000000000000000000000111111111111111111111111111111111111111000000000011111111111111111111111111111111111111100000000111110000000000000001111111111111111111110
111111111111111111111100000000000000011111000000001111111111111111111111111111111111111110000000000111111111111111111111111111111111111111000000000000000000000000111111111111111111111111111111111111111000000000011111111111111111111111111111111111111100000000111110000000000000001111111111111111111110
111111111111111111111100000000000000011111000000001111111111111111111111111111111111111110000000000111111111111111111111111111111111111111000000000000000000000000111111111111111111111111111111111111111000000000011111111111111111111111111111111111111100000000111110000000000000001111111111111111111110
111111111111111111111100000000000000011111000000001111111111111111111111111111111111111110000000000111111111111111111111111111111111111111000000000000000000000000111111111111111111111111111111111111111000000000011111111111111111111111111111111111111100000000111110000000000000001111111111111111111110
111111111111111111111100000000000000011111000000001111111111111111111111111111111111111110000000000111111111111111111111111111111111111111000000000000000000000000111111111111111111111111111111111111111000000000011111111111111111111111111111111111111100000000111110000000000000001111111111111111111110
111111111111111111111100000000000000011111000000001111111111111111111111111111111111111110000000000111111111111111111111111111110000000000000000000000000000000000000000000011111111111111111111111111111000000000011111111111111111111111111111111111111100000000111110000000000000001111111111111111111110
111111111111111111111100000000000000011111000000001111111111111111111111111111111111111110000000000111111111111111111111111111110000000000000000110000000011000000000000000011111111111111111111111111111000000000011111111111111111111111111111111111111100000000111110000000000000001111111111111111111110
111111111111111111111100000011110000011111000000001111111111111111111111111111111111111110000000000111111111111111001111111100000000000000000000110000000011000000000000000000000000000111111111111111111000000000011111111111111111111111111111111111111100000000111110000011110000001111111111111111111110
111111111111111111111100000011110000011111000000001111111111111111111111111111111111111110000000000111111111111111001111111100000000000000000000000000000000000000000000000000000000000111111111111111111000000000011111111111111111111111111111111111111100000000111110000011110000001111111111111111111110
111111111111111111111100000011110000011111000000001111111111111111111111111111111111111110001111000111111111111111000011110000000000000000000000000000000000000000000000000000000000000000111111111111111000111100011111111111111111111111111111111111111100000000111110000011110000001111111111111111111110
111111111111111111111100000011110000011111000000001111111111111111111111111111111111111110001111000111111111111111000000000000000000000000000000000000000000000000000000000000000000000110111111111111111000111100011111111111111111111111111111111111111100000000111110000011110000001111111111111111111110
111111111111111111111100000000000000011111000000001111111110000000000000000011111111111110001111000111111111111111000000000000001111111111000000110000000011000000111111111100000000000000111111111111111000111100011111111111111111111111111111111111111100000000111110000000000000001111111111111111111110
111111111111111111111100000000000000011111000000001111111110000000000000000011111111111110001111000111111111111111000000000000011111111111000000110000000011000000111111111110000000000000111111111111111000111100011111111111111111111111111111111111111100000000111110000000000000001111111111111111111110
111111111111111111111100000000000000011111000000001111111110001000100010000011111111111110000000000111111111111111000000011000011111111111000000110000000011000000111111111110000000000000111111111111111000000000011111111111111111111111111111111111111100000000111110000000000000001111111111111111111110
111111111111111111111100000000000000011111000000001111111110000000000000000011111111111110000000000111111111111111001100011100011111111111000000010000000010000000111111111110000000000000111111111111111000000000011111111111111111111111111111111111111100000000111110000000000000001111111111111111111110
111111111111111111111100000000000000011111000000001111111110011101110111000011111111111110000000000111111111111111001001101100011111111111000000010000000010000000111111111110000000000000111111111111111000000000011111000000000000000000000000111111111100000000111110000000000000001111111111111111111110
111111111111111111111100000000000000011111000000001111111110011101110111000011111111111110000000000111111111111111001001100000011111111111000000010000000010000000111111111110000000000000111111111111111000000000011111000000000000000000000000111111111100000000111110000000000000001111111111111111111110
111111111111111111111100000000000000011111000000001111111110011101110111000011111111111110000000000111111111111111001001100000011111111111000000110000000011000000111111111110000000000000111111111111111000000000011111000000000000000000000011111111111100000000111110000000000000001111111111111111111110
111111111111111111111100000000000000011111000000001111111110011101110111000011111111111110000000000111111111111111001001101000011111111111000000110000000011000000111111111110000000000000111111111111111000000000011111000000000000000000000011111111111100000000111110000000000000001111111111111111111110
111111111111111111111100000000000000011111000000001111111110000000000000000011111111111110000000000111111111111111001101111100011111111111111111110000000011111111111111111110000000000000111111111111111000000000011111000011111100000000000011111111111100000000111110000000000000001111111111111111111110
111111111111111111111100000000000000011111000000001111111110001000100010000011111111111110000000000111111111111111000000111100011111111111111111110000000011111111111111111110000000000000111111111111111000000000011111000010000100000001110011111111111100000000111110000000000000001111111111111111111110
111111111111111111111100000000000000011111000000001111111110001000100010000011111111111110000000000111111111111111000000011000011111111111111111110000000011111111111111111110000000000000111111111111111000000000011111000000000000000001110000111111111100000000111110000000000000001111111111111111111110
111111111111111111111100000000000000011111000000001111111110000000000000000011111111111110000000000111111111111111000000000000011111111111111111110000000011111111111111111110000000000000111111111111111000000000011111000011111100000001111100111111111100000000111110000000000000001111111111111111111110
111111111111111111111100000000000000011111000000001111111110011101110111000011111111111110000000000111111111111111000000000000011111111111111111000000000000111111111111111110000000000000111111111111111000000000011111000011111100000001111100111111111100000000111110000000000000001111111111111111111110
111111111111111111111100000000000000011111000000001111111110011101110111000011111111111110000000000111111111111111111111111111111111111111111111000000000000111111111111111111111111111111111111111111111000000000011111000000000000000001110000111111111100000000111110000000000000001111111111111111111110
111111111111111111111100000000000000011111000000001111111110011101110111000011111111111110001111000111111111111111111111111111111111111111111100000000000000001111111111111111111111111111111111111111111000111100011111000010000100000001110011111111111100000000111110000000000000001111111111111111111110
111111111111111111111100000000000000011111000000001111111110011101110111000011111111111110001111000111111111111111111111111111111111111111111100000000000000001111111111111111111111111111111111111111111000111100011111000011111100000000000011111111111100000000111110000000000000001111111111111111111110
111111111111111111111100000000000000011111000000001111111110000000000000000011111111111110001111000111111111111111111111111111111111111111110000000000000000000011111111111111111111111111111111111111111000111100011111000000000000000000000011111111111100000000111110000000000000001111111111111111111110
111111111111111111111100000000000000011111000000001111111110001000100010000011111111111110001111000111111111111111111111111111111111111111110000000000000000000011111111111111111111111111111111111111111000111100011111000000000000000000000011111111111100000000111110000000000000001111111111111111111110
111111111111111111111100000000000000011111000000001111111110000000000000000000111111111110000000000111111111111111111111111111111111111111001111000000000000111100111111111111111111111111111111111111111000000000011111000000000000000000000000111111111100000000111110000000000000001111111111111111111110
111111111111111111111100000000000000011111000000001111111110000000000000000000111111111110000000000111111111111111111111111111111111111111001111000000000000111100111111111111111111111111111111111111111000000000011111000000000000000000000000111111111100000000111110000000000000001111111111111111111110
111111111111111111111100000000000000011111000000001111111110000000111111111111111111111110000000000111111111111111111111111111111111111111001111000000000000111100111111111111111111111111111111111111111000000000011111000011111111111110000111111111111100000000111110000000000000001111111111111111111110
111111111111111111111100000000000000011111000000001111111110000000111111111111111111111110000000000111111111111111111111111111111111111111001111000000000000111100111111111111111111111111111111111111111000000000011111000011111111111100000011111111111100000000111110000000000000001111111111111111111110
111111111111111111111100000000000000011111000000001111111110000000000000000000111111111110000000000111111111111111111111111111111111111111000000000000000000000000111111111111111111111111111111111111111000000000011111000011111111111100000000111111111100000000111110000000000000001111111111111111111110
111111111111111111111100000000000000011111000000001111111110000000000000000000111111111110000000000111111111111111111111111111111111111111000000000000000000000000111111111111111111111111111111111111111000000000011111000011111111111100000000111111111100000000111110000000000000001111111111111111111110
111111111111111111111100000000000000011111000000001111111110000000000000000000111111111110000000000111111111111111111111111111111111111111000000000000000000000000111111111111111111111111111111111111111000000000011111000011111111111100000000001111111100000000111110000000000000001111111111111111111110
111111111111111111111100000000000000011111000000001111111110000000000000000000111111111110000000000111111111111111111111111111111111111111000000000000000000000000111111111111111111111111111111111111111000000000011111000011111111111100000000001111111100000000111110000000000000001111111111111111111110
111111111111111111111100000000000000011111000000001111111110000000000011100000111111111110000000000111111111111111111111111111111111111111001111000000000000111100111111111111111111111111111111111111111000000000011111110011111111111111110000001111111100000000111110000000000000001111111111111111111110
111111111111111111111100000000000000011111000000001111111110000000000111101000111111111110000000000000000000000000000000000001111111111111001111000000000000111100111111111111100000000000000000000000000000000000011111110011111111111111110000001111111100000000111110000000000000001111111111111111111110
111111111111111111111100000011110000011111000000001111111110000000000111101000111111111110000000000000000000000000000000000001111111111111001111000000000000111100111111111111100000000000000000000000000000000000011111001000001111111111111100000000000000000000111110000011110000001111111111111111111110
111111111111111111111100000011110000011111000000001111111110000000000011100000111111111110000000000000000000000000000000000001111111111111001111000000000000111100111111111111100000000000000000000000000000000000011111001100011111111111111100000000000000000000111110000011110000001111111111111111111110
111111111111111111111100000011110000011111000000001111111100000000000000000000111111111110000000000000000000000000000000000001111111111111000000000000000000000000111111111111100000000000000000000000000000000000011111000000011111111111111111000000000000000000111110000011110000001111111111111111111110
111111111111111111111100000011110000011111000000001111111100000000000000000000111111111110000000000000000000000000000000000001111111111111000000000000000000000000111111111111100000000000000000000000000000000000011111000000001111111111111111000000000000000000111110000011110000001111111111111111111110
111111111111111111111100000000000000011111000000010000000000000000000000000000111111111110000000000000000000001111000000000001111111111111000000000000000000000000111111111111100000000000111100000000000000000000011111000000000011111111111111111111111100000000111110000000000000001111111111111111111110
111111111111111111111100000000000000011111000000000000000000000000000000000000111111111110000000000000000000001111000000000001111111111111000000000000000000000000111111111111100000000000111100000000000000000000011111000000000111111111111111111111111100000000111110000000000000001111111111111111111110
111111111111111111111100000000000000011111000000000000000000000000000011100000111111111110000000000000000000001111000000000001111111111111001111000000000000111100111111111111100000000000111100000000000000000000011111000000000011111111111111111111111100000000111110000000000000001111111111111111111110
111111111111111111111100000000000000011111000000000000000000000000000111101000111111111110000000000000000000001111000000000001111111111111001111000000000000111100111111111111100000000000111100000000000000000000011111000000001111111111111111111111111100000000111110000000000000001111111111111111111110
111111111111111111111100000000000000011111000000000000000000000000000111101000111111111110000000000000000000000000000000000001111111111111001111000000000000111100111111111111100000000000000000000000000000000000011111000000001111111111111111111111111100000000111110000000000000001111111111111111111110
111111111111111111111100000000000000011111000000010000000000000000000011100000111111111110000000000000000000000000000000000001111111111111001111000000000000111100111111111111100000000000000000000000000000000000011111000000000011111111111111111111111100000000111110000000000000001111111111111111111110
111111111111111111111100000000000000011111000000001111111100000000000000000000111111111110000000000000000000000000000000000001111111111111000000000000000000000000111111111111100000000000000000000000000000000000011111000000000111111111111111111111111100000000111110000000000000001111111111111111111110
111111111111111111111100000000000000011111000000001111111100000000000000000000111111111110000000000000000000000000000000000001111111111111000000000000000000000000111111111111100000000000000000000000000000000000011111000000000011111111111111111111111100000000111110000000000000001111111111111111111110
111111111111111111111100000000000000011111000000001111111100000000000000000000111111111110000000000000000000000000000000000001111111111111000000000000000000000000111111111111100000000000000000000000000000000000011111000000000011111111111111111111111100000000111110000000000000001111111111111111111110
111111111111111111111100000000000000011111000000001111111100111111111111111111111111111111111111111111111111110000111111111111111111111111000000000000000000000000111111111111111111111111000011111111111111111111111111000111111111111111111111111111111100000000111110000000000000001111111111111111111110
111111111111111111111100000000000000011111000000001111111111111111111111111111111111111111111111111111111111110000111111111111111111111111001111000000000000111100111111111111111111111111000011111111111111111111111111111111111111111111111111111111111100000000111110000000000000001111111111111111111110
111111111111111111111100000000000000011111000000001111111111111111111111111111111111111111111111111111111111110000111111111111111111111111001111000000000000111100111111111111111111111111000011111111111111111111111111111111111111111111111111111111111100000000111110000000000000001111111111111111111110
111111111111111111111100000000000000011111000000001111111111111111111111111111111111111111111111111111111111110000111111111111111111111111001111000000000000111100111111111111111111111111000011111111111111111111111111111111111111111111111111111111111100000000111110000000000000001111111111111111111110
111111111111111111111100000000000000011111000000001111111111111111111111111111111111111111111111111111111111110000111111111111111111111111001111000000000000111100111111111111111111111111000011111111111111111111111111111111111111111111111111111111111100000000111110000000000000001111111111111111111110
111111111111111111111100000000000000011111000000001111111111111111111111111111111111111111111111111111111111110000111111111111111111111111000000000000000000000000111111111111111111111111000011111111111111111111111111111111111111111111111111111111111100000000111110000000000000001111111111111111111110
111111111111111111111100000000000000011111000000001111111111111111111111111111111111111111111111111111111111110000111111111111111111111111000000000000000000000000111111111111111111111111000011111111111111111111111111111111111111111111111111111111111100000000111110000000000000001111111111111111111110
111111111111111111111100000000000000011111000000001111111111111111111111111111111111111111111111111111111111110000111111111111111111111111000000000000000000000000111111111111111111111111000011111111111111111111111111111111111111111111111111111111111100000000111110000000000000001111111111111111111110
111111111111111111111100000000000000011111000000001111111111111111111111111111111111111111111111111111111111110000111111111111111111111111000000000000000000000000111111111111111111111111000011111111111111111111111111111111111111111111111111111111111100000000111110000000000000001111111111111111111110
111111111111111111111100000000000000011111000000000000000000000000000000000000000000000000000000000000000000000000000000000000000000000000001111000000000000111100000000000000000000000000000000000000000000000000000000000000000000000000000000000000000000000000111110000000000000001111111111111111111110
111111111111111111111100000000000000011111000000000000000000000000000000000000000000000000000000000000000000000000000000000000000000000000001111000000000000111100000000000000000000000000000000000000000000000000000000000000000000000000000000000000000000000000111110000000000000001111111111111111111110
111111111111111111111100000000000000011111000000000000000000000000000000000000000000000000000000000000000000000000000000000000000000000000001111000000000000111100000000000000000000000000000000000000000000000000000000000000000000000000000000000000000000000000111110000000000000001111111111111111111110
111111111111111111111100000000000000011111000000000000000000000000000000000000000000000000000000000000000000000000000000000000000000000000001111000000000000111100000000000000000000000000000000000000000000000000000000000000000000000000000000000000000000000000111110000000000000001111111111111111111110
111111111111111111111100000000000000011111000000000000000000000000000000000000000000000000000000000000000000000000000000000000000000000000000000000000000000000000000000000000000000000000000000000000000000000000000000000000000000000000000000000000000000000000111110000000000000001111111111111111111110
111111111111111111111100000000000000011111000000000000000000000000000000000000000000000000000000000000000000000000000000000000000000000000000000000000000000000000000000000000000000000000000000000000000000000000000000000000000000000000000000000000000000000000111110000000000000001111111111111111111110
111111111111111111111100000000000000011111000000000000000000000000000000000000000000000000000000000000000000000000000000000000000000000000000000000000000000000000000000000000000000000000000000000000000000000000000000000000000000000000000000000000000000000000111110000000000000001111111111111111111110
111111111111111111111100000000000000011111000000000000000000000000000000000000000000000000000000000000000000000000000000000000000000000000000000000000000000000000000000000000000000000000000000000000000000000000000000000000000000000000000000000000000000000000111110000000000000001111111111111111111110
111111111111111111111100000000000000011111111111111111111111111111111111111111111111111111111111111111111111111111111111111111111111111111000000000000000000000000111111111111111111111111111111111111111111111111111111111111111111111111111111111111111111111111111110000000000000001111111111111111111110
111111111111111111111100000000000000011111111111111111111111111111111111111111111111111111111111111111111111111111111111111111111111111111000000000000000000000000111111111111111111111111111111111111111111111111111111111111111111111111111111111111111111111111111110000000000000001111111111111111111110
111111111111111111111100000000000000011111111111111111111111111111111111111111111111111111111111111111111111111111111111111111111111111111000000000000000000000000111111111111111111111111111111111111111111111111111111111111111111111111111111111111111111111111111110000000000000001111111111111111111110
111111111111111111111100000000000000011111111111111111111111111111111111111111111111111111111111111111111111111111111111111111111111111111000000000000000000000000111111111111111111111111111111111111111111111111111111111111111111111111111111111111111111111111111110000000000000001111111111111111111110
111111111111111111111100000000000000011111111111111111111111111111111111111111111111111111111111111111111111111111111111111111111111111111000000000000000000000000111111111111111111111111111111111111111111111111111111111111111111111111111111111111111111111111111110000000000000001111111111111111111110
111111111111111111111100000000000000000000000000000000000000000000000000000000000000000000000000000000000000000000111111111111111111111111000000000000000000000000111111111111111111111111000000000000000000000000000000000000000000000000000000000000000000000000000000000000000000001111111111111111111110
111111111111111111111100000000000000000000000000000000000000000000000000000000000000000000000000000000000000000000111111111111111111111111000000000000000000000000111111111111111111111111000000000000000000000000000000000000000000000000000000000000000000000000000000000000000000001111111111111111111110
111111111111111111111100000000000000000000000000000000000000000000000000000000000000000000000000000000000000000000111111111111111111111111000000000000000000000000111111111111111111111111000000000000000000000000000000000000000000000000000000000000000000000000000000000000000000001111111111111111111110
111111111111111111111100000000000000000000000000000000000000000000000000000000000000000000000000000000000000000000111111111111111111111111000000000000000000000000111111111111111111111111000000000000000000000000000000000000000000000000000000000000000000000000000000000000000000001111111111111111111110
111111111111111111111100000000000000000000000000000000000000000000000000000000000000000000000000000000000000000000111111111111111111111111011000000000000000001100111111111111111111111111000000000000000000000000000000000000000000000000000000000000000000000000000000000000000000001111111111111111111110
111111111111111111111100000000000000000000000000000000001111000000000000000000000000000011110000000000000000000000111111111111111111111111011000000000000000001100111111111111111111111111000000000000000000000011110000000000000000000000000000111100000000000000000000000000000000001111111111111111111110
111111111111111111111100000000000000000000000000000000001111000000000000000000000000000011110000000000000000000000111111111111111111111111000000000000000000000000111111111111111111111111000000000000000000000011110000000000000000000000000000111100000000000000000000000000000000001111111111111111111110
111111111111111111111100000000000000000000000000000000001111000000000000000000000000000011110000000000000000000000111111111111111111111111000000000000000000000000111111111111111111111111000000000000000000000011110000000000000000000000000000111100000000000000000000000000000000001111111111111111111110
111111111111111111111100000000000000000000000000000000001111000000000000000000000000000011110000000000000000000000111111111111111111111111000000000000000000000000111111111111111111111111000000000000000000000011110000000000000000000000000000111100000000000000000000000000000000001111111111111111111110
111111111111111111111100000000000000000000000000000000000000000000000000000000000000000000000000000000000000000000111111111111111111111111000000000000000000000000111111111111111111111111000000000000000000000000000000000000000000000000000000000000000000000000000000000000000000001111111111111111111110
111111111111111111111100000000000000000000000000000000000000000000000000000000000000000000000000000000000000000000111111111111111111111111011000000000000000001100111111111111111111111111000000000000000000000000000000000000000000000000000000000000000000000000000000000000000000001111111111111111111110
111111111111111111111100000000000000000000000000000000000000000000000000000000000000000000000000000000000000000000111111111111111111111111011000000000000000001100111111111111111111111111000000000000000000000000000000000000000000000000000000000000000000000000000000000000000000001111111111111111111110
111111111111111111111100000000000000000000000000000000000000000000000000000000000000000000000000000000000000000000111111111111111111111111000000000000000000000000111111111111111111111111000000000000000000000000000000000000000000000000000000000000000000000000000000000000000000001111111111111111111110
111111111111111111111100000000000000000000000000000000000000000000000000000000000000000000000000000000000000000000111111111111111111111111000000000000000000000000111111111111111111111111000000000000000000000000000000000000000000000000000000000000000000000000000000000000000000001111111111111111111110
111111111111111111111100000000000000000000000000000000000000000000000000000000000000000000000000000000000000000000111111111111111111111111000000000000000000000000111111111111111111111111000000000000000000000000000000000000000000000000000000000000000000000000000000000000000000001111111111111111111110
111111111111111111111111111111111111111111111111111111111111111111111111111111111111111111111111111111111111111111111111111111111111111111000000000000000000000000111111111111111111111111111111111111111111111111111111111111111111111111111111111111111111111111111111111111111111111111111111111111111110
111111111111111111111111111111111111111111111111111111111111111111111111111111111111111111111111111111111111111111111111111111111111111111011000000000000000001100111111111111111111111111111111111111111111111111111111111111111111111111111111111111111111111111111111111111111111111111111111111111111110
111111111111111111111111111111111111111111111111111111111111111111111111111111111111111111111111111111111111111111111111111111111111111111011000000000000000001100111111111111111111111111111111111111111111111111111111111111111111111111111111111111111111111111111111111111111111111111111111111111111110
111111111111111111111111111111111111111111111111111111111111111111111111111111111111111111111111111111111111111111111111111111111111111111000000000000000000000000111111111111111111111111111111111111111111111111111111111111111111111111111111111111111111111111111111111111111111111111111111111111111110
111111111111111111111111111111111111111111111111111111111111111111111111111111111111111111111111111111111111111111111111111111111111110000000000000000000000000000000011111111111111111111111111111111111111111111111111111111111111111111111111111111111111111111111111111111111111111111111111111111111110
111111111111111111111111111111111111111111111111111111111111111111111111111111111111111111111111111111111111111111111111111111111111110000111100000000000000001111000011111111111111111111111111111111111111111111111111111111111111111111111111111111111111111111111111111111111111111111111111111111111110
111111111111111111111111111111111111111111111111111111111111111111111111111111111111111111111111111111111111111111111111111111111111110000111100000000000000001111000011111111111111111111111111111111111111111111111111111111111111111111111111111111111111111111111111111111111111111111111111111111111110
111111111111111111111111111111111111111111111111111111111111111111111111111111111111111111111111111111111111111111111111111111111111110000000000000000000000000000000011111111111111111111111111111111111111111111111111111111111111111111111111111111111111111111111111111111111111111111111111111111111110
111111111111111111111111111111111111111111111111111111111111111111111111111111111111111111111111111111111111111111111111111111111100000000000000000000000000000000000000001111111111111111111111111111111111111111111111111111111111111111111111111111111111111111111111111111111111111111111111111111111110
111111111111111111111111111111111111111111111111111111111111111111111111111111111111111111111111111111111111111111111111111111111100000000111100000000000000000000000000001111111111111111111111111111111111111111111111111111111111111111111111111111111111111111111111111111111111111111111111111111111110
111111111111111111111111111111111111111111111111111111111111111111111111111111111111111111111111111111111111111111111111111111111100000000111100000000000000001111000000001111111111111111111111111111111111111111111111111111111111111111111111111111111111111111111111111111111111111111111111111111111110
111111111111111111111111111111111111111111111111111111111111111111111111111111111111111111111111111111111111111111111111111111111100000000111100000000000000001111000000001111111111111111111111111111111111111111111111111111111111111111111111111111111111111111111111111111111111111111111111111111111110
111111111111111111111111111111111111111111111111111111111111111111111111111111111111111111111111111111111111111111111111111111000000000000111100000000000000001111000000000000111111111111111111111111111111111111111111111111111111111111111111111111111111111111111111111111111111111111111111111111111110
111111111111111111111111111111111111111111111111111111111111111111111111111111111111111111111111111111111111111111111111111111000000000000000000000000000000000000000000000000111111111111111111111111111111111111111111111111111111111111111111111111111111111111111111111111111111111111111111111111111110
111111111111111111111111111111111111111111111111111111111111111111111111111111111111111111111111111111111111111111111111111111000000000000000000000000000000000000000000000000111111111111111111111111111111111111111111111111111111111111111111111111111111111111111111111111111111111111111111111111111110
111111111111111111111111111111111111111111111111111111111111111111111111111111111111111111111111111111111111111111111111111111000000000000000000000000000000000000000000000000111111111111111111111111111111111111111111111111111111111111111111111111111111111111111111111111111111111111111111111111111110
111111111111111111111111111111111111111111111111111111111111111111111111111111111111111111111111111111111111111111111111111111111111111111111111111111111111111111111111111111111111111111111111111111111111111111111111111111111111111111111111111111111111111111111111111111111111111111111111111111111110
111111111111111111111111111111111111111111111111111111111111111111111111111111111111111111111111111111111111111111111111111111111111111111111111111111111111111111111111111111111111111111111111111111111111111111111111111111111111111111111111111111111111111111111111111111111111111111111111111111111110
111111111111111111111111111111111111111111111111111111111111111111111111111111111111111111111111111111111111111111111111111111111111111111111111111111111111111111111111111111111111111111111111111111111111111111111111111111111111111111111111111111111111111111111111111111111111111111111111111111111110
111111111111111111111111111111111111111111111111111111111111111111111111111111111111111111111111111111111111111111111111111111111111111111111111111111111111111111111111111111111111111111111111111111111111111111111111111111111111111111111111111111111111111111111111111111111111111111111111111111111110
111111111111111111111111111111111111111111111111111111111111111111111111111111111111111111111111111111111111111111111111111111111111111111111111111111111111111111111111111111111111111111111111111111111111111111111111111111111111111111111111111111111111111111111111111111111111111111111111111111111100
111111111111111111111111111111111111111111111111111111111111111111111111111111111111111111111111111111111111111111111111111111111111111111111111111111111111111111111111111111111111111111111111111111111111111111111111111111111111111111111111111111111111111111111111111111111111111111111111111111111100
