33333333333333333333333333333333333333333333333333333333333333333333333333333333333333333333333333333333333333333333333333333333333333333333333333333333333333333333333333333333333333333333333333333333
11111111111111111111111111111111111111111111111111111111111111111111111111111111111111111111111111111111111111111111111111111111111111111111111111111111111111111111111111111111111111111111111111111113
11111111111111111111111111111111111111111111111111111111111111111111111111111111111111111111111111111111111111111111111111111111111111111111111111111111111111111111111111111111111111111111111111111113
11111111111111111111111111111111111111111111111111111111111111111111111111111111111111111111111111111111111111111111111111111111111111111111111111111111111111111111111111111111111111111111111111111113
11111111111111111111111111111111111111111111111111111111111111111111111111111111111111111111111111111111111111111111111111111111111111111111111111111111111111111111111111111111111111111111111111111113
11111111111111111111111111111111111111111111111111111111111111111111111111111111111111111111111111111111111111111111111111111111111111111111111111111111111111111111111111111111111111111111111111111113
11111111111111111111111111111111111111111111111111111111111111111111111111111111111111111111111111111111111111111111111111111111111111111111111111111111111111111111111111111111111111111111111111111113
11111111111111111111111111111111111111111111111111111111111111111111111111111111111111111111111111111111111111111111111111111111111111111111111111111111111111111111111111111111111111111111111111111113
11111111111111111111111111111111111111111111111111111111111111111111111111111111111111111111111111111111111111111111111111111111111111111111111111111111111111111111111111111111111111111111111111111113
11111111111111111111111111111111111111111111111111111111111111111111111111111111111111111111111111111111111111111111111111111111111111111111111111111111111111111111111111111111111111111111111111111113
11111111111111111111111111111111111111111111111111111111111111111111111111111111111111111111111111111111111111111111111111111111111111111111111111111111111111111111111111111111111111111111111111111113
11111111111111111111111111111111111111111111111111111111111111111111111111111111111111111111111111111111111111111111111111111111111111111111111111111111111111111111111111111111111111111111111111111113
11111111111111111111111111111111111111111111111111111111111111111111111111111111111111111111111111111111111111111111111111111111111111111111111111111111111111111111111111111111111111111111111111111113
11111111111111111111111111111111111111111111111111111111111111111111111111111111111111111111111111111111111111111111111111111111111111111111111111111111111111111111111111111111111111111111111111111113
11111111111111111111111111111111111111111111111111111111111111111111111111111111111111111111111111111111111111111111111111111111111111111111111111111111111111111111111111111111111111111111111111111113
11111111111111111111111111111111111111111111111111111111111111111111111111111111111111111111111111111111111111111111111111111111111111111111111111111111111111111111111111111111111111111111111111111113
11111111111111111111111111111111111111111111111111111111111111111111111111111111111111111111111111111111111111111111111111111111111111111111111111111111111111111111111111111111111111111111111111111113
11111111111111111111111111111111111111111111111111111111111111111111111111111111111111111111111111111111111111111111111111111111111111111111111111111111111111111111111111111111111111111111111111111113
11111111111111111111111111111111111111111111111111111111111111111111111111111111111111111111111111111111111111111111111111111111111111111111111111111111111111111111111111111111111111111111111111111113
11111111111111111111111111111111111111111111111111111111111111111111111111111111111111111111111111111111111111111111111111111111111111111111111111111111111111111111111111111111111111111111111111111113
11111111111111111111111111111111111111111111111111111111111111111111111111111111111111111111111111111111111111111111111111111111111111111111111111111111111111111111111111111111111111111111111111111113
11111111111111111111111111111111111111111111111111111111111111111111111111111111111111111111111111111111111111111111111111111111111111111111111111111111111111111111111111111111111111111111111111111113
11111111111111111111111111111111111111111111111111111111111111111111111111111111111111111111111111111111111111111111111111111111111111111111111111111111111111111111111111111111111111111111111111111113
11111111111111111111111111111111111111111111111111111111111111111111111111111111111111111111111111111111111111111111111111111111111111111111111111111111111111111111111111111111111111111111111111111113
11111111111111111111111111111111111111111111111111111111111111133333333333555555333333333355111111111111111111111111333333333333333333333333111111111111111111111111111111111111111111111111111111111113
11111111111111111111111111111111111111111111111111111111111111133555355533555555533333333355111111111111111111111111313333333333333333333533111111111111111111111111111111111111111111111111111111111113
11111111111111111111111111111111111111111111111111111111111111333555555533333555553333333333111111111111111111111111333333333555555555333533111111111111111111111111111111111111111111111111111111111113
11111111111111111111111111111111111111111111111111111111111111333555535533333355555555533333111111111111111111111111333333333555555555333333111111111111111111111111111111111111111111111111111111111113
11111111111111111111111111111111111111111111111111111111111133355553333333333333333355333333311111111111111111111113333333333353333555333333311111111111111111111111111111111111111111111111111111111113
11111111111111111111111111111111111111111111111111111111111133355333333333333333333333333333311111111111111111111111333333333333333333333333311111111111111111111111111111111111111111111111111111111113
11111111111111111111111111111111111111111111111111111111113333333333333333333333333333333333333111111111111111111113333333333333333333333553331111111111111111111111111111111111111111111111111111111113
11111111111111111111111111111111111111111111111111111113333333333333333333333333333333333333333333333553333333111113333333333333333333113555333311111111111111111111111111111111111111111111111111111113
11111111111111111111111111111111111111111111111111111113333333333333333333333333333333333333333333333353335533311155333333333333333331113355333333311111111111111111111111111111111111111111111111111113
11111111111111111111111111111111111111111111111111111133333333333333333333333333333333333333333333333333333553333533333333333333355331113335533333331111111111111111111111111111111111111111111111111113
11111111111111111111111111111111111111111111111111113333333333333333333333333333333333333333333333333333333333333333333333333333555333333335553553331111111111111111111111111111111111111111111111111113
11111111111111111111111111111111111111111111111111113333333333333333333333333333333333333333333333333333333333333333333333333333555333333333553533331111111111111111111111111111111111111111111111111113
11111111111111111111111111111111111111111111111111133333333333333333311113333333333333333333333333333331133333333333333333333333355333333333553533333111111111111111111111111111111111111111111111111113
11111111111111111111111111111111111111111111111111133333333333333333311113333333333333333333333333333311113333333333333333333333353333333333533333333111111111111111111111111111111111111111111111111113
11111111111111111111111111111111111111111111111111333333333333333333311133333333333333333333333333333311111333333333333333333333333333333333333333333331111111111111111111111111111111111111111111111113
11111111111111111111111111111111111111111111111113333333333333333333331335533333333333333333333333333331133333333333333333333333333555333333333333333333331111111111111111111111111111111111111111111113
11111111111111111111111111111111111111111111111133333333333333333333333333333333333333333333333333333333333333333333555333333333333555333333333333333333333333311111111111111111111111111111111111111113
11111111111111111111111111111111111111111111113333333333333333333333333333333333333333333333333333333333333333333335553333333333333333333333333333333333333333311111111111111111111111111111111111111113
11111111111111111111111111111111111111111111333333333333333333333333333333333333333333333333333333333333333333333335553333333333333333333333333333333333333333333111111111111111111111111111111111111113
11111111111111111111111111111111111111111111333333333333333333333333333333333333333333333333333333333333333333333335555333333333333333333333333333333333333333333111111111111111111111111111111111111113
11111111111111111111111111111111111111111111333333333333333333333333333333333333333333333333333333333333333333333333555533333333333333333333333333333333333333333111111111111111111111111111111111111113
11111111111111111111111111111111111111111111333333333333333333333333333333333333333333333333333553355333333333333333355333333333333333333333333333333333333333333111111111111111111111111111111111111113
11111111111111111111111111111111111111111111333333311111111113333333333333333333333333333333333553555533333333333333553333333333333333333333333333333333333333333111111111111111111111111111111111111113
11111111111111111111111111111111111111111111333333311111111113333333333333333333333333333333333333355555533333333333333333333333333333333333333333333333333333333111111111111111111111111111111111111113
11111111111111111111111111111111111111111111333333311111111113333333333333333333333333333333333333335555533333333333333333333333333333333333333333333333333111111111111111111111111111111111111111111113
11111111111111111111111111111111111111111111333333311111111113333333333333333333333333333333533333333333333333333333333333333333333333333333333333333333333111111111111111111111111111111111111111111113
11111111111111111111111111111111111111111111333333111111111111333333333333333333333333333335533333333333333333333333533333333333333333333333333333333333333111111111111111111111111111111111111111111113
11111111111111111111111111111111111111111111333333111111111111333333333333333333333333333335533333333333333333333333333333355335553333333333111111333333333111111111111111111111111111111111111111111113
11111111111111111111111111111111111111111111333333111111111113333333333333333333333333333333553333333333333333333333333333355555553333333331111111133333333311111111111111111111111111111111111111111113
11111111111111111111111111111111111111111111333333111111111113333333333333333333333333333333553333333333333333333333333333333553333333333331111111133333333311111111111111111111111111111111111111111113
11111111111111111111111111111111111111111111333333311111111113333333333333333333333333333333333333333333333333333333333333333333333333333311111111113333335111111111111111111111111111111111111111111113
11111111111111111111111111111111111111111111333333331111111333333333333333333333333333333333333333333333333333333333333333333333333333333311111111111333335111111111111111111111111111111111111111111113
11111111111111111111111111111111111111111111333333331111333333333333333333333333333333333333333333333333333333333333333333333333333333333311111111111333355111111111111111111111111111111111111111111113
11111111111111111111111111111111111111111111333333333333333333333333333333333333333333333333333333333333333333333333333333333333333333333311111111111333355111111111111111111111111111111111111111111113
11111111111111111111111111111111111111111111333333333333333333333333333333333333333333333333333333333333333333333333333333333333333333333331111111113333355111111111111111111111111111111111111111111113
11111111111111111111111111111111111111111111333333333333333333333333333333333333333333333333333333333333333333333333333333333333333333333331111111133333355111111111111111111111111111111111111111111113
11111111111111111111111111111111111111111111333333333333333333333333333333333333333333333333333333333333333333333333333333333333333333333333311113333333355111111111111111111111111111111111111111111113
11111111111111111111111111111111111111111113333333333333333333333333333333333333333333333333333333333333333333333333333333333333333333333333333333333333335111111111111111111111111111111111111111111113
11111111111111111111111111111111111111111133333333333333333333333333333333333333333333311111133333333311111111333333333333333333333333333333333333333333335111111111111111111111111111111111111111111113
11111111111111111111111111111111111111113333333333333333333333333333333333333333333333111111113333333111111111333333333333333333333333333333333333333333333311111111111111111111111111111111111111111113
11111111111111111111111111111111111133333333333333333333333333333333333333333333333331111111111333333111111111133333333333333333333333333333333333333333333311111111111111111111111111111111111111111113
11111111111111111111111111111111111133333333333333333333333333333333333333333333333331111111111133331111111111133333333333333333333333333333333333333333333311111111111111111111111111111111111111111113
11111111111111111111111111111111111133333333333333333333333333333333333333333333333311111111111133331111111111133333333333333333333333333333333333333333333311111111111111111111111111111111111111111113
11111111111111111111111111111111111133333333333333333333333333333333333333333333333311111111111133331111111111113333333333333333333333333333333333333333333311111111111111111111111111111111111111111113
11111111111111111111111111111111111111333333333333333333333333333333333333333333333311111111111133331111111111113333333333333333333333333333333333333553333331111111111111111111111111111111111111111113
11111111111111111111111111111111111111333333333333333333333333333333333333333333333111111111111133331111111111111333333333333333333333333333333333333553333331111111111111111111111111111111111111111113
11111111111111111111111111111111111133333333333333333333333333333333333333333311111111111111111133331111111111111111113333333333333333333333333333333333333333111111111111111111111111111111111111111113
11111111111111111111111111111111111333333333333333333333333333333333333333333111111111111111111133331111111111111111111333333333333333333333333333333333333333111111111111111111111111111111111111111113
11111111111111111111111111111111133333333333333333333333333333333333333333333111111111111111111133331111111111111111111133333333333333333333333333333333333333111111111111111111111111111111111111111113
11111111111111111111111111111111333333333333333333333333333333333333333333331111111111111111111133331111111111111111111133333333333333333333333333333333113333311111111111111111111111111111111111111113
11111111111111111111111111111133333333333333333333333333333333333333333333331111111111111111111133331111111111111111111133333333333333333333333333333331111333311111111111111111111111111111111111111113
11111111111111111111111111111133333333333333311113333333333333333333333333331111111111111111111133331111111111111111111133333333333333333333333333333331111333331111111111111111111111111111111111111113
11111111111111111111111111111133333333333333311113333333333333333333333333331111111111111111111133331111111111111111111133333333333333333333333333333331111333331111111111111111111111111111111111111113
11111111111111111111111115553133333333333333331113333333333333333333333333311111111111111111111133331111111111111111111113333333333333333333333333333333333333333111111111111111111111111111111111111113
11111111111111111111111115533333333333333333333133333333333333333333333311111111111111111111111133331111111111111111111111113333333333333333333333333333333333333333311111111111111111111111111111111113
11111111111111111111111155333333333333333333333333333333333333333333311111111111111111111111111333331111111111111111111111111133333333333333333333333333333333333333333311111111111111111111111111111113
11111111111111111111111155533333333333333333333333333333333333333333111111111111111111111111113333333111111111111111111111111113333333333333333333333333333333333333333311111111111111111111111111111113
11111111111111111111111355533333333333333333333333333333333333333333111111111111111111111111133333333333333111111111111111111111333333333333333333333333333333333333333331111111111111111111111111111113
11111111111111111111111355333333333333333333333333333333333333333333111111111111111111111113333333333333333311111111111111111111333333333333333333333333333333333333333331111111111111111111111111111113
11111111111111111111113355333333333333333333333333333333333333333333111111111111111111111133333333333333333311111111111111111111333333333333333333333333333333333333333331111111111111111111111111111113
11111111111111111111113333333333333333333333333333333333333333333333111111111111111111111111553333333333111311111111111111111111333333333333333333333333333333333333333333111111111111111111111111111113
11111111111111111111113333333333333333333333333333333333333333333333111111111111111111111111135553335533111311111111111111111111333333333333333333333333333333333333333333111111111111111111111111111113
11111111111111111111111333333333333333333333333333333333333333333333111111111111111111113311135553333333111311111111111111111111333333333333333333333333333333333333333333111111111111111111111111111113
11111111111111111111111333333333333333333333333333333333333333333333111111111111111111133335333333333333333311111111111111111111333333333333333333333333333333333333333333111111111111111111111111111113
11111111111111111111111113333333333333333333333333333333333333333333111111111111111111333333533333333355333331111111111111111111333333333333333333333333333333333333333333311111111111111111111111111113
11111111111111111111111113333333333333333333333333333333333333333333111111111111111333333333333333533333333333311111111111111111333333333333333333333333333333333333333333331111111111111111111111111113
11111111111111111111111111133333333333333333333333333333333333333333111111111111333333333333333333553335533333333331111111111111333333333333333333333333333333333333333333331111111111111111111111111113
11111111111111111111111111133333333333333333333333333333333333333333111111111113333333333333333333333335533333333333111111111111333333333333333333333333333333333333333333331111111111111111111111111113
11111111111111111111111111113333333333333333333333333333333333333333311111111133333333333335535533333333533333333333111111111113333333333333333333333333333333333333333333331111111111111111111111111113
11111111111111111111111111113333333333333333333333333333333333333333333111111333333333333555533333333333333333333333311111111113333333333333333333333333333333333333333333331111111111111111111111111113
11111111111111111111111111113333333333333333333333333333333333333333333333333333333333333553333333355333333333333333333333333333333333333333333333333333333335553533333333331111111111111111111111111113
11111111111111111111111111113333333333333333333333333333333333333333333333333333333333333333333553355333333333333333333333333333333333333333333333333333333335333353333333331111111111111111111111111113
11111111111111111111111111113333333333333333333333333333333333333333333333333333333333333333333553355333355533333333333333333333333333333333333333333333333333333355333333331111111111111111111111111113
11111111111111111111111111113333333333333333333333333333333333333333333333333333333333333333333333333333355533333333333333333333333333333333333333333331113333333335533333331111111111111111111111111113
11111111111111111111111111113333333333311133333333333333333333333333311111111133333333333333333333333333355553333333331111111133333333333333333333333331111333333335533333331111111111111111111111111113
11111111111111111111111111113333333333111133333333333333333333333333111111111113333333333335533333333333333555333333311111111113333333333333333333333331111333333333333333331111111111111111111111111113
11111111111111111111111111111133333333111333333333333333333333333333111111111111333333333335555333333333333333333333111111111111333333333333333333333331111333333333333333311111111111111111111111111113
11111111111111111111111111111113333333333333333333333333333333333333111111111111133333333335555333333553333333333331111111111111333333333333333333333333333333333333533333311111111111111111111111111113
11111111111111111111111111111113333333333333333333333333333333333333111111111111111113333333355533333555553333311111111111111111333333333333333333333333333555533335553333311111111111111111111111111113
11111111111111111111111111111133333333333333333333333333333333333333111111111111111111333333333533333555555331111111111111111111333333333333333333333333333335533333533333331111111111111111111111111113
11111111111111111111111111111133333333333333333333333333333333333333111111111111111111333333353533333553333331111111111111111111333333333333333333333333333333333533553333311111111111111111111111111113
11111111111111111111111111111333333333333333333333333333333333333333111111111111111111113333353333333333333331111111111111111111333333333333333333333333333333333555553333111111111111111111111111111113
11111111111111111111111111111133333333333333333333333333333333333333111111111111111111111111553333533333333311111111111111111111333333333333333333333333333333133355333333311111111111111111111111111113
11111111111111111111111111111133333333333333333333333333333333333333111111111111111111111111553333533333311111111111111111111111333333333333333333333333333333133333333333111111111111111111111111111113
11111111111111111111111111111133333333333333333333333333333333333333111111111111111111111111133333333333311111111111111111111111333333333333333333333333333333333333333333111111111111111111111111111113
11111111111111111111111111111133333333333333333333333333333333333333111111111111111111111111333333333333311111111111111111111111333333333333333333333333333311333333333311111111111111111111111111111113
11111111111111111111111111111133333333333333333333333333333333333333111111111111111111111111113333333311111111111111111111111111333333333333333333333333333333333333333311111111111111111111111111111113
11111111111111111111111111111133333333333333333333333333333333333333311111111111111111111111113333333111111111111111111111111111333333333333333333333333333111133333333111111111111111111111111111111113
11111111111111111111111111111133333333333333333333333333333333333333311111111111111111111111111333331111111111111111111111111113333333333333333333333333333111133333333111111111111111111111111111111113
11111111111111111111111111111133333333333333333333333333333333333333331111111111111111111111111133331111111111111111111111111133333333333333333333333333333111133333331111111111111111111111111111111113
11111111111111111111111111111333333333333333333333333333333333333333333333311111111111111111111133331111111111111111111113333333333333333333333333333333333111133333331111111111111111111111111111111113
11111111111111111111111111113333333333333333333333333333333333333333333333331111111111111111111133331111111111111111111133333333333333333333333333333333333311133333311111111111111111111111111111111113
11111111111111111111111111113333333333333333333333333333333333333333333333331111111111111111111133331111111111111111111133333333333333333333333333333333333311113333311111111111111111111111111111111113
11111111111111111111111111133333333333333333333333333333333333333333333333331111111111111111111133331111111111111111111133333333333333333333333333333333333311113333111111111111111111111111111111111113
11111111111111111111111111133333333333333333333333333333333333333333333333331111111111111111111133331111111111111111111133333333333333333333333333333333333311113333111111111111111111111111111111111113
11111111111111111111111113333333333333333333333333333333333333333333333333333111111111111111111133331111111111111111111133333333333333333333333333333333333311113333111111111111111111111111111111111113
11111111111111111111111113333333333333333333333333333333333333333333333333333111111111111111111133331111111111111111111333333333333333333333333333333333333311333333111111111111111111111111111111111113
11111111111111111111111333333333333333333333333333333333333333333333333333333311111111111111111133331111111111111111113333333333333333333333333333333333333333333333111111111111111111111111111111111113
11111111111111111111111333333333333333333333333333333333333333333333333333333333333111111111111133331111111111111333333333333333333333333333333333333333333333333331111111111111111111111111111111111113
11111111111111111111113333333333333333333333333333333333333333333333333333333333333311111111111133331111111111113333333333333333333333333333333333333333333333333331111111111111111111111111111111111113
11111111111111111111113333333333333333333333333333333333333333333333333333333333333311111111111133331111111111113333333333333333333333333333333333333333333333333331111111111111111111111111111111111113
11111111111111111111113333333333333333333333355111333333333333333333333333333333333311111111111133331111111111113333333333333333333333333333333333333333333333333331111111111111111111111111111111111113
11111111111111111111133333333333333333333355555111333333333333333333333333333333333311111111111133331111111111113333333333333333333333333333333333333333333333333331111111111111111111111111111111111113
11111111111111111111133333333333333333333355555111333333333333333333333333333333333331111111111133331111111111113333333333555555333333333333333333333333333333333331111111111111111111111111111111111113
11111111111111111111133333333333333333333335555511533333333333333333333333333333333331111111111133333111111111133333333333555555333333333333333333333333333333333331111111111111111111111111111111111113
11111111111111111111133333333333333333355555333335533333333333333333333333333333333333111111111333333311111111333333333333553555333333333333333333333333333333333331111111111111111111111111111111111113
11111111111111111111113333333333333333355555533333333333333333333333333333333333333333333333333333333333333333333333333333333335533333333333333333333333333333333331111111111111111111111111111111111113
11111111111111111111113333333333333333333333333333333333333333333333333333333333333333333333333333333333333333333333333333333335533333333333333333333333311111333333111111111111111111111111111111111113
11111111111111111111111333333333333333333333333333333333333333333333333333333333333333333333333333333333333333333333333333333333333333333333333333333333111111333333111111111111111111111111111111111113
11111111111111111111111133333333333333333333333333333333333333333333333333333333333333333333333333333333333333333333333355333333333333333333333333333331111111133333111111111111111111111111111111111113
11111111111111111111111113333333333333333333333333333333333333333333333333333333333333333333333333333333333333333333333555333333355333333333333333333331111111113333111111111111111111111111111111111113
11111111111111111111111113333333333333333333333333333333333333333333333333333333333333333333333333333333333333333333335555333333355333333333333333333351111111113333111111111111111111111111111111111113
11111111111111111111111111133333333355333335333333333333333333333333333333333333333333333333333333333333333333333333335555333333333333333333333333333151111111113333111111111111111111111111111111111113
11111111111111111111111111111133333355533333333335533333333333333333333333333333333333333333333333333333333333333333335553333333333333333333333333333551111111113333111111111111111111111111111111111113
11111111111111111111111111111133333355533333333335511111113333333333333333333333333333333333333333333333333333333333333333333333335533333333333333333331111111113333111111111111111111111111111111111113
11111111111111111111111111111133333335533333333333311111111333333333333333333333333333333333553333333333333333333333333333333333333333333333333333333331111111113333111111111111111111111111111111111113
11111111111111111111111111111111333333333333333333111111111133333333333333333333333333333333553333333333333333333333333333333333333333333333333333333355111111113333311111111111111111111111111111111113
11111111111111111111111111111111133333333333333331111111111113333333333333333333333333333333553333333333333333333333333333333333333333333333333333333333111111133333311111111111111111111111111111111113
11111111111111111111111111111111333333333333333331111111111113333333333333333333333333355333333333333333333333333333333333333333333333333333333333333333111111133333331111111111111111111111111111111113
11111111111111111111111111111111133333333333333311111111111111333333333333333533333333353335533333333333333333333333333333333333333333333333333355333333355355533333333111111111111111111111111111111113
11111111111111111111111111111111113333333333333311111111111111333333333333333533333333333555533333333333333333333333333333333333333333333333333555333333333333533333333133311111111111111111111111111113
11111111111111111111111111111111111333333333333331111111111111333333333333333333355333555555553333333333333333333333333333333333333333333333333553333333333333533333333333311111111111111111111111111113
11111111111111111111111111111111111333333333333333111111111113333333333333333333355333555333553333333333333333333333333333333333333333333333333333333333333333333333333333311111111111111111111111111113
11111111111111111111111111111111111333333333333333111111111113333333333333333335553333553333333333333333333333333333333333333333333333333333333333333333333333333333333333311111111111111111111111111113
11111111111111111111111111111111111133333333333333311111111133333333333333355333553333333333333333333333333333333333333333333333333333333333333333333333333333333333333333331111111111111111111111111113
11111111111111111111111111111111111133333333333333331111111133333333333333355333555333333333333333333333333333333333333333333333333113333333333333333333333333333333333333333111111111111111111111111113
11111111111111111111111111111111111111333333333333333333333333333333333333333333355553333333333333333333333333333333333333333333333111333333333333333333333333333333333333333311111111111111111111111113
11111111111111111111111111111111111111113333333333333333333333333333333333333333335553333333333333333333333333333333333333333333333111333333333333333333333333333333333333333311111111111111111111111113
11111111111111111111111111111111111111133333333333333333333333333333111133333333333533333333333333333333333333333333333333333333333111333333333333333333333333333333333333333333111111111111111111111113
11111111111111111111111111111111111111111113333333333333333333333333111133333553333333333333333333333333333333333333333333333333311111133333333333333333333333333333333333333333331111111111111111111113
11111111111111111111111111111111111111111111113333333333333333333333331133335553333333333333333333333333333333333333333333333333311111133333333333333335533333333333333333333333331111111111111111111113
11111111111111111111111111111111111111111111113333333333333333333333333333335533333333333333333333333333333333333333333333333333331111333333333333333335333333333333333333333333311111111111111111111113
11111111111111111111111111111111111111111111113333353333333333333333333333333553333333333333333333111333333333333333333333333333333333333333333333333333333333333333333333333333313311111111111111111113
11111111111111111111111111111111111111111111111133355553333333333333333333333333333335333333333331111333333333333333333333333333333333333333333333333333333333333333333333333333313311111111111111111113
11111111111111111111111111111111111111111111111111355553311113333333333333333333335555333333333331111333333333333333333333333333333333333333333333333333333333333333333333333333333311111111111111111113
11111111111111111111111111111111111111111111111111111113311113333333333333333333335553333333333333133333333333333333333333331333333333333333333333333333333333333333333333333333333311111111111111111113
11111111111111111111111111111111111111111111111111111111111113333333333333333333333333333333333333333333333333333333333331111111133333333333333333333333333333333333333333333333333111111111111111111113
11111111111111111111111111111111111111111111111111111111111113333333333333333333333333333333333333333331111111133333333311111111113333333333333333333333333333333333333333333333331111111111111111111113
11111111111111111111111111111111111111111111111111111111111113333333333333333333333333333333333333333111111111111333333111111111111113333333333333333333333333333333333333333333331111111111111111111113
11111111111111111111111111111111111111111111111111111111111111113353333333333333333333333333333333333111111111111133331111111111111111133333333333333333333333333333333333333333331111111111111111111113
11111111111111111111111111111111111111111111111111111111111111111153333333333333333333333333333333331111111111111133331111111111111111333333333333333333333333333333333333333333331111111111111111111113
11111111111111111111111111111111111111111111111111111111111111111155533333333333333333333333333333331111111111111133331111111111111111333333333333333333333333333333333553333333331111111111111111111113
11111111111111111111111111111111111111111111111111111111111111111155533333333333333333333333333333111111111111111133331111111111111111333333333333333333333333333333331111153333111111111111111111111113
11111111111111111111111111111111111111111111111111111111111111111155533333333333333333333333333333111111111111111133331111111111111111333333333333333333333333333313111111153113111111111111111111111113
11111111111111111111111111111111111111111111111111111111111111111111111133333333333333333333333331111111111111111133331111111111111111111113333333333333333333333111111111111111111111111111111111111113
11111111111111111111111111111111111111111111111111111111111111111111111113355533333333333333311111111111111111111133331111111111111111111113333333333333333333311111111111111111111111111111111111111113
11111111111111111111111111111111111111111111111111111111111111111111111111155555533333333333111111111111111111111133331111111111111111111113333333333333333333111111111111111111111111111111111111111113
11111111111111111111111111111111111111111111111111111111111111111111111111155553333333333333111111111111111111111133331111111111111111111113333111113333333331111111111111111111111111111111111111111113
11111111111111111111111111111111111111111111111111111111111111111111111111115333333333333333111111111111111111111133331111111111111111111111311111111333333311111111111111111111111111111111111111111113
11111111111111111111111111111111111111111111111111111111111111111111111111111111355533333333111111111111111111111133331111111111111111111111331111111111333311111111111111111111111111111111111111111113
11111111111111111111111111111111111111111111111111111111111111111111111111111111115551111111111111111111111111111133331111111111111111111111111111111111133111111111111111111111111111111111111111111113
11111111111111111111111111111111111111111111111111111111111111111111111111111111111111111111111111111111111111111133331111111111111111111111111111111111111111111111111111111111111111111111111111111113
11111111111111111111111111111111111111111111111111111111111111111111111111111111111111111111111111111111111111111111111111111111111111111111111111111111111111111111111111111111111111111111111111111113
11111111111111111111111111111111111111111111111111111111111111111111111111111111111111111111111111111111111111111111111111111111111111111111111111111111111111111111111111111111111111111111111111111113
11111111111111111111111111111111111111111111111111111111111111111111111111111111111111111111111111111111111111111111111111111111111111111111111111111111111111111111111111111111111111111111111111111113
11111111111111111111111111111111111111111111111111111111111111111111111111111111111111111111111111111111111111111111111111111111111111111111111111111111111111111111111111111111111111111111111111111113
11111111111111111111111111111111111111111111111111111111111111111111111111111111111111111111111111111111111111111111111111111111111111111111111111111111111111111111111111111111111111111111111111111113
11111111111111111111111111111111111111111111111111111111111111111111111111111111111111111111111111111111111111111111111111111111111111111111111111111111111111111111111111111111111111111111111111111113
11111111111111111111111111111111111111111111111111111111111111111111111111111111111111111111111111111111111111111111111111111111111111111111111111111111111111111111111111111111111111111111111111111113
11111111111111111111111111111111111111111111111111111111111111111111111111111111111111111111111111111111111111111111111111111111111111111111111111111111111111111111111111111111111111111111111111111113
11111111111111111111111111111111111111111111111111111111111111111111111111111111111111111111111111111111111111111111111111111111111111111111111111111111111111111111111111111111111111111111111111111113
11111111111111111111111111111111111111111111111111111111111111111111111111111111111111111111111111111111111111111111111111111111111111111111111111111111111111111111111111111111111111111111111111111113
11111111111111111111111111111111111111111111111111111111111111111111111111111111111111111111111111111111111111111111111111111111111111111111111111111111111111111111111111111111111111111111111111111113
11111111111111111111111111111111111111111111111111111111111111111111111111111111111111111111111111111111111111111111111111111111111111111111111111111111111111111111111111111111111111111111111111111113
11111111111111111111111111111111111111111111111111111111111111111111111111111111111111111111111111111111111111111111111111111111111111111111111111111111111111111111111111111111111111111111111111111113
11111111111111111111111111111111111111111111111111111111111111111111111111111111111111111111111111111111111111111111111111111111111111111111111111111111111111111111111111111111111111111111111111111113
11111111111111111111111111111111111111111111111111111111111111111111111111111111111111111111111111111111111111111111111111111111111111111111111111111111111111111111111111111111111111111111111111111113
11111111111111111111111111111111111111111111111111111111111111111111111111111111111111111111111111111111111111111111111111111111111111111111111111111111111111111111111111111111111111111111111111111113
11111111111111111111111111111111111111111111111111111111111111111111111111111111111111111111111111111111111111111111111111111111111111111111111111111111111111111111111111111111111111111111111111111113
11111111111111111111111111111111111111111111111111111111111111111111111111111111111111111111111111111111111111111111111111111111111111111111111111111111111111111111111111111111111111111111111111111113
11111111111111111111111111111111111111111111111111111111111111111111111111111111111111111111111111111111111111111111111111111111111111111111111111111111111111111111111111111111111111111111111111111113
11111111111111111111111111111111111111111111111111111111111111111111111111111111111111111111111111111111111111111111111111111111111111111111111111111111111111111111111111111111111111111111111111111113
11111111111111111111111111111111111111111111111111111111111111111111111111111111111111111111111111111111111111111111111111111111111111111111111111111111111111111111111111111111111111111111111111111113
11111111111111111111111111111111111111111111111111111111111111111111111111111111111111111111111111111111111111111111111111111111111111111111111111111111111111111111111111111111111111111111111111111113
11111111111111111111111111111111111111111111111111111111111111111111111111111111111111111111111111111111111111111111111111111111111111111111111111111111111111111111111111111111111111111111111111111113
11111111111111111111111111111111111111111111111111111111111111111111111111111111111111111111111111111111111111111111111111111111111111111111111111111111111111111111111111111111111111111111111111111113
