000000000000000000000000000000000000000000000000000000000000000000000000000000000000000000000000000000000000000000000000000000000000000000000000000000000000000000000000000000000000000000000000000000000000000000000000000000000000000000000000000000000000000000000000000000000000000000000000000000000000
111111111111111111111111111111111111111111111111111111111111111111111111111111111111111111111111111111111111111111111111111111111111111111111111111111111111111111111111111111111111111111111111111111111111111111111111111111111111111111111111111111111111111111111111111111111111111111111111111111111110
111111111111111111111111111111111111111111111111111111111111111111111111111111111111111111111111111111111111111111111111111111111111111111111111111111111111111111111111111111111111111111111111111111111111111111111111111111111111111111111111111111111111111111111111111111111111111111111111111111111110
111111111111111111111111111111111111111111111111111111111111111111111111111111111111111111111111111111111111111111111111111111111111111111111111111111111111111111111111111111111111111111111111111111111111111111111111111111111111111111111111111111111111111111111111111111111111111111111111111111111110
111111111111111111111111111111111111111111111111111111111111111111111111111111111111111111111111111111111111111111111111111111111111111111111111111111111111111111111111111111111111111111111111111111111111111111111111111111111111111111111111111111111111111111111111111111111111111111111111111111111110
111111111111111111111111111111111111111111111111111111111111111111111111111111111111111111111111111111111111111111111111111111111111111111111111111111111111111111111111111111111111111111111111111111111111111111111111111111111111111111111111111111111111111111111111111111111111111111111111111111111110
111111111111111111111111111111111111111111111111111111111111111111111111111111111111111111111111111111111111111111111111111111111111111111111111111111111111111111111111111111111111111111111111111111111111111111111111111111111111111111111111111111111111111111111111111111111111111111111111111111111110
111111111111111111111111111111111111111111111111111111111111111111111111111111111111111111111111111111111111111111111111111111111111111111111111111111111111111111111111111111111111111111111111111111111111111111111111111111111111111111111111111111111111111111111111111111111111111111111111111111111110
111111111111111111111111111111111111111111111111111111111111111111111111111111111111111111111111111111111111111111111111111111111111111111111111111111111111111111111111111111111111111111111111111111111111111111111111111111111111111111111111111111111111111111111111111111111111111111111111111111111110
111111111111111111111111111111111111111111111111111111111111111111111111111111111111111111111111111111111111111111111111111111111111111111111111111111111111111111111111111111111111111111111111111111111111111111111111111111111111111111111111111111111111111111111111111111111111111111111111111111111110
111111111111111111111111111111111111111111111111111111111111111111111111111111111111111111111111111111111111111111111111111111111111111111111111111111111111111111111111111111111111111111111111111111111111111111111111111111111111111111111111111111111111111111111111111111111111111111111111111111111110
111111111111111111111111111111111111111111111111111111111111111111111111111111111111111111111111111111111111111111111111111111111111111111111111111111111111111111111111111111111111111111111111111111111111111111111111111111111111111111111111111111111111111111111111111111111111111111111111111111111110
111111111111111111111111111111111111111111111111111111111111111111111111111111111111111111111111111111111111111111111111111111111111111111111111111111111111111111111111111111111111111111111111111111111111111111111111111111111111111111111111111111111111111111111111111111111111111111111111111111111110
111111111111111111111111111111111111111111111111111111111111111111111111111111111111111111111111111111111111111111111111111111111111111111111111111111111111111111111111111111111111111111111111111111111111111111111111111111111111111111111111111111111111111111111111111111111111111111111111111111111110
111111111111111111111111111111111111111111111111111111111111111111111111111111111111111111111111111111111111111111111111111111111111111111111111111111111111111111111111111111111111111111111111111111111111111111111111111111111111111111111111111111111111111111111111111111111111111111111111111111111110
111111111111111111111111111111111111111111111111111111111111111111111111111111111111111111111111111111111111111111111111111111111111111111111111111111111111111111111111111111111111111111111111111111111111111111111111111111111111111111111111111111111111111111111111111111111111111111111111111111111110
111111111111111111111111111111111111111111111111111111111111111111111111111111111111111111111111111111111111111111111111111111111111111111111111111111111111111111111111111111111111111111111111111111111111111111111111111111111111111111111111111111111111111111111111111111111111111111111111111111111110
111111111111111111111111111111111111111111111111111111111111111111111111111111111111111111111111111111111111111111111111111111111111111111111111111111111111111111111111111111111111111111111111111111111111111111111111111111111111111111111111111111111111111111111111111111111111111111111111111111111110
111111111111111111111111111111111111111111111111111111111111111111111111111111111111111111111111111111111111111111111111111111111111111111111111111111111111111111111111111111111111111111111111111111111111111111111111111111111111111111111111111111111111111111111111111111111111111111111111111111111110
111111111111111111111111111111111111111111111111111111111111111111111111111111111111111111111111111111111111111111111111111111111111111111111111111111111111111111111111111111111111111111111111111111111111111111111111111111111111111111111111111111111111111111111111111111111111111111111111111111111110
111111111111111111111111111111111111111111111111111111111111111111111111111111111111111111111111111111111111111111111111111111111111111111111111111111111111111111111111111111111111111111111111111111111111111111111111111111111111111111111111111111111111111111111111111111111111111111111111111111111110
111111111111111111111111111111111111111111111111111111111111111111111111111111111111111111111111111111111111111111111111111111111111111111111111111111111111111111111111111111111111111111111111111111111111111111111111111111111111111111111111111111111111111111111111111111111111111111111111111111111110
111111111111111111111111111111111111111111111111111111111111111111111111111111111111111111111111111111111111111111111111111111111111111111111111111111111111111111111111111111111111111111111111111111111111111111111111111111111111111111111111111111111111111111111111111111111111111111111111111111111110
111111111111111111111111111111111111111111111111111111111111111111111111111111111111111111111111111111111111111111111111111111111111111111111111111111111111111111111111111111111111111111111111111111111111111111111111111111111111111111111111111111111111111111111111111111111111111111111111111111111110
111111111111111111111111111111111111111111111111111111111111111111111111111111111111111111111111111111111111111111111111111111111111111111111111111111111111111111111111111111111111111111111111111111111111111111111111111111111111111111111111111111111111111111111111111111111111111111111111111111111110
111111111111111111111111111111111111111111111111111111111111111111111111111111111111111111111111111111111111111111111111111111111111111111111111111111111111111111111111111111111111111111111111111111111111111111111111111111111111111111111111111111111111111111111111111111111111111111111111111111111110
111111111111111111111111111111111111111111111111111111111111111111111111111111111111111111111111111111111111111111111111111111111111111111111111111111111111111111111111111111111111111111111111111111111111111111111111111111111111111111111111111111111111111111111111111111111111111111111111111111111110
111111111111111111111111111111111111111111111111111111111111111111111111111111111111111111111111111111111111111111111111111111111111111111111111111111111111111111111111111111111111111111111111111111111111111111111111111111111111111111111111111111111111111111111111111111111111111111111111111111111110
111111111111111111111111111111111111111111111111111111111111111111111111111111111111111111111111111111111111111111111111111111111111111111111111111111111111111111111111111111111111111111111111111111111111111111111111111111111111111111111111111111111111111111111111111111111111111111111111111111111110
111111111111111111111111111111111111111111111111111111111111111111111111111111111111111111111111111111111111111111111111111111111111111111111111111111111111111111111111111111111111111111111111111111111111111111111111111111111111111111111111111111111111111111111111111111111111111111111111111111111110
111111111111111111111111111111111111111111111111111111111111111111111111111111111111111111111111111111111111111111111111111111111111111111111111111111111111111111111111111111111111111111111111111111111111111111111111111111111111111111111111111111111111111111111111111111111111111111111111111111111110
111111111111111111111111111111111111111111111111111111111111111111111111111111111111111111111111111111111111111111111111111111111111111111111111111111111111111111111111111111111111111111111111111111111111111111111111111111111111111111111111111111111111111111111111111111111111111111111111111111111110
111111111111111111111111111111111111111111111111111111111111111111111111111111111111111111111111111111111111111111111111111111111111111111111111111111111111111111111111111111111111111111111111111111111111111111111111111111111111111111111111111111111111111111111111111111111111111111111111111111111110
111111111111111111111111111111111111111111111111111111111111111111111111111111111111111111111111111111111111111111111111111111111111111111111111111111111111111111111111111111111111111111111111111111111111111111111111111111111111111111111111111111111111111111111111111111111111111111111111111111111110
111111111111111111111111111111111111111111111111111111111111111111111111111111111111111111111111111111111111111111111111111111111111111111111111111111111111111111111111111111111111111111111111111111111111111111111111111111111111111111111111111111111111111111111111111111111111111111111111111111111110
111111111111111111111111111111111111111111111111111111111111111111111111111111111111111111111111111111111111111111111111111111111111111111111111111111111111111111111111111111111111111111111111111111111111111111111111111111111111111111111111111111111111111111111111111111111111111111111111111111111110
111111111111111111111111111111111111111111111111111111111111111111111111111111111111111111111111111111111111111111111111111111111111111111111111111111111111111111111111111111111111111111111111111111111111111111111111111111111111111111111111111111111111111111111111111111111111111111111111111111111110
111111111111111111111111111111111111111111111111111111111111111111111111111111111111111111111111111111111111111111111111111111111111111111111111111111111111111111111111111111111111111111111111111111111111111111111111111111111111111111111111111111111111111111111111111111111111111111111111111111111110
111111111111111111111111111111111111111111111111111111111111111111111111111111111111111111111111111111111111111111111111111111111111111111111111111111111111111111111111111111111111111111111111111111110001111100000000000005500000000011111111111111111111111111111111111111111111111111111111111111111110
111111111111111111111111111111111111111111111111111111111111111111111111111111111111111111111111111111111111111111111111111111111111111111111111111111111111111111111111111111111111111111111111111111110000000000000000000005500000000011111111111111111111111111111111111111111111111111111111111111111110
111111111111111111111111111111111111111111111111111111111111111111111111111111111111111111111111111111111111111111111111111111111111111111111111111111111111111111111111111111111111111111111111111111110000000000000000000500000000000011111111111111111111111111111111111111111111111111111111111111111110
111111111111111111111111111111111111111111111111111111111111111111111111111111111111111111111111111111111111111111111111111111111111111111111111111111111111111111111111111111111111111111111111111111110000000000000000000500000000000011111111111111111111111111111111111111111111111111111111111111111110
111111111111111111111111111111111111111111111111111111111111111111111111111111111111111111111111111111111111111111111111111111111111111111111111111111111111111111111111111111111111111111111111111111100000000000000000000000000000000001111111111111111111111111111111111111111111111111111111111111111110
111111111111111111111111111111111111111111111111111111111111111111111111111111111111111111111111111111111111111111111111111111111111111111111111111111111111111111111111111111111111111111111111111111100000000000000000000000000000000000111111111111111111111111111111111111111111111111111111111111111110
111111111111111111111111111111111111111111111111111111111111111111111111111111111111111111111111111111111111111111111111111111111111111111111111111111111111111111111111111111111111111111111111111111100000000000000000000000000000000000001111111111111111111111111111111111111111111111111111111111111110
111111111111111111111111111111111111111111111111111111111111111111111111111111111111111111111111111111111111111111111111111111111111111111111111111111111111111111111111111111111111111111111111111111000000000000000000000000000001111000000111111111111111111111111111111111111111111111111111111111111110
111111111111111111111111111111111111111111111111111111111111111111111111111111111111111111111111111111111111111111111111111111111111111111111111111111111111111111111111111111111111111100000000000000000001111111111100000000000001111000000000111111111111111100055500000000000000000011111111111111111110
111111111111111111111111111111111111111111111111111111111111111111111110000000000000000011111111111111111111111111111111111111111111111111111111111111111111111111111111111111111111111100000000000000000011111111111100000000000011111000000000111111111111111100000500000000000000000011111111111111111110
111111111111111111111111111111111111111111111111111111111111111111111110000000000000000011111111111111111111111111111111111111111111111111111111111111111111111111111111111111111111111100000000000000000111111111111110000000000011111000000000111111111111111100000000000000000000000011111111111111111110
111111111111111111111111111111111111111111111111111111111111111111111100000000000000000011111111111111111111111111111111111111111111111111111111111111111111111111111111111111111111111100000000000000000111111111111111000000000001111000000000111111111111111100000000000000000000000011111111111111111110
111111111111111111111111111111111111111111111111111111111111111111111100000000000000000011111111111111111111111111111111111111111111111111111111111111111111111111111111111111111111111100000000000000001111111111111111000000000001100000000000111111111111111100000000000000000000000011111111111111111110
111111111111111111111111111111111111111111111111111111111111111111111100000000000000000001111111111111111111111111111111111111111111111111111111111111111111111111111111111111111111111100000000000000001111111111111111550000000000000000000000001111111111111000000000500000000000000011111111111111111110
111111111111111111111111111111111111111111111111111111111111111111011100000000000000000550111111111111111111111111111111111111111111111111111111111111111111111111111111111111111111111100000000000000111111111111111111550000050000000000000000000011111111110000000000500000000000000011111111111111111110
111111111111111111111111111111111111111111111111111111111111111110011110000000000000000550111111111111111111111111111111111111111111111111111111111111111111111111111111111111111111111100000000000000111111111111111111055000000000000000000000000001111111100000000000000000000000000011111111111111111110
111111111111111111111111111111111111111111111111111111111111111110000000000000000000000000000111111111111111111111111111111111111111111111111111111111111111111111111111111111111111111100000000000111111111111111111111055000000000000000000000000000001111000000000111111111111111111111111111111111111110
111111111111111111111111111111111111111111111111111111111111111110000000000000000000000000000111111111111111111111111111111111111111111111111111111111111111111111111111111111111111111100000000000111111111111111111111000000000000000000000000000000001111000000011111111111111111111111111111111111111110
111111111111111111111111111111111111111111111111111111111111111110000000000000000000000000000000111111111111111111111111111111111111111111111111111111111111111111111111111111111111111100000000001111111111111111111111000000000000000000000000000000000110000000111111111111111111111111111111111111111110
111111111111111111111111111111111111111111111111111111111111111100000000000000000000000000000000111111111111111111111111111111111111111111111111111111111111111111111111111111111111111100000000011111111111111111111111000000000000000000000000000000000000000000111111111111111111111111111111111111111110
111111111111111111111111111111111111111111111111111111111111111100000000000000000000000000000000111111111111111111111111111111111111111111111111111111111111111111111111111111111111111100000000111111111111111111111111000000000000000000000000000000000000000001111111111111111111111111111111111111111110
111111111111111111111111111111111111111111111111111111111111111000000000000000000000000000000000111111111111111111111111111111111111111111111111111111111111111111111111111111111111111100000000111111111111111111111111000000000000000000000000000000000000000011111111111111111111111111111111111111111110
111111111111111111111111111111111111111111111111111111111111110000000011000000000000000000000000001111111111111111111111111111111111111111111111111111111111111111111111111111111111111100000000111111111111111111111111000000000055000000000000000000000000001111111111111111111111111111111111111111111110
111111111111111111111111111111111111111111111111111111111111110000001111100000000000000000000000001111111111111111111111111111111111111111111111111111111111111111111111111111111111111100000000111111111111111111111111000000000055000000000000000000000000001111111111111111111111111111111111111111111110
111111111111111111111111111111111111111111111111111111110000000000001111100000000000000000000000000000011111000011111111111111111111111111111111111111111111111111111111111111111111111100000000111111111111111111111111111111111111000000000000000000000011111111111111111111111111111111111111111111111110
111111111111111111111111111111111111111111111111111111110000000000001111100000000000000000000000000000011111000011111111111111111111111111111111111111111111111111111111111111111111111100000000111111111111111111111111111111111111111000000000000000000011111111111111111111111111111111111111111111111110
111111111111111111111111111111111111111111111111111111110000000000001111100000000000000000000000000000011111000011111111111111111111111111111111111111111111111111111111111111111111111100000000111111111111111111111111111111111111111000000000000000500111111111111111111111111111111111111111111111111110
111111111111111111111111111111111111111111111111111111110000000000001111000000000000000000000000000000011111000011111111111111111111111111111111111111111111111111111111111111111111111100000000111111111111111111111111111111111111111101111000000000500111111111111111111111111111111111111111111111111110
111111111111111111111111111111111111111111111111111111110000000000000000000000000000000000000000000000011111000011111111111111111111111111111111111111111111111111111111111111111111111100000000111111111111111111111111111111111111111111111100000000000111111111111111111111111111111111111111111111111110
111111111111111111111111111111111111111111111111111111110000000000000000000000000000000000000000000000000000000011111111111111111111111111111111111111111111111111111111111111111111111100000000111111111111111111111111111111111111111111111100000000000111111111111111111111111111111111111111111111111110
111111111111111111111111111111111111111111111111111111000000000000000000000000000000000000000000000000000000000001111111111111111111111100000000111111111111111111111111111111111111111100000000111111111111111111111111111111111111111111111100000000111111111111111111111111111111111111111111111111111110
111111111111111111111111111111111111111111111111111110000000000000000000000000000000000000000000000000000000000001111111111111111111111100000000111111111111111111111111111111111111111100000000111111111111111111111111111111111111111111111000000000111111111111111111111111111111111111111111111111111110
111111111111111111111111111111111111111111111111000000000000000000000000000000000000000000000000000000000000000000000000000000000000000000000000000000001111111111111111111111111111111111111111111111111111111111111111111111111111111100000000001111111111111111111111111111111111111111111111111111111110
111111111111111111111111111111111111111111111111000000000000000000000000000000000000011111000000000000000000000000000000000000000000000000000000000000001111111111111111111111111111111111111111111111111111111111111111111111111111111100000000001111111111111111111111111111111111111111111111111111111110
111111111111111111111111111111111111111111111111000000000000000000000000000000000000011111000000000000000000000000000000000000000000000000000000000000000011111111111111111111111111111111111111111111111111111111111111111111111111111100000000011111111111111111111111111111111111111111111111111111111110
111111111111111111111111111111111111111111111111000000000000000000000000000000000000111111000000000000000000000000000000000000000000000000000000000000000011111111111111111111111111111111111111111111111111111111111111111111111111111100000000011111111111111111111111111111111111111111111111111111111110
111111111111111111111111111111111111111111111111000000000000000000000000000000000000111111000000000000000000000000000000000000000000000000000000000000000000111111111111111111111111111111111111111111111111111111111111111111111111111100000000111111111111111111111111111111111111111111111111111111111110
111111111111111111111111111111111111111111111111000000000000000000000000000000000000011100000000000000000000000000000000000000000000000000000000000000000000111111111111111111111111111111111111111111111111111111111111111111111111111100000000111111111111111111111111111111111111111111111111111111111110
111111111111111111111111111111111111111111111111000000000000000000000000000000000000000000000000000000000000000000000000000000000000000011111111000000000000001111111111111111111111111111111111111111111111111111111111111111111111111100000000111111111111111111111111111111111111111111111111111111111110
111111111111111111111111111111111111111111111111000000000000000000000000000550111111111111100000000000000000000000000000000000000000000011111111000000000000001111111111111111111111111111111111111111111111111111111111111111111111111000000000111111111111111111111111111111111111111111111111111111111110
111111111111111111111111111111111111111111111111111111111111100000000000000551111111111111111100000000000000000000111111111111111111111111111111111100000000000011111111111111111111111111111111111111111111111111111111111111110000000000000000111111111111111111111111111111111111111111111111111111111110
111111111111111111111111111111111111111111111111111111111111110000000000011111111111111111111110000000000000000011111111111111111111111111111111111100000000000011111111111111111111111111111111111111111111111111111111111111110000000000000000111111111111111111111111111111111111111111111111111111111110
111111111111111111111111111111111111111111111111111111111111111001000000011111111111111111111111000000000000000011111111111111111111111111111111111111000000000011111111111111111111111111111111111111111111111111111111111111110000000000000000111111111111111111111111111111111111111111111111111111111110
111111111111111111111111111111111111111111111111111111111111111011110000111111111111111111111111000000000000000011111111111111111111111111111111111111000000000011111111111111111111111111111111111111111111111111111111111111110000000000000500111111111111111111111111111111111111111111111111111111111110
111111111111111111111111111111111111111111111111111111111111111111110000111111111111111111111111100000000000005511111111111111111111111111111111111111110000000011111111111111111111111111111111111111111111111111111111111111110000000000000000111111111111111111111111111111111111111111111111111111111110
111111111111111111111111111111111111111111111111111111111111111111110000111111111111111111111111110000000000005511111111111111111111111111111111111111110000000011111111111111111111111111111111111111111111111111111111111111110000000000000000111111111111111111111111111111111111111111111111111111111110
111111111111111111111111111111111111111111111111111111111111111111110000111111111111111111111111111000000000000011111111111111111111111111111111111111110000000011111111111111111111111111111111111111111111111111111111111111100000000000000000111111111111111111111111111111111111111111111111111111111110
111111111111111111111111111111111111111111111111111111111111111111100000111111111111111111111111111111000000000011111111111111111111111111111111111111110000000011111111111111111111111111111111111111111111111111111111111111000000000000000000111111111111111111111111111111111111111111111111111111111110
111111111111111111111111111111111111111111111111111111111111111100000000111111111111111111111111111111111111111111111111111111111111111111111111111111111100000000111111111111111111111111111111111111111111111111111111100000000001111111111111111111111111111111111111111111111111111111111111111111111110
111111111111111111111111111111111111111111111111111111111111111100000000111111111111111111111111111111111111111111111111111111111111111111111111111111111100000000111111111111111111111111111111111111111111111111111111000000000011111111111111111111111111111111111111111111111111111111111111111111111110
111111111111111111111111111111111111111111111111111111111111111100000000111111111111111111111111111111111111111111111111111111111111111111111111111111111100000000111111111111111111111111111111111111111111111111111111000000000111111111111111111111111111111111111111111111111111111111111111111111111110
111111111111111111111111111111111111111111111111111111111111111000000000111111111111111111111111111111111111111111111111111111111111111111111111111111111100000000111111111111111111111111111111111111111111111111111111000000000111111111111111111111111111111111111111111111111111111111111111111111111110
111111111111111111111111111111111111111111111111111111111111111000000000111111111111111111111111111111111111111111111111111111111111111111111111111111111100000000111111111111111111111111111111111111111111111111111111000000001111111111111111111111111111111111111111111111111111111111111111111111111110
111111111111111111111111111111111111111111111111111111111111111000000000111111111111111111111111111111111111111111111111111111111111111111111111111111111100000000111111111111111111111111111111111111111111111111111111000000001111111111111111111111111111111111111111111111111111111111111111111111111110
111111111111111111111111111111111111111111111111111111111111110000000000111111111111111111111111111111111111111111111111111111111111111111111111111111111100000000111111111111111111111111111111111111111111111111111111000000001111111111111111111111111111111111111111111111111111111111111111111111111110
111111111111111111111111111111111111111111111111111111111111000000000000111111111111111111111111111111111111111111111111111111111111111111111111111111111100000000111111111111111111111111111111111111111111111111111111555500001111111111111111111111111111111111111111111111111111111111111111111111111110
111111111111111111111111111111111111111111111111111111111000000000011111111111111111111111111111111111111111111111111111111111111111111111111111111111110000000011111111111111111111111111111111111111111111111111111111550000001111111111111111111111111111111111111111111111111111111111111111111111111110
111111111111111111111111111111111111111111111111111111111000000000111111111111111111111111111111111111111111111111111111111111111111111111111111111111110000000011111111111111111111111111111111111111111111111111111111000000001111111111111111111111111111111111111111111111111111111111111111111111111110
111111111111111111111111111111111111111111111111111111111000000001111111111111111111111111111111111111111111111111111111111111111111111111111111111111110000000011111111111111111111111111111111111111111111111111111111000000011111111111111111111111111111111111111111111111111111111111111111111111111110
111111111111111111111111111111111111111111111111111111111000000001111111111111111111111111111111111111111111111111111111111111111111111111111111111111110000000011111111111111111111111111111111111111111111111111111111000000011111111111111111111111111111111111111111111111111111111111111111111111111110
111111111111111111111111111111111111111111111111111111111000000001111111111111111111111111111111111111111111111111111111111111111111111111111111111111110000000011111111111111111111111111111111111111111111111111111111000000001111111111111111111111111111111111111111111111111111111111111111111111111110
111111111111111111111111111111111111111111111111111111111000000001111111111111111111111111111111111111111111111111111111111111111111111111111111111111110000000011111111111111111111111111111111111111111111111111111111000000000111111111111111111111111111111111111111111111111111111111111111111111111110
111111111111111111111111111111111111111111111111111111111000000001111111111111111111111111111111111111111111111111111111111111111111111111111111111111110000000011111111111111111111111111111111111111111111111111111111000000000011111111111111111111111111111111111111111111111111111111111111111111111110
111111111111111111111111111111111111111111111111111111111000000001111111111111111111111111111111111111111111111111111111111111111111111111111111111111110000000011111111111111111111111111111111111111111111111111111111100000000001111111111111111111111111111111111111111111111111111111111111111111111110
111111111111111111111111111111111111111111111111111111111000000001111111111111111111111111111111111111111111111111111111111111111111111111111111111111110000000011111111111111111111111111111111111111111111111111111111110000000000011111111111111111111111111111111111111111111111111111111111111111111110
111111111111111111111111111111111111111111111111111111111000000001111111111111111111111111111111111111111111111111111111111111111111111111111111111111110000000011111111111111111111111111111111111111111111111111111111111111000000001111111111111111111111111111111111111111111111111111111111111111111110
111111111111111111111111111111111111111111111111111111110000000001111111111111111111111111111111111111111111111111111111111111111111111111111111111111110000000000000000000000000000001111111111111111111111111111111111111111100000000111111111111111111111111111111111111111111111111111111111111111111110
111111111111111111111111111111111111111111111111111111110000000001111111111111111111111111111111111111111111111111111111111111111111111111111111111111110000000000000000000000000000001111111111111111111111111111111111111111100110000011111111111111111111111111111111111111111111111111111111111111111110
111111111111111111111111111111111111111111111111111111155000000001111111111111111111111111111111111111111111111111111111111111111111111111111111111111110000000000000000000000000000001111111111111111111111111111111111111111111111000011111111111111111111111111111111111111111111111111111111111111111110
111111111111111111111111111111111111111111111111111111155000000000111111111111111111111111111111111111111111111111111111111111111111111111111111111111110000000000000000000000000000001111111111111111111111111111111111111111111111000001111111111111111111111111111111111111111111111111111111111111111110
111111111111111111111111111111111111111111111111111111000000000000011111111111111111111111111111111111111111111111111111111111111111111111111111111111110000000000000000000000000000001111111111111111111111111111111111111111111111000000111111111111111111111111111111111111111111111111111111111111111110
111111111111111111111111111111111111111111111111111100000000000000000111111111111111111111111111111111111111111111111111111111111111111111111111111111110000000000000000000000000000001111111111111111111111111111111111111111111110000000001111111111111111111111111111111111111111111111111111111111111110
111111111111111111111111111111111111111111111111111100000000000000000011111111111111111111111111111111111111111111111111111111111111111111111111111111111100000000110000000000000000001111111111111111111111111111111111111111111110000000000000111111111111111111111111111111111111111111111111111111111110
111111111111111111111111111111111111111111111111111100000000000000000001111111111111111111111111111111111111111111111111111111111111111111111111111111111100000000110000000000000000001111111111111111111111111111111111111111111111100000000000111111111111111111111111111111111111111111111111111111111110
111111111111111111111111111111111111111111111111110000000000000000000001111111111111111111111111111111111111111111111111111111111111111111111111111111111100000000110000000000000000001111111111111111111111111111111111111111111111110000000000011111111111111111111111111111111111111111111111111111111110
111111111111111111111111111111111111111111111111100000000000000000000000111111111111111111111111111111111111111111111111111111111111111111111111111111111100000000110000000000000000001111111111111111111111111111111111111111111111111000000000011111111111111111111111111111111111111111111111111111111110
111111111111111111111111111111111111111111111111000000000000000000000000011111111111111111111111111111111111111111111111111111111111111111111111111111111100000000111111111100000000001111111111111111111111111111111111111111111111111100000000111111111111111111111111111111111111111111111111111111111110
111111111111111111111111111111111111111111111110000000000000000000000000001111111111111111111111111111111111111111111111111111111111111111111111111111111100000000111111111100000000001111111111111111111111111111111111111111111111111100000000111111111111111111111111111111111111111111111111111111111110
111111111111111111111111111111111111111111111100000000000000000000000000000111111111111111111111111111111111111111111111111111111111111111111111111111111100000000111111111100000000001111111111111111111111111111111111111111111111111100000000111111111111111111111111111111111111111111111111111111111110
111111111111111111111111111111111111111111110000000000011111000000000000000011111111111111111111111111111111111111111111111111111111111111111111111111111100000000111111111100000000001111111111111111111111111111111111111111111111111100000000111111111111111111111111111111111111111111111111111111111110
111111111111111111111111111111111100000000000000000001111111100000000000000000111111111111111111111111111111111111000000000000000000000000000000000000000000000000000000111100000000001111111111111111111111111111111111111111111111111100000000111111111111111111111111111111111111111111111111111111111110
111111111111111111111111111111111100000000000000001111111111110000000000000000001111111111111111111111111111111111000000000000000000000000000000000000000000000000000000111100000000001111111111111111111111111111111111111111111111111100000000111111111111111111111111111111111111111111111111111111111110
111111111111111111111111111111111000500000000000001111111111111000000000000000001111111111111111111111111111111111000000000000000000000000000000000000000000000000000000111100000000001111111111111111111111111111111111111111111111111100000000111111111111111111111111111111111111111111111111111111111110
111111111111111111111111111111111000500000000010011111111111111100000000000000000111111111111111111111111111111111000000000000000000000000000000000000000000000000000000111100000000001111111111111111111111111111111111111111111111111100000000111111111111111111111111111111111111111111111111111111111110
111111111111111111111111111111111000500000000111111111111111111100000000000000000111111111111111111111111111111111055555000055555555000000000000000000000000000000550000111111110000001111111111111111111111111111111111111111111111111100000000011111111111111111111111111111111111111111111111111111111110
111111111111111111111111111111111000000000001111111111111111111100000000000000000011111111111111111111111111111111055555000055555555000000000000000000000000000000550000111111110000001111111111111111111111111111111111111111111111111100000000011111111111111111111111111111111111111111111111111111111110
111111111111111111111111111111110000000000001111111111111111111100000000000000000001111111111111111111111111111111050000000000005500000000000000000000000000000000000000000000000000001111111111111111111111111111111111111111111111111110000000011111111111111111111111111111111111111111111111111111111110
111111111111111111111111111111110000000000001111111111111111111100000000000000000000111111111111111111111111111111050000000000005500000000000000000000000000000000000000000000000000001111111111111111111111111111111111111111111111111111000000000111111111111111111111111111111111111111111111111111111110
111111111111111111111111111111110000000000011111111111111111111111111111111100000000011111111111111111111111111111050000000000005500055555555500000055555555500000000000000000000000001111111111111111111111111111111111111111111111111111110000000011111111111111111111111111111111111111111111111111111110
111111111111111111111111111111110005500000111111111111111111111111111111111110000000000111111111111111111111111111050000000000005500000000000000000000000000000000000000000000000000001111111111111111111111111111111111111111111111111111111100000011111111111111111111111111111111111111111111111111111110
111111111111111111111111111111110055550001111111111111111111111111111111111111000000000011111111111111111111111111000000000000000000000000000000000000000000000000000000000000000000001111111111111111111111111111111111111111111111111111111100000001111111111111111111111111111111111111111111111111111110
111111111111111111111111111111110555555011111111111111111111111111111111111111100000000011111111111111111111111111000000000000000000000000000000000000000000000000000000000000000000001111111111111111111111111111111111111111111111111111111110000001111111111111111111111111111111111111111111111111111110
111111111111111111111111111111110555555011111111111111111111111111111111111111110000000011111111111111111111111111000000000000000000000000000000000000000000000000000000000000000000001111111111111111111111111111111111111111111111111111111111000000001111111111111111111111111111111111111111111111111110
111111111111111111111111111111110055550011111111111111111111111111111111111111110000555011111111111111111111111111000000000000000000000000000000000000000000000000000000000000000000001111111111111111111111111111111111111111111111111111111111000000000111111111111111111111111111111111111111111111111110
111111111111111111111111111111110005500011111111111111111111111111111111111111110000000011111111111111111111111111050000000000005500000000000000000000000000000000000000000000000000001111111111111111111111111111111111111111111111111111111111000000000011111111111111111111111111111111111111111111111110
111111111111111111111111111111110000000011111111111111111111111111111111111111110000000011111111111111111111111111050000000000005500055555555500000055555555500000000000000000000000001111111111111111111111111111111111111111111111111111111111000000000000111111111111111111111111111111111111111111111110
111111111111111111111111111111111111111111111111111111111111111111111111111111110000000011111111111111111111111111050000000000005500000000000000000000000000000000000000000000000000001111111111111111111111111111111111111111111111111111111111000000000000001111111111111111111111111111111111111111111110
111111111111111111111111111111111111111111111111111111111111111111111111111111110000000011111111111111111111111111050000000000005500000000000000000000000000000005500000000000000000001111111111111111111111111111111111111111111111111111111110000000000000000111111111111111111111111111111111111111111110
111111111111111111111111111111111111111111111111111111111111111111111111111111110000000011111111111111111111111111055555000055555555000000000000000000000000000005500000111111110000001111111111111111111111111111111111111111111111111111111110000000000000000011111111111111111111111111111111111111111110
111111111111111111111111111111111111111111111111111111111111111111111111111111110000000011111111111111111111111111055555000055555555000000000000000000000000000000111110111111110000001111111111111111111111111111111111111111111111111111111111000000000000000000111111111111111111111111111111111111111110
111111111111111111111111111111111111111111111111111111111111111111111111111111100000011111111111111111111111111111000000000000000000000000000000000000000000000011111111111100000000001111111111111111111111111111111111111111111111111111111111000000000000000000111111111111111111111111111111111111111110
111111111111111111111111111111111111111111111111111111111111111111111111111111000000111111111111111111111111111111000000000000000000000000000000000000000000000011111111111100000000001111111111111111111111111111111111111111111111111111111111000000000000000000111111111111111111111111111111111111111110
111111111111111111111111111111111111111111111111111111111111111111111111111110000000111111111111111111111111111111000000000000000000000000000000000000000000000011111111111100000000001111111111111111111111111111111111111111111111111111111111100000000005000000111111111111111111111111111111111111111110
111111111111111111111111111111111111111111111111111111111111111111111111111100000000011111111111111111111111111111000000000000000000000000000000000000000000000011111111111100000000001111111111111111111111111111111111111111111111111111111111110000000000000000000111111111111111111111111111111111111110
111111111111111111111111111111111111111111111111111111111111111111111111000000000001111111111111111111111111111111111111111111111111111111111111111111111111111111111111111100000000000011111111111111111111111111111111111111111111111111111111111111111110000000000000111111111111111111111111111111111110
111111111111111111111111111111111111111111111111111111111111111111111111000000000011111111111111111111111111111111111111111111111111111111111111111111111111111111111111111100000000000011111111111111111111111111111111111111111111111111111111111111111111100000000000111111111111111111111111111111111110
111111111111111111111111111111111111111111111111111111111111111111111111000000000111111111111111111111111111111111111111111111111111111111111111111111111111111111111111111100000000000011111111111111111111111111111111111111111111111111111111111111111111110000000000111111111111111111111111111111111110
111111111111111111111111111111111111111111111111111111111111111111111110000000000111111111111111111111111111111111111111111111111111111111111111111111111111111111111111111100000000000011111111111111111111111111111111111111111111111111111111111111111111111000000000111111111111111111111111111111111110
111111111111111111111111111111111111111111111111111111111111111111111110000000001111111111111111111111111111111111111111111111111111111111111111111111111111111111111111111111000000000011111111111111111111111111111111111111111111111111111111111111111111111000000000111111111111111111111111111111111110
111111111111111111111111111111111111111111111111111111111111111111111100000000001111111111111111111111111111111111111111111111111111111111111111111111111111111111111111111111000000000011111111111111111111111111111111111111111111111111111111111111111111111100000000111111111111111111111111111111111110
111111111111111111111111111111111111111111111111111111111111111111111000000000001111111111111111111111111111111111111111111111111111111111111111111111111111111111111111111111000000000011111111111111111111111111111111111111111111111111111111111111111111111150000000111111111111111111111111111111111110
111111111111111111111111111111111111111111111111111111111111111111000000000000001111111111111111111111111111111111111111111111111111111111111111111111111111111111111111111111000000000011111111111111111111111111111111111111111111111111111111111111111111111150000000111111111111111111111111111111111110
111111111111111111111111111111111111111111111111111111111111111110000000000000001111111111111111111111111111111111111111111111111111111111111111111111111111111111111111111111110000000011111111111111111111111111111111111111111111111111111111111111111111111100000000111111111111111111111111111111111110
111111111111111111111111111111111111111111111111111111111111111100000000000000001111111111111111111111111111111111111111111111111111111111111111111111111111111111111111111111110000000011111111111111111111111111111111111111111111111111111111111111111111111100000005111111111111111111111111111111111110
111111111111111111111111111111111111111111111111111111111111111100000000000000001111111111111111111111111111111111111111111111111111111111111111111111111111111111111111111111110000000011111111111111111111111111111111111111111111111111111111111111111111111100000005111111111111111111111111111111111110
111111111111111111111111111111111111111111111111111111111111111000000000000000001111111111111111111111111111111111111111111111111111111111111111111111111111111111111111111111110000000011111111111111111111111111111111111111111111111111111111111111111111111100000005111111111111111111111111111111111110
111111111111111111111111111111111111111111111111111111111111111000011110000000001111111111111111111111111111111111111111111111111111111111111111111111111111111111111111111111110000000011111111111111111111111111111111111111111111111111111111111111111111111100000005111111111111111111111111111111111110
111111111111111111111111111111111111111111111111111111111111111000011110000000000111111111111111111111111111111111111111111111111111111111111111111111111111111111111111111111110000000011111111111111111111111111111111111111111111111111111111111111111111111100000000111111111111111111111111111111111110
111111111111111111111111111111111111111111111111111111111111111000111110000000000011111111111111111111111111111111111111111111111111111111111111111111111111111111111111111111110000000011111111111111111111111111111111111111111111111111111111111111111111111100000000111111111111111111111111111111111110
111111111111111111111111111111111111111111111111111111111111100000111110000000000001111111111111111111111111111111111111111111111111111111111111111111111111111111111111111111110000000011111111111111111111111111111111111111111111111111111111111111111111111100000000111111111111111111111111111111111110
111111111111111111111111111111111111111111111111111111110000000000011110000000000000011111111111111111111111111111111111111111111111111111111111111111111111111111111111111111110000000011111111111111111111111111111111111111111111111111111111111111111111111100000000111111111111111111111111111111111110
111111111111111111111111111111111111111111111111111111110000000000011000000000000000001111111111111111111111111111111111111111111111111111111111111111111111111111111111111111110000000011111111111111111111111111111111111111111111111111111111111111111111111100000000111111111111111111111111111111111110
111111111111111111111111111111111111111111111111111111110000000000000000000000000000000011111111111111111111111111111111111111111111111111111111111111111111111111111111111111110000000011111111111111111111111111111111111111111111111111111111111111111111111100000000111111111111111111111111111111111110
111111111111111111111111111111111111111111111111111111110000000000000000000000000000000011111111111111111111111111111111111111111111111111111111111111111111111111111111111111110000000011111111111111111111111111111111111111111111111111111111111111111111111100001111111111111111111111111111111111111110
111111111111111111111111111111111111111111111111111111110000000000000000000000000000000011111111111111111111111111111111111111111111111111111111111111111111111111111111111111110000000011111111111111111111111111111111111111111111111111111111111111111111111000011111111111111111111111111111111111111110
111111111111111111111111111111111111111111111111111111110000000000000000000000000000000011111111111111111111111111111111111111111111111111111111111111111111111111111111111111110000000011111111111111111111111111111111111111111111111111111111111111111111110000011111111111111111111111111111111111111110
111111111111111111111111111111111111111111111111111111115550000000000000000000000000000011111111111111111111111111111111111111111111111111111111111111111111111111111111111111110000000001111111111111111111111111111111111111111111111111111111111111111111110000011111111111111111111111111111111111111110
111111111111111111111111111111111111111111111111111111115550000000000000000000000000000011111111111111111111111111111111111111111111111111111111111111111111111111111111111111110000000001111111111111111111111111111111000111111111111111111111111111111111100000001111111111111111111111111111111111111110
111111111111111111111111111111111111111111111111111111110000000000000000000000000000000011111111111111111111111111111111111111111111111111111111111111111111111111111111111111110000000000001111111111111111111111111111000000111111111111111111111111110000000000001111111111111111111111111111111111111110
111111111111111111111111111111111111111111111111111111110000000000111111111111001110000011111111111111111111111111111111111111111111111111111111111111111111111111111111111111111000000000000111111111111111111111111111000000001111111111111111111111110000000000111111111111111111111111111111111111111110
111111111111111111111111111111111111111111111111111111110000000001111111111111111111000011111111111111111111111111111111111111111111111111111111111111111111111111111111111111111000000000000111110000001111111111111111000000001111111111111111111111110000000000111111111111111111111111111111111111111110
111111111111111111111111111111111111111111111111111111110000000001111111111111111111000011111111111111111111111111111111111111111111111111111111111111111111111111111111111111110000000000000111100000001111111111111111000000001111111111111111111111110000000001111111111111111111111111111111111111111110
111111111111111111111111111111111111111111111111111111110000000001111111111111111111100011111111111111111111111111111111111111111111111111111111111111111111111111111111111111100000000000000111000000001111111111111110000000005111111111111111111111100000000001111111111111111111111111111111111111111110
111111111111111111111111111111111111111111111111111111110000000011111111111111111111000001111111111111111111111111111111111111111111111111111111111111111111111111111111111111000000000000000110000000001111111111111100000000005511111111111111111111100000000011111111111111111111111111111111111111111110
111111111111111111111111111111111111111111111111111111110000000011111111111111110110000001111111111111111111111111111111111111111111111111111111111111111111111111111111111111000000000000000100000000000111111111111100000000000001111111111111111111000000000511111111111111111111111111111111111111111110
111111111111111111111111111111111111111111111111111111110000000011111111111111110000000000011111111111111111111111111111111111111111111111111111111111111111111111111111111110000000000000000000000000000001111111111100000000000000111111111111111100000000000511111111111111111111111111111111111111111110
111111111111111111111111111111111111111111111111111111110000000011111111111111110000000000000011111111111111111111111111111111111111111111111111111111110000000000000000000000000000000111000000000000000000111111100000000000000000001111111111110000000000000011111111111111111111111111111111111111111110
111111111111111111111111111111111111111111111111111111110000000011111111111111110000000000000001111111111111111111111111111111111111111111111111111111110005500000000000000000000000001111100000000000000000000000000000000000000000000000000000000000000000000011111111111111111111111111111111111111111110
111111111111111111111111111111111111111111111111111111110000000011111111111111110000000000000001111111111111111111111111111111111111111111111111111111110055550000000000000000000000011111000000000000000000000000000000000000000000000000000000000000000000000011111111111111111111111111111111111111111110
111111111111111111111111111111111111111111111111111111110000000011111111111111110000000000000000111111111111111111111111111111111111111111111111111111110555555000000000000000000000001111000000000000000000000000000000001111000000000000000000000000000000000011111111111111111111111111111111111111111110
111111111111111111111111111111111111111111111111111111110000550011111111111111110000000000000000111111111111111111111111111111111111111111111111111111110555555000000000000000000000001111000000000000000000000000000000011111000000000000000000000000000000000011111111111111111111111111111111111111111110
111111111111111111111111111111111111111111111111111111100000555111111111111111110000000000000005111111111111111111111111111111111111111111111111111111110055550000000000000000000000000000000000000000000000000000000000011111000000000000000000000000000000000001111111111111111111111111111111111111111110
111111111111111111111111111111111111111111111111111111000000055111111111111111111100000000000005111111111111111111111111111111111111111111111111111111110005500000000000010000000000000000000000000000000000000000000000011111000000000000000000000000000000000000111111111111111111111111111111111111111110
111111111111111111111111111111111111111111111111111111000000005111111111111111111110000000000000111111111111111111111111111111111111111111111111111111110000000000550000111000000000000000000000000000000000000000000000001110000000000000000000000001111100000000111111111111111111111111111111111111111110
111111111111111111111111111111111111111111111111000000000011111111111111111111111110000000000000111111111111111111111111111111111111111111111111111111111111111111111101111000000000000000000000000000000001111111111111111111111111100000000000000001111100000000000000111111111111111111111111111111111110
111111111111111111111111111111111111111111111111000000000111111111111111111111111111110000000000111111111111111111111111111111111111111111111111111111111111111111111101111100000000000000000000000000000011111111111111111111111111110000000000000001111100000000000000111111111111111111111111111111111110
111111111111111111111111111111111111111111111111000000001111111111111111111111111111111000000000111111111111111111111111111111111111111111111111111111111111111111111111111100000000000000000000000000000111111111111111111111111111110000000000000001111100000000000000111111111111111111111111111111111110
111111111111111111111111111111111111111111111111000000001111111111111111111111111111111000000000111111111111111111111111111111111111111111111111111111111111111111111111111100000000000000000000000000001111111111111111111111111111111100000000000000111000000000000000111111111111111111111111111111111110
111111111111111111111111111111111111111111111111000000001111111111111111111111111111111100000000111111111111111111111111111111111111111111111111111111111111111111111111000000000000000000000000000000001111111111111111111111111111111100000000000000000000000000000000111111111111111111111111111111111110
111111111111111111111111111111111111111111111111000000001111111111111111111111111111111100000000011111111111111111111111111111111111111111111111111111111111111111111111000000000000000000000000000000001111111111111111111111111111111100000000000000000000000000000000111111111111111111111111111111111110
111111111111111111111111111111111111111111111111000000001111111111111111111111111111111100000000001111111111111111111111111111111111111111111111111111111111111111111111000000000000000000000000000000001111111111111111111111111111111110000000000000000000000000000000111111111111111111111111111111111110
111111111111111111111111111111111111111111111111000000001111111111111111111111111111111110000000000111111111111111111111111111111111111111111111111111111111111111111111000000000000000000550000000000001111111111111111111111111111111111000000000000000000000000000000111111111111111111111111111111111110
111111111111111111111111111111111111111111111111055000001111111111111111111111111111111111111110000001111111111111111111111111111111111111111111111111111111111111111111000000000000000000551111111111111111111111111111111111111111111111000000000000000000000000000000111111111111111111111111111111111110
111111111111111111111111111111111111111111111111055000001111111111111111111111111111111111111111000000000000000000001111111111111111111111111111111111111111111111111111000000000000000000011111111111111111111111111111111111111111111111000000000000000000000000000000111111111111111111111111111111111110
111111111111111111111111111111111111111111111111000000001111111111111111111111111111111111111111000000000000000000000111111111111111111111111111111111111111111111111111000000000000000000111111111111111111111111111111111111111111111111000000000000000000000000000000011111111111111111111111111111111110
111111111111111111111111111111111111111111111111000000001111111111111111111111111111111111111111000000000000000000000001111111111111111111111111111111111111111111111111000000000000000001111111111111111111111111111111111111111111111111000000000000000000000000000000011111111111111111111111111111111110
111111111111111111111111111111111111111111111111000000001111111111111111111111111111111111111111000000000011100000000000111111111111111111111111111111111111111111111110000000000000000001111111111111111111111111111111111111111111111111000000000000000000000000000000011111111111111111111111111111111110
111111111111111111111111111111111111111111111111000000000111111111111111111111111111111111111111000000000111110000000000011111111111111111111111111111111111111111111110000000000000000001111111111111111111111111111111111111111111111111000000000000000000000000000000001111111111111111111111111111111110
111111111111111111111111111111111111111111111111000000000011111111111111111111111111111111111111000000000111110000000000000111111111111111111111111111111111111111111100000000000000000011111111111111111111111111111111111111111111111111000000000000000000000000000000000011111111111111111111111111111110
111111111111111111111111111111111111111111111111000000000001111111111111111111111111111111111111100000000111100000000000000011111111111111111111111111111111111111111100000000000000000011111111111111111111111111111111111111111111111111000000000000000000000000000000000011111111111111111111111111111110
111111111111111111111111111111111111111111111111000000000000011111111111111111111111111111111111111111111111111111111000000001111111111111111111111111111111111111000000000111111111111111111111111111111111111111111111111111111111111111111111111110000000000000000000000000001111111111111111111111111110
111111111111111111111111111111111111111111111111000000000000001111111111111111111111111111111111111111111111111111111100000000011111111111111111111111111111111111000000001111111111111111111111111111111111111111111111111111111111111111111111111110000000000000000000000000001111111111111111111111111110
111111111111111111111111111111111111111111111111000000000000000011111111111111111111111111111111111111111111111111111110005000001111111111111111111111111111111111000000001111111111111111111111111111111111111111111111111111111111111111111111111111000000000000000000000000001111111111111111111111111110
111111111111111111111111111111111111111111111111011000000000000011111111111111111111111111111111111111111111111111111111000000001111111111111111111111111111111111000000011111111111111111111111111111111111111111111111111111111111111111111111111111100000011110000000000000001111111111111111111111111110
111111111111111111111111111111111111111111111111111110000000000011111111111111111111111111111111111111111111111111111111000000001111111111111111111111111111111111000000111111111111111111111111111111111111111111111111111111111111111111111111111111100000011110000000000000001111111111111111111111111110
111111111111111111111111111111111111111111111111111110000000000011111111111111111111111111111111111111111111111111111111000000001111111111111111111111111111111111000000111111111111111111111111111111111111111111111111111111111111111111111111111111100000111110000000000000001111111111111111111111111110
111111111111111111111111111111111111111111111111111110000000000011111111111111111111111111111111111111111111111111111111000000001111111111111111111111111111111111000000111111111111111111111111111111111111111111111111111111111111111111111111111111110000111111000000000000001111111111111111111111111110
111111111111111111111111111111111111111111111111111110000000000011111111111111111111111111111111111111111111111111111111000000001111111111111111111111111111111111000000111111111111111111111111111111111111111111111111111111111111111111111111111111110000011110000000000000001111111111111111111111111110
111111111111111111111111111111111111111111111111111100000000000011111111111111111111111111111111111111111111111111111111000000001111111111111111111111111111111111000000011111111111111111111111111111111111111111111111111111111111111111111111111111110000000000000011111111111111111111111111111111111110
111111111111111111111111111111111111111111111111111111000000000011111111111111111111111111111111111111111111111111111111000000001111111111111111111111111111111111000000011111111111111111111111111111111111111111111111111111111111111111111111111111110000000000000011111111111111111111111111111111111110
111111111111111111111111111111111111111111111111111111100000000011111111111111111111111111111111111111111111111111111111000000001111111111111111111111111111111111000000111111111111111111111111111111111111111111111111111111111111111111111111111111110000000000001111111111111111111111111111111111111110
111111111111111111111111111111111111111111111111111111100000000011111111111111111111111111111111111111111111111111111111000000001111111111111111111111111111111111000000111111111111111111111111111111111111111111111111111111111111111111111111111111110000000000001111111111111111111111111111111111111110
111111111111111111111111111111111111111111111111111111111000000011111111111111111111111111111111111111111111111111111111000000001111111111111111111111111111111111000000011111111111111111111111111111111111111111111111111111111111111111111111111111110000000000011111111111111111111111111111111111111110
111111111111111111111111111111111111111111111111111111111000000001111111111111111111111111111111111111111111111111111111000000001111111111111111111111111111111111000000001111111111111111111111111111111111111111111111111111111111111111111111111111110000000000011111111111111111111111111111111111111110
111111111111111111111111111111111111111111111111111111111100000000111111111111111111111111111111111111111111111111111110000000001111111111111111111111111111111111000000001111111111111111111111111111111111111111111111111111111111111111111111111111110000000000111111111111111111111111111111111111111110
111111111111111111111111111111111111111111111111111111111110000000001111111111111111111111111111111111111111111111111100000000001111111111111111111111111111111111100000000011111111111111111111111111111111111111111111111111111111111111111111111111110000000001111111111111111111111111111111111111111110
111111111111111111111111111111111111111111111111111111111110000000000111111111111111111111111111111111111111111100000000000000001111111111111111111111111111111111111000000000001111111111111111111111111111111111111111111111111111111111111111111111110000000551111111111111111111111111111111111111111110
111111111111111111111111111111111111111111111111111111111111100000000011111111111111111111111111111111111111111100000000000000001111111111111111111111111111111111111100000000001111111111111111111111111111111111111111111111111111111111111111111111110000000551111111111111111111111111111111111111111110
111111111111111111111111111111111111111111111111111111111111110000000000111111111111111111111111111111111111111100000000000000001111111111111111111111111111111111111110000000001111111111111111111111111111111111111111111111111111111111111111111111110000000051111111111111111111111111111111111111111110
111111111111111111111111111111111111111111111111111111111111111000000000111111111111111111111111111111111111111100000000000000001111111111111111111111111111111111111111000000001111111111111111111111111111111111111111111111111111111111111111111111110000000001111111111111111111111111111111111111111110
111111111111111111111111111111111111111111111111111111111111111000000000111111111111111111111111111111111111111100000000000000011111111111111111111111111111111111111111000000000111111111111111111111111111111111111111111111111111111111111111111111110000000001111111111111111111111111111111111111111110
111111111111111111111111111111111111111111111111111111111111111100000000111111111111111111111111111111111111111100000000000000011111111111111111111111111111111111111111000000000111111111111111111111111111111111111111111111111111111111111111111111110000000001111111111111111111111111111111111111111110
111111111111111111111111111111111111111111111111111111111111111100000000111111111111111111111111111111111111111100000000000000111111111111111111111111111111111111111111111000000001111111111111111111111111111111111111111111111111111111111111111111110000000001111111111111111111111111111111111111111110
111111111111111111111111111111111111111111111111111111111111111100000000111111111111111111111111111111111111111100000000000000111111111111111111111111111111111111111111111000000000111111111111111111111111111111111111111111111111111111111111111111110000000000111111111111111111111111111111111111111110
111111111111111111111111111111111111111111111111111111111111111100000000111111111111111111111111111111111000000000000000011111111111111111111111111111111111111111111111111111000000111111111111111111111111111111111111111111111111111111111111111111110000000000000000111111111111111111111111111111111110
111111111111111111111111111111111111111111111111111111111111111100000000111111111111111111111111111111111000000000000000111111111111111111111111111111111111111111111111111111000000011111111111111111111111111111111111111111111111111111111111111111110000000000000000111111111111111111111111111111111110
111111111111111111111111111111111111111111111111111111111111111100000000111111111111111111111111111111111000000000000000111111111111111111111111111111111111111111111111111111100000000011111111111111111111111111111111111111111111111111111111111111000000000000000000111111111111111111111111111111111110
111111111111111111111111111111111111111111111111111111111111111100000000111111111111111111111111111111111000000000000000111111111111111111111111111111111111111111111111111111100000000011111111111111111111111111111111111111111111111111111111111111000000000000000000111111111111111111111111111111111110
111111111111111111111111111111111111111111111111111111111111111100000000111111111111111111111111111111110000000000000011111111111111111111111111111111111111111111111111111111110000000011111111111111111111111111111111111111111111111111111111111111000000050000000000111111111111111111111111111111111110
111111111111111111111111111111111111111111111111111111111111111100000000111111111111111111111111111111110000000000000011111111111111111111111111111111111111111111111111111111110000000011111111111111111111111111111111111111111111111111111111111111000000000000000000111111111111111111111111111111111110
111111111111111111111111111111111111111111111111111111111111111100000000111111111111111111111111111111111000000000000011111111111111111111111111111111111111111111111111111111110000000011111111111111111111111111111111111111111111111111111111110000000000000000000000111111111111111111111111111111111110
111111111111111111111111111111111111111111111111111111111111111100000000111111111111111111111111111111111000000000000011111111111111111111111111111111111111111111111111111111110000000011111111111111111111111111111111111111111111111111111111110000000000000000000000111111111111111111111111111111111110
111111111111111111111111111111111111111111111111111111111111111100000000111111111111111111111111111111111000000000000011111111111111111111111111111111111111111111111111111111110000000011111111111111111111111111111111111111111111111111111111111100000000111111111111111111111111111111111111111111111110
111111111111111111111111111111111111111111111111111111111111111100000000111111111111111111111111111111111000000000000001111111111111111111111111111111111111111111111111111111110000000011111111111111111111111111111111111111111111111111111111111100000001111111111111111111111111111111111111111111111110
111111111111111111111111111111111111111111111111111111111111111000000000111111111111111111111111111111110000000000000000111111111111111111111111111111111111111111111111111111110000000011111111111111111111111111111111111111111111111111111111111100000011111111111111111111111111111111111111111111111110
111111111111111111111111111111111111111111111111111111111111111000000000111111111111111111111111111111110111110000000000111111111111111111111111111111111111111111111111111111110000000011111111111111111111111111111111111111111111111111111111111000000111111111111111111111111111111111111111111111111110
111111111111111111111111111111111111111111111111111111111111110000000005111111111111111111111111111111110111110000000000011111111111111111111111111111111111111111111111111111110000000011111111111111111111111111111111111111111111111111111111111000000111111111111111111111111111111111111111111111111110
111111111111111111111111111111111111111111111111111111111111110000000005111111111111111111111111111111111111110000000000001111111111111111111111111111111111111111111111111111000000000011111111111111111111111111111111111111111111111111111100000000000111111111111111111111111111111111111111111111111110
111111111111111111111111111111111111111111111111111111111111100000000000111111111111111111111111111111111111110000000000000111111111111111111111111111111111111111111111111111000000000011111111111111111111111111111111111111111111111111111000000000001111111111111111111111111111111111111111111111111110
111111111111111111111111111111111111111111111111111111110000000000000001111111111111111111111111111111111111110000000000000001111111111111111111111111111111111111111111111111000000000011111111111111111111111111111111111111111111111111110000000000001111111111111111111111111111111111111111111111111110
111111111111111111111111111111111111111111111111111111110000000000000011111111111111111111111111111111111111100000000000000000011111111111111111111111111111111111110000000000000000000011111111111111111111111111111111111111111111111100000000000000001111111111111111111111111111111111111111111111111110
111111111111111111111111111111111111111111111111111111100000000000111111111111111111111111111111111111111111111000000000000000001111111111111111111111111111111111100000000000000000000011111111111111111111111111111111111111111111111100000000000000001111111111111111111111111111111111111111111111111110
111111111111111111111111111111111111111111111111111111100000000000111111111111111111111111111111111111111111111100000000000000001111111111111111111111111111111111000000000000000000000011111111111111111111111111111111111111111111111100000000000000001111111111111111111111111111111111111111111111111110
111111111111111111111111111111111111111111111111111111100000000001111111111111111111111111111111111111111111111100000000000000001111111111111111111111111111111111000000000011100000000011111111111111111111111111111111111111111111111000000000000000001111111111111111111111111111111111111111111111111110
111111111111111111111111111111111111111111111111111111100000000011111111111111111111111111111111111111111111111100000000000000001111111111111111111111111111111111000000000111110000000011111111111111111111111111111111111111111111111000000000000000001111111111111111111111111111111111111111111111111110
111111111111111111111111111111111111111111111111111111000000000011111111111111111111111111111111111111111111111100000000000000000111111111111111111111111111111111000000001111100000000011111111111111111111111111111111111111111111110000000000000000000111111111111111111111111111111111111111111111111110
111111111111111111111111111111111111111111111111111110000000000011111111111111111111111111111111111111111111111100000000000000000011111111111111111111111111111111000000000111100000000001111111111111111111111111111111111111111111100000000000005500000011111111111111111111111111111111111111111111111110
111111111111111111111111111111111111111111111111111100000000000011111111111111111111111111111111111111111111111100000000111000000001111111111111111111111111111111000000000111100000000000011111111111111111111111111111111111111110000000000000005500000000111111111111111111111111111111111111111111111110
111111111111111111111111111111111111111111000000000000000000000011111111111111111111111111111111111111111111111111111111111100000000111111111111111111111111111111000000000000000000000000000000111111111111111111111111000000000000000000001111111100000000001111111111111111111111111111111111111111111110
111111111111111111111111111111111111111111500000000000000000000011111111111111111111111111111111111111111111111111111111111111000000000111111111111111111111111111000000000000000000000000000000111111111111111111111111000000000000000000001111111110000000000111111111111111111111111111111111111111111110
111111111111111111111111111111111111111111500000000000000000000011111111111111111111111111111111111111111111111111111111111111100000000011111111111111111111111111110000050000000000000000000000111111111111111111111111000000000000000000111111111111000000000011111111111111111111111111111111111111111110
111111111111111111111111111111111111111111000000000111100000000011111111111111111111111111111111111111111111111111111111111111110000000011111111111111111111111111110000050000000000000000000000111111111111111111111110000000000000111111111111111111100000000011111111111111111111111111111111111111111110
111111111111111111111111111111111111111111000000000111100000000011111111111111111111111111111111111111111111111111111111111111110000000011111111111111111111111111111000050000000000000000000000111111111111111111111110000000000000111111111111111111110000000011111111111111111111111111111111111111111110
111111111111111111111111111111111111111110000000000111100000000011111111111111111111111111111111111111111111111111111111111111110000000001111111111111111111111111111000000000000000000000000000011111111111111111111100000000000001111111111111111111110000000011111111111111111111111111111111111111111110
111111111111111111111111111111111111111100000000001111110000000111111111111111111111111111111111111111111111111111111111111111111000000000111111111111111111111111110000000000111111111110000000000111111111111111111100000000000001111111111111111111110000000011111111111111111111111111111111111111111110
111111111111111111111111111111111111111000000000001111110000001111111111111111111111111111111111111111111111111111111111111111111100000000001111111111111111111111110000000001111111111111000000000001111111111111110000000000000000111111111111111111110000000011111111111111111111111111111111111111111110
111111111111111111111111111111110000000000000000000011111111111111111111111111111111111111111111111111111111111111111111111111111100000000000011111111111111111111100000000011111111111111111000000000000000000000000000000001111111111111111111111111110000000000000000000000001111111111111111111111111110
111111111111111111111111111111110005500000000000000111111111111111111111111111111111111111111111111111111111111111111111111111111100000000000001111111111111111111000000001111111111111111111100000000000000000000000000111111111111111111111111111111110000000000000000000000001111111111111111111111111110
111111111111111111111111111111110055550000000000001111111111111111111111111111111111111111111111111111111111111111111111111111111100000000000000111111111111111110000000011111111111111111111110001100000000000000000000111111111111111111111111111111110000000000000000000000001111111111111111111111111110
111111111111111111111111111111110555555000000000011111111111111111111111111111111111111111111111111111111111111111111111111111111100000000000000111111111111111110000000011111111111111111111111111110000000000000000000111111111111111111111111111111110000000000000000000000001111111111111111111111111110
111111111111111111111111111111110555555000000000111111111111111111111111111111111111111111111111111111111111111111111111111111111100000000000000111111111111111000000000111111111111111111111111111111000000000000000000111111111111111111111111111111110000000000000000000000001111111111111111111111111110
111111111111111111111111111111110055550000000000111111111111111111111111111111111111111111111111111111111111111111111111111111111100000000000000001111111111110000000000111111111111111111111111111110000000000000000000111111111111111111111111111111110000000000000000000000001111111111111111111111111110
111111111111111111111111111111110005500000000000111111111111111111111111111111111111111111111111111111111111111111111111111111111111110000000000000111111111110000000001111111111111111111111111111100000000000000000011111111111111111111111111111111110000000000000000000000001111111111111111111111111110
111111111111111111111111111111110000000000000000111111111111111111111111111111111111111111111111111111111111111111111111111111111111111111000000000111111111100000000001111111111111111111111111000000000000000000000011111111111111111111111111111111110000000000000000000000001111111111111111111111111110
111111111111111111111111111111111111110000000000111111111111111111111111111111111111111111111111111111111111111111111111111111111111111111110000000000000000000000011111111111111111111111111111111111111111111111111111111111111111111111111111111111111111111111111111111111111111111111111111111111111110
111111111111111111111111111111111111111000000000111111111111111111111111111111111111111111111111111111111111111111111111111111111111111111111100000000000000000001111111111111111111111111111111111111111111111111111111111111111111111111111111111111111111111111111111111111111111111111111111111111111110
111111111111111111111111111111111111111100000000111111111111111111111111111111111111111111111111111111111111111111111111111111111111111111111110000000000000000001111111111111111111111111111111111111111111111111111111111111111111111111111111111111111111111111111111111111111111111111111111111111111110
111111111111111111111111111111111111111100000000111111111111111111111111111111111111111111111111111111111111111111111111111111111111111111111111000000000000000001111111111111111111111111111111111111111111111111111111111111111111111111111111111111111111111111111111111111111111111111111111111111111110
111111111111111111111111111111111111111100000000111111111111111111111111111111111111111111111111111111111111111111111111111111111111111111111111000000000000000011111111111111111111111111111111111111111111111111111111111111111111111111111111111111111111111111111111111111111111111111111111111111111110
111111111111111111111111111111111111111100000000111111111111111111111111111111111111111111111111111111111111111111111111111111111111111111111111000000000000000011111111111111111111111111111111111111111111111111111111111111111111111111111111111111111111111111111111111111111111111111111111111111111110
111111111111111111111111111111111111111100000000111111111111111111111111111111111111111111111111111111111111111111111111111111111111111111111111100000000000000111111111111111111111111111111111111111111111111111111111111111111111111111111111111111111111111111111111111111111111111111111111111111111110
111111111111111111111111111111111111111100000000111111111111111111111111111111111111111111111111111111111111111111111111111111111111111111111111111111111111111111111111111111111111111111111111111111111111111111111111111111111111111111111111111111111111111111111111111111111111111111111111111111111110
111111111111111111111111111111111111111100000000111111111111111111111111111111111111111111111111111111111111111111111111111111111111111111111111111111111111111111111111111111111111111111111111111111111111111111111111111111111111111111111111111111111111111111111111111111111111111111111111111111111110
111111111111111111111111111111111111111100000000111111111111111111111111111111111111111111111111111111111111111111111111111111111111111111111111111111111111111111111111111111111111111111111111111111111111111111111111111111111111111111111111111111111111111111111111111111111111111111111111111111111110
111111111111111111111111111111111111111100000000111111111111111111111111111111111111111111111111111111111111111111111111111111111111111111111111111111111111111111111111111111111111111111111111111111111111111111111111111111111111111111111111111111111111111111111111111111111111111111111111111111111110
111111111111111111111111111111111111111100000000111111111111111111111111111111111111111111111111111111111111111111111111111111111111111111111111111111111111111111111111111111111111111111111111111111111111111111111111111111111111111111111111111111111111111111111111111111111111111111111111111111111110
111111111111111111111111111111111111111100000000111111111111111111111111111111111111111111111111111111111111111111111111111111111111111111111111111111111111111111111111111111111111111111111111111111111111111111111111111111111111111111111111111111111111111111111111111111111111111111111111111111111110
111111111111111111111111111111111111111100000000111111111111111111111111111111111111111111111111111111111111111111111111111111111111111111111111111111111111111111111111111111111111111111111111111111111111111111111111111111111111111111111111111111111111111111111111111111111111111111111111111111111110
111111111111111111111111111111111111111100000000111111111111111111111111111111111111111111111111111111111111111111111111111111111111111111111111111111111111111111111111111111111111111111111111111111111111111111111111111111111111111111111111111111111111111111111111111111111111111111111111111111111110
111111111111111111111111111111111111111100000000111111111111111111111111111111111111111111111111111111111111111111111111111111111111111111111111111111111111111111111111111111111111111111111111111111111111111111111111111111111111111111111111111111111111111111111111111111111111111111111111111111111110
111111111111111111111111111111111111111100000000111111111111111111111111111111111111111111111111111111111111111111111111111111111111111111111111111111111111111111111111111111111111111111111111111111111111111111111111111111111111111111111111111111111111111111111111111111111111111111111111111111111110
111111111111111111111111111111111111111100000000111111111111111111111111111111111111111111111111111111111111111111111111111111111111111111111111111111111111111111111111111111111111111111111111111111111111111111111111111111111111111111111111111111111111111111111111111111111111111111111111111111111110
111111111111111111111111111111111111111100000000111111111111111111111111111111111111111111111111111111111111111111111111111111111111111111111111111111111111111111111111111111111111111111111111111111111111111111111111111111111111111111111111111111111111111111111111111111111111111111111111111111111110
111111111111111111111111111111111111111100000000111111111111111111111111111111111111111111111111111111111111111111111111111111111111111111111111111111111111111111111111111111111111111111111111111111111111111111111111111111111111111111111111111111111111111111111111111111111111111111111111111111111110
111111111111111111111111111111111111111111111111111111111111111111111111111111111111111111111111111111111111111111111111111111111111111111111111111111111111111111111111111111111111111111111111111111111111111111111111111111111111111111111111111111111111111111111111111111111111111111111111111111111110
111111111111111111111111111111111111111111111111111111111111111111111111111111111111111111111111111111111111111111111111111111111111111111111111111111111111111111111111111111111111111111111111111111111111111111111111111111111111111111111111111111111111111111111111111111111111111111111111111111111110
111111111111111111111111111111111111111111111111111111111111111111111111111111111111111111111111111111111111111111111111111111111111111111111111111111111111111111111111111111111111111111111111111111111111111111111111111111111111111111111111111111111111111111111111111111111111111111111111111111111110
111111111111111111111111111111111111111111111111111111111111111111111111111111111111111111111111111111111111111111111111111111111111111111111111111111111111111111111111111111111111111111111111111111111111111111111111111111111111111111111111111111111111111111111111111111111111111111111111111111111110
111111111111111111111111111111111111111111111111111111111111111111111111111111111111111111111111111111111111111111111111111111111111111111111111111111111111111111111111111111111111111111111111111111111111111111111111111111111111111111111111111111111111111111111111111111111111111111111111111111111110
111111111111111111111111111111111111111111111111111111111111111111111111111111111111111111111111111111111111111111111111111111111111111111111111111111111111111111111111111111111111111111111111111111111111111111111111111111111111111111111111111111111111111111111111111111111111111111111111111111111110
111111111111111111111111111111111111111111111111111111111111111111111111111111111111111111111111111111111111111111111111111111111111111111111111111111111111111111111111111111111111111111111111111111111111111111111111111111111111111111111111111111111111111111111111111111111111111111111111111111111110
111111111111111111111111111111111111111111111111111111111111111111111111111111111111111111111111111111111111111111111111111111111111111111111111111111111111111111111111111111111111111111111111111111111111111111111111111111111111111111111111111111111111111111111111111111111111111111111111111111111110
111111111111111111111111111111111111111111111111111111111111111111111111111111111111111111111111111111111111111111111111111111111111111111111111111111111111111111111111111111111111111111111111111111111111111111111111111111111111111111111111111111111111111111111111111111111111111111111111111111111110
111111111111111111111111111111111111111111111111111111111111111111111111111111111111111111111111111111111111111111111111111111111111111111111111111111111111111111111111111111111111111111111111111111111111111111111111111111111111111111111111111111111111111111111111111111111111111111111111111111111110
111111111111111111111111111111111111111111111111111111111111111111111111111111111111111111111111111111111111111111111111111111111111111111111111111111111111111111111111111111111111111111111111111111111111111111111111111111111111111111111111111111111111111111111111111111111111111111111111111111111110
111111111111111111111111111111111111111111111111111111111111111111111111111111111111111111111111111111111111111111111111111111111111111111111111111111111111111111111111111111111111111111111111111111111111111111111111111111111111111111111111111111111111111111111111111111111111111111111111111111111110
111111111111111111111111111111111111111111111111111111111111111111111111111111111111111111111111111111111111111111111111111111111111111111111111111111111111111111111111111111111111111111111111111111111111111111111111111111111111111111111111111111111111111111111111111111111111111111111111111111111110
111111111111111111111111111111111111111111111111111111111111111111111111111111111111111111111111111111111111111111111111111111111111111111111111111111111111111111111111111111111111111111111111111111111111111111111111111111111111111111111111111111111111111111111111111111111111111111111111111111111110
111111111111111111111111111111111111111111111111111111111111111111111111111111111111111111111111111111111111111111111111111111111111111111111111111111111111111111111111111111111111111111111111111111111111111111111111111111111111111111111111111111111111111111111111111111111111111111111111111111111110
111111111111111111111111111111111111111111111111111111111111111111111111111111111111111111111111111111111111111111111111111111111111111111111111111111111111111111111111111111111111111111111111111111111111111111111111111111111111111111111111111111111111111111111111111111111111111111111111111111111110
111111111111111111111111111111111111111111111111111111111111111111111111111111111111111111111111111111111111111111111111111111111111111111111111111111111111111111111111111111111111111111111111111111111111111111111111111111111111111111111111111111111111111111111111111111111111111111111111111111111110
111111111111111111111111111111111111111111111111111111111111111111111111111111111111111111111111111111111111111111111111111111111111111111111111111111111111111111111111111111111111111111111111111111111111111111111111111111111111111111111111111111111111111111111111111111111111111111111111111111111110
