000000000000000000000000000000000000000000000000000000000000000000000000000000000000000000000000000000000000000000000000000000000000000000000000000000000000000000000000000000000000000000000000000000000000000000000000000000000000000000000000000000000000000000000000000000000000000000000000000000000000
111111111111111111111111111111111111111111111111111111111111111111111111111111111111111111111111111111111111111111111111111111111111111111111111111111111111111111111111111111111111111111111111111111111111111111111111111111111111111111111111111111111111111111111111111111111111111111111111111111111110
111111111111111111111111111111111111111111111111111111111111111111111111111111111111111111111111111111111111111111111111111111111111111111111111111111111111111111111111111111111111111111111111111111111111111111111111111111111111111111111111111111111111111111111111111111111111111111111111111111111110
111111111111111111111111111111111111111111111111111111111111111111111111111111111111111111111111111111111111111111111111111111111111111111111111111111111111111111111111111111111111111111111111111111111111111111111111111111111111111111111111111111111111111111111111111111111111111111111111111111111110
111111111111111111111111111111111111111111111111111111111111111111111111111111111111111111111111111111111111111111111111111111111111111111111111111111111111111111111111111111111111111111111111111111111111111111111111111111111111111111111111111111111111111111111111111111111111111111111111111111111110
111111111111111111111111111111111111111111111111111111111111111111111111111111111111111111111111111111111111111111111111111111111111111111111111111111111111111111111111111111111111111111111111111111111111111111111111111111111111111111111111111111111111111111111111111111111111111111111111111111111110
111111111111111111111111111111111111111111111111111111111111111111111111111111111111111111111111111111111111111111111111111111111111111111111111111111111111111111111111111111111111111111111111111111111111111111111111111111111111111111111111111111111111111111111111111111111111111111111111111111111110
111111111111111111111111111111111111111111111111111111111111111111111111111111111111111111111111111111111111111111111111111111111111111111111111111111111111111111111111111111111111111111111111111111111111111111111111111111111111111111111111111111111111111111111111111111111111111111111111111111111110
111111111111111111111111111111111111111111111111111111111111111111111111111111111111111111111111111111111111111111111111111111111111111111111111111111111111111111111111111111111111111111111111111111111111111111111111111111111111111111111111111111111111111111111111111111111111111111111111111111111110
111111111111111111111111111111111111111111111111111111111111111111111111111111111111111111111111111111111111111111111111111111111111111111111111111111111111111111111111111111111111111111111111111111111111111111111111111111111111111111111111111111111111111111111111111111111111111111111111111111111110
111111111111111111111111111111111111111111111111111111111111111111111111111111111111111111111111111111111111111111111111111111111111111111111111111111111111111111111111111111111111111111111111111111111111111111111111111111111111111111111111111111111111111111111111111111111111111111111111111111111110
111111111111111111111111111111111111111111111111111111111111111111111111111111111111111111111111111111111111111111111111111111111111111111111111111111111111111111111111111111111111111111111111111111111111111111111111111111111111111111111111111111111111111111111111111111111111111111111111111111111110
111111111111111111111111111111111111111111111111111111111111111111111111111111111111111111111111111111111111111111111111111111111111111111111111111111111111111111111111111111111111111111111111111111111111111111111111111111111111111111111111111111111111111111111111111111111111111111111111111111111110
111111111111111111111111111111111111111111111111111111111111111111111111111111111111111111111111111111111111111111111111111111111111111111111111111111111111111111111111111111111111111111111111111111111111111111111111111111111111111111111111111111111111111111111111111111111111111111111111111111111110
111111111111111111111111111111111111111111111111111111111111111111111111111111111111111111111111111111111111111111111111111111111111111111111111111111111111111111111111111111111111111111111111111111111111111111111111111111111111111111111111111111111111111111111111111111111111111111111111111111111110
111111111111111111111111111111111111111111111111111111111111111111111111111111111111111111111111111111111111111111111111111111111111111111111111111111111111111111111111111111111111111111111111111111111111111111111111111111111111111111111111111111111111111111111111111111111111111111111111111111111110
111111111111111111111111111111111111111111111111111111111111111111111111111111111111111111111111111111111111111111111111111111111111111111111111111111111111111111111111111111111111111111111111111111111111111111111111111111111111111111111111111111111111111111111111111111111111111111111111111111111110
111111111111111111111111111111111111111111111111111111111111111111111111111111111111111111111111111111111111111111111111111111111111111111111111111111111111111111111111111111111111111111111111111111111111111111111111111111111111111111111111111111111111111111111111111111111111111111111111111111111110
111111111111111111111111111111111111111111111111111111111111111111111111111111111111111111111111111111111111111111111111111111111111111111111111111111111111111111111111111111111111111111111111111111111111111111111111111111111111111111111111111111111111111111111111111111111111111111111111111111111110
111111111111111111111111111111111111111111111111111111111111111111111111111100000000111111111111111111111111111111111111111111111111111111111111111111111111111111111111111111111111111111111111111111111111111111111111111111111111111111111111111111111111111111111111111111111111111111111111111111111110
111111111111111111111111111111111111111111111111111111111111111111111111111100000000111111111111111111111111111111111111111111111111111111111111111111111111111111111111111111111111111111111111111111111111111111111111111111111111111111111111111111111111111111111111111111111111111111111111111111111110
111111111111111111111111111111111111111111111111111111111111111111111111111100000000111111111111111111111111111111111111111111111111111111111111111111111111111111111111111111111111111111111111111111111111111111111111111111111111111111111111111111111111111111111111111111111111111111111111111111111110
111111111111111111111111111111111111111111111111111111111111111111111111111100000000111111111111111111111111111111111111111111111111111111111111111111111111111111111111111111111111111111111111111111111111111111111111111111111111111111111111111111111111111111111111111111111111111111111111111111111110
111111111111111111111111111111111111111111111111111111111111111111111111111100000000111111111111111111111111111111111111111111111111111111111111111111111111111111111111111111111111111111111111111111111111111111111111111111111111111111111111111111111111111111111111111111111111111111111111111111111110
111111111111111111111111111111111111111111111111111111111111111111111111111100000000111111111111111111111111111111111111111111111111111111111111111111111111111111111111111111111111111111111111111111111111111111111111111111111111111111111111111111111111111111111111111111111111111111111111111111111110
111111111111111111111111111111111111111111111111111111111111111111111111111100000000111111111111111111111111111111111111111111111111111111111111111111111111111111111111111111111111111111111111111111111111111111111111111111111111111111111111111111111111111111111111111111111111111111111111111111111110
111111111111111111111111111111111111111111111111111111111111111111111111111100000000111111111111111111111111111111111111111111111111111111111111111111111111111111111111111111111111111111111111111111111111111111111111111111111111111111111111111111111111111111111111111111111111111111111111111111111110
111111111111111111111111111111111111111111111111111111111111111111111111111100000000111111111111111111111111111111111111111111111111111111111111111111111111111111111111111111111111111111111111111111111111111111111111111111111111111111111111111111111111111111111111111111111111111111111111111111111110
111111111111111111111111111111111111111111111111111111111111111111111111111100000000111111111111111111111111111111111111111111111111111111111111111111111111111111111111111111111111111111111111111111111111111111111111111111111111111111111111111111111111111111111111111111111111111111111111111111111110
111111111111111111111111111111111111111111111111111111111111111111111111111100000000111111111111111111111111111111111111111111111111111111111111111111111111111111111111111111111111111111111111111111111111111111111111111111111111111111111111111111111111111111111111111111111111111111111111111111111110
111111111111111111111111111111111111111111111111111111111111111111111111111100000001111111111111111111111111111111111111111111111111111111111111111111111111000000000000000111111111111111111111111111111111111111111111111111111111111111111111111111111111111111111111111111111111111111111111111111111110
111111111111111111111111111111111111111111111111111111111111111111111111111100000001111111111111111111111111111111111111111111111111111111111111111111111111000000000000000011111111111111111111111111111111111111111111111111111111111111111111111111111111111111111111111111111111111111111111111111111110
111111111111111111111111111111111111111111111111111111111111111111111111111100000001111111111111111111111111111111111111111111111111111111111111111111111111000000000000000011111111111111111111111111111111111111111111111111111111111111111111111111111111111111111111111111111111111111111111111111111110
111111111111111111111111111111111111111111111111111111111111111111111111111100000001111111111111111111111111111111111111111111111111111111111111111111111111000000000000000011111111111111111111111111111111111111111111111111111111111111111111111111111111111111111111111111111111111111111111111111111110
111111111111111111111111111111111111111111111111111111111111111111111111111000000001111111111111111111111111111111111111111011111111111111111111111111111111000000000000000011111111111111111111111111111111111111111111111111111111111111111111111111111111111111111111111111111111111111111111111111111110
111111111111111111111111111111111111111111111111111111111111111111111111110000000011111111111111111111111111111111111111111011111111111111111111111111111111000000000000000011111111111111111111111111111111111111111111111111111111111111111111111111111111111111111111111111111111111111111111111111111110
111111111111111111111111111111111111111111111111111111111111111111111111100000000111111111111111111111111111111111111111110011111111111111111111111111111110000000000000000001111111111111111111111111111111111111111111111111111111111111111111111111111111111111111111111111111111111111111111111111111110
111111111111111111111111111111111111111111111111111111111111100111111111000000001111111111111111111111111111111111111111000011111111111111111111111111111100000000000000000000111111111111111111111111111111111111111111111111111111111111111111111111111111111111111111111111111111111111111111111111111110
111111111111111111111111111111111111111111111111111111111111100000000000000000011111111111111111111111111111111111111110000011111111111111111111111100000000000000000000000000000000111111111111111111111111111111111111111111111111111111111111111111111111111111111111111111111111111111111111111111111110
111111111111111111111111111111111111111111111111111111111111100000000000000000111111111111111111111111111111111111111110000011111111111111111111111100000000000000000000000000000000111111111111111111111111111111111111111111111111111111111111111111111111111111111111111111111111111111111111111111111110
111111111111111111111111111111111111111111111111111111111111000000000000000001111111111111111111111111111111111111110000000011111111111111111111111100000000000000000000000000000000111111111111111111111111111111111111111111111111111111111111111111111111111111111111111111111111111111111111111111111110
111111111111111111111111111111111111111111111111111111111110000000000000000011111111111111111111111111111111111111110000000011111111111111111111111100000000000000000000000000000000111111111111111111111111111111111111111111111111111111111111111111111111111111111111111111111111111111111111111111111110
111111111111111111111111111111111111111111111111111111111110000000000000000011111111111111111111111111111111111111110000000011111111111111111111111100000000000000000000000000000000111111111111111111111111111111111111111111111111111111111111111111111111111111111111111111111111111111111111111111111110
111111111111111111111111111111111111111111111111111111111110000000000000000111111111111111111111111111111111111111110000000011111111111111111111111100000000000000000000000000000000111111111111111111111111111111111111111111111111111111111111111111111111111111111111111111111111111111111111111111111110
111111111111111111111111111111111111111111111111111111111100000000000000001111111111111111111111111111111111111111100000000011111111111111111111111100000000000000000000000001100000111111111111111111111111111111111111111111111111111111111111111111111111111111111111111111111111111111111111111111111110
111111111111111111111111111111111111111111111111111111110000000000000000111111111111111111111111111111111111111110000000000011111111111111111111111100000000000000000000000001100000011111111111111111111111111111111111111111111111111111111111111111111111111111111111111111111111111111111111111111111110
111111111111111111111111111111111111111111111110000000000000000000001111111111111111111111111111111111111111111111000000000011111111111111111111111100000000001111111111111000000000000000001111111111111111111111111111111111111111111111111111111111111111111111111111111111111111111111111111111111111110
111111111111111111111111111111111111111111111100000000000000000011111111111111111111111111111111111111111111111111100000000011111111111111111111111100000000011111111111111100000000000000001111111111111111111111111111111111111111111111111111111111111111111111111111111111111111111111111111111111111110
111111111111111111111111111111111111111111110000000000000000000111111111111111111111111111111111111111111111111111110000000011111111111111111111111100000000111111111111111100000000001111001111111111111111111111111111111111111111111111111111111111111111111111111111111111111111111111111111111111111110
111111111111111111111111111111111111111111110000000000000000001111111111111111111111111111111111111111111111111111110000000011111111111111111111111100000000111111111111111100000000001111001111111111111111111111111111111111111111111111111111111111111111111111111111111111111111111111111111111111111110
111111111111111111111111111111111111111111100000000000000000011111111111111111111111111111111111111111111111111111110000000011111111111111111111111100000015111111111111111100000000001111001111111111111111111111111111111111111111111111111111111111111111111111111111111111111111111111111111111111111110
111111111111111111111111111111111111111111000000000000000000011111111111111111111111111111111111111111111111111111110000000011111111111111111111111100000011111111111111111100000000001111101111111111111111111111111111111111111111111111111111111111111111111111111111111111111111111111111111111111111110
111111111111111111111111111111111111111110000000000000000000011111111111111111111111111111111111111111111111111111110000000011111111111111111111111000000001111111111111111100000000000000111111111111111111111111111111111111111111111111111111111111111111111111111111111111111111111111111111111111111110
111111111111111111111111111111111111111100000000000000000000111111111111111111111111111111111111111111111111111111110000000011111111111111111111110000000001111111111111111100000000000000111111111111111111111111111111111111111111111111111111111111111111111111111111111111111111111111111111111111111110
111111111111111111111111111111111111100000000000000000000001111111111111111111111111111111111111111111111111111111110000000011111111111111110000000000000001111111111111111100000000011111111111111111111111111111111111111111111111111111111111111111111111111111111111111111111111111111111111111111111110
111111111111111111111111111111111111000000000011111111111111111111111111111111111111111111111111111111111111111111110000000011111111111111110000000000000001111111111111111100000000111111111111111111111111111111111111111111111111111111111111111111111111111111111111111111111111111111111111111111111110
111111111111111111111111111111111111000000000111111111111111111111111111111111111111111111111111111111111111111111110000000011111111111111110000000000000001111111111111111100000000111111111111111111111111111111111111111111111111111111111111111111111111111111111111111111111111111111111111111111111110
111111111111111111111111111111111111000000000111111111111111111111111111111111111111111111111111111111111111111111110000000011111111111111110000000000000001111111111111111100000000111111111111111111111111111111111111111111111111111111111111111111111111111111111111111111111111111111111111111111111110
111111111111111111111111111111111111000000000111111111111111111111111111111111111111111111111111111111111111111111110000000011111111111111110000000000000000111111111111111100000000111111111111111111111111111111111111111111111111111111111111111111111111111111111111111111111111111111111111111111111110
111111111111111111111111111111111111000000000111111111111111111111111111111111111111111111111111111111111111111111110000000011111111111111110000000000000000111111111111111100000000111111111111111111111111111111111111111111111111111111111111111111111111111111111111111111111111111111111111111111111110
111111111111111111111111111111111000000000000111111111111111111111111111111111111111111111111111111111111111111111110000000011111111111111100000000000000000011111111111111100000000111111111111111111111111111111111111111111111111111111111111111111111111111111111111111111111111111111111111111111111110
111111111111111111111111111111110000000000000111111111111111111111111111111111111111111111111111111111111111111111110000000000111111111111000000000000000000001111111111110000000000111111111111111111111111111111111111111111111111111111111111111111111111111111111111111111111111111111111111111111111110
111111111111111111111111111111000000000000000111111111111111111111111111111111111111111111111111111111111111111111110000000000000000000000000011111111111100000000000000000000111111111111111111111111111111111111111111111111111111111111111111111111111111111111111111111111111111111111111111111111111110
111111111111111111111111111110000000000000000111111111111111111111111111111111111111111111111111111111111111111111110000000000000000000000000111111111111110000000000000000001111111111111111111111111111111111111111111111111111111111111111111111111111111111111111111111111111111111111111111111111111110
111111111111111111111111111110000000000000000111111111111111111111111111111111111111111111111111111111111111111111110000000000000000000000001111111111111111000000000000000011111111111111111111111111111111111111111111111111111111111111111111111111111111111111111111111111111111111111111111111111111110
111111111111111111111111111100000000000110000111111111111111111111111111111111111111111111111111111111111111111111110000000000000000000000001111111111111111000000000000000011111111111111111111111111111111111111111111111111111111111111111111111111111111111111111111111111111111111111111111111111111110
111111111111111111111111111100000000001111000111111111111111111111111111111111111111111111111111111111111111111111110000000000000000000000001111111111111111000000000000000011111111111111111111111111111111111111111111111111111111111111111111111111111111111111111111111111111111111111111111111111111110
111111111111111111111111111100000000001111000011111111111111111111111111111111111111111111111111111111111111111111110000000000000000000000001111111111111111000000000000000011111111111111111111111111111111111111111111111111111111111111111111111111111111111111111111111111111111111111111111111111111110
111111111111111111111111111100000000000111000001111111111111111111111111111111111111111111110111111111111111111111110000000000000000000011111111111111111111000000000000000011111111111111111111111111111111111111111111111111111111111111111111111111111111111111111111111111111111111111111111111111111110
111111111111111111111111111110000000000000000000111111111111111111111111111111111111111111100011111111111111111111110000000000000000000011111111111111111111000000000000000011111111111111111111111111111111111111111111111111111111111111111111111111111111111111111111111111111111111111111111111111111110
111111111111111111111111111111111110000000000000000011111111111111111111111100000011000000000000000011111111111111110000000000111111111111111111111111111111000000000011111111111111111111111111111111111111000000001111111111111111111111111111111111111111111111111111111111111111111111111111111111111110
111111111111111111111111111111111111000000000000000011111111111111111111111100000111100000000000000011111111111111110000000001111111111111111111111111111111000000000111111111111111111111111111111111111111000000001111111111111111111111111111111111111111111111111111111111111111111111111111111111111110
111111111111111111111111111111111111000000000000000011111111111111111111111100000111110000000000000011111111111111110000000011111111111111111111111111111111000000001111111111111111111111111111111111111111000000001111111111111111111111111111111111111111111111111111111111111111111111111111111111111110
111111111111111111111111111111111111000000000000000011111111111111111111111100000011100000000000000011111111111111110000000011111111111111111111111111111111000000001111111111111111111111111111111111111111000000001111111111111111111111111111111111111111111111111111111111111111111111111111111111111110
111111111111111111111111111111111111000000000000000011111111111111111111111100000000000000000000000011111111111111110000000011111111111111111111111111111111000000001111111111111111111111111111111111111111000000001111111111111111111111111111111111111111111111111111111111111111111111111111111111111110
111111111111111111111111111111111111000000000000000011111111111111111111111100000000000000000000000011111111111111110000000011111111111111111111111111111111000000001111111111111111111111111111111111111111000000001111111111111111111111111111111111111111111111111111111111111111111111111111111111111110
111111111111111111111111111111111111000000000000000001111111111111111111111000000000000000000000000011111111111111110000000011111111111111111111111111111111000000001111111111111111111111111111111111111111000000001111111111111111111111111111111111111111111111111111111111111111111111111111111111111110
111111111111111111111111111111111111000000000000000000111111111111111111110000000000000000000000000011111111111111110000000011111111111111111111111111111111000000001111111111111111111111111111111111111100000000001111111111111111111111111111111111111111111111111111111111111111111111111111111111111110
111111111111111111111111111111111111000000000000000000000000000000000000000000111111111111100000000011111111111111110000000011111111111111111111111111111111000000001111111111111111111111111111111100000000000011111111111111111111111111111111111111111111111111111111111111111111111111111111111111111110
111111111111111111111111111111111111000000000000000000100000000000000000000001111111111111110000000011111111111111110000000011111111111111111111111111111111000000001111111111111111111111111111111100000000000111111111111111111111111111111111111111111111111111111111111111111111111111111111111111111110
111111111111111111111111111111111111000000000000000001110000000000000000000011111111111111110000000011111111111111110000000011111111111111111111111111111111000000001111111111111111111111111111111100000000001111111111111111111111111111111111111111111111111111111111111111111111111111111111111111111110
111111111111111111111111111111111111000000000000000001111000000000000000000011111111111111110000000011111111111111110000000011111111111111111111111111111111000000001111111111111111111111111111111100000000011111111111111111111111111111111111111111111111111111111111111111111111111111111111111111111110
111111111111111111111111111111111111000000000000000001111000000000000000000011111111111111110000000011111111111111110000000011111111111111111111111111111111000000001111111111111111111111111111111100000000111111111111111111111111111111111111111111111111111111111111111111111111111111111111111111111110
111111111111111111111111111111111111000000000000000001110000000000000000000011111111111111110000000011111111111111110000000011111111111111111111111111111111000000001111111111111111111111111111111100000000111111111111111111111111111111111111111111111111111111111111111111111111111111111111111111111110
111111111111111111111111111111111111000000000000000000000000000000000000000011111111111111110000000011111111111111110000000011111111111111111111111111111111000000001111111111111111111111111111111000000000111111111111111111111111111111111111111111111111111111111111111111111111111111111111111111111110
111111111111111111111111111111111111100000000000000000000000000000000000000111111111111111110000000011111111111111110000000011111111111111111111111111111111000000001111111111111111111111111111110000000000111111111111111111111111111111111111111111111111111111111111111111111111111111111111111111111110
111111111111111111111111111111111111111111000000000000111111111111111111111111111111111111110000000011111111111111110000000011111111111111111111111111111111000000001111111111111111111111110000000000111111111111111111111111111111111111111111111111111111111111111111111111111111111111111111111111111110
111111111111111111111111111111111111111111100000000001111111111111111111111111111111111111110000000011111111111111110000000011111111111111111111111111111111000000001111111111111111111111110000000001111111111111111111111111111111111111111111111111111111111111111111111111111111111111111111111111111110
111111111111111111111111111111111111111111110000000011111111111111111111111111111111111111110000000011111111111111110000000011111111111111111111111111111111000000001111111111111111111111110000000011111111111111111111111111111111111111111111111111111111111111111111111111111111111111111111111111111110
111111111111111111111111111111111111111111110000000011111111111111111111111111111111111111110000000011111111111111110000000011111111111111111111111111111111000000001111111111111111111111110000000011111111111111111111111111111111111111111111111111111111111111111111111111111111111111111111111111111110
111111111111111111111111111111111111111111110000000011111111111111111111111111111111111111110000000011111111111111110000000011111111111111111111111111111111000000001111111111111111111111110000000011111111111111111111111111111111111111111111111111111111111111111111111111111111111111111111111111111110
111111111111111111111111111111111111111111110000000011111111111111111111111111111111111111110000000011111111111111110000000011111111111111111111111111111111000000001111111111111111111111110000000011111111111111111111111111111111111111111111111111111111111111111111111111111111111111111111111111111110
111111111111111111111111111111111111111111110000000011111111111111111111111111111111111111110000000001111111111111110000000011111111111111111111111111111111000000000111111111111111111111100000011011111111111111111111111111111111111111111111111111111111111111111111111111111111111111111111111111111110
111111111111111111111111111111111111111111110000000011111111111111111111111111111111111111110000000000011111111111100000000011111111111111111111111111111100000000000011111111111111111111000000011011111111111111111111111111111111111111111111111111111111111111111111111111111111111111111111111111111110
111111111111111111111111111111111111111111110000000011111111111111111111111111111111111111111111110000000000000000000000000011111111111111111111111100000000000000000000000000000000000000000011111111111111111111111111111111111111111111111111111111111111111111111111111111111111111111111111111111111110
111111111111111111111111111111111111111111110000000011111111111111111111111111111111111111111111111000000000000000000000000011111111111111111111111100000000000000000000000000000000000000000111111111111111111111111111111111111111111111111111111111111111111111111111111111111111111111111111111111111110
111111111111111111111111111111111111111111110000000011111111111111111111111111111111111111111111111100111000000000000000000011111111111111111111111100000000000000000000000000000000000000001111111111111111111111111111111111111111111111111111111111111111111111111111111111111111111111111111111111111110
111111111111111111111111111111111111111111110000000011111111111111111111111111111111111111111111111100111100000000000000000011111111111111111111111100000000000000000000000000000000000000001111111111111111111111111111111111111111111111111111111111111111111111111111111111111111111111111111111111111110
111111111111111111111111111111111111111111110000000011111111111111111111111111111111111111111111111100111100000000000000000011111111111111111111111100000000000000000000000000000000000000001111111111111111111111111111111111111111111111111111111111111111111111111111111111111111111111111111111111111110
111111111111111111111111111111111111111111110000000011111111111111111111111111111111111111111111111100111000000000000000000011111111111111111111111100000000000000000000000000000000000000001111111111111111111111111111111111111111111111111111111111111111111111111111111111111111111111111111111111111110
111111111111111111111111111111111111111111110000000001111111111111111111111111111111111111111111111100000000000000000000000011111111111111111111111100000000000000000000000000000000000000001111111111111111111111111111111111111111111111111111111111111111111111111111111111111111111111111111111111111110
111111111111111111111111111111111111111111110000000000111111111111111111111111111111111111111111111110000000000000000000000011111111111111111111111100000000000000000000000000000000000000001111111111111111111111111111111111111111111111111111111111111111111111111111111111111111111111111111111111111110
111111111111111111111111111111111111111111110000000000000000111111111111111111111111111111111111111111100000000000000000000011111111111111111111111100000000001111111111111111111110000000001111111111111111111111111111111111111111111111111100000000000000111111111111111111111111111111111111111111111110
111111111111111111111111111111111111111111110000000000000000111111111111111111111111111111111111111111111110000000000000000011111111111111111111111100000000011111111111111111111111000000001111111111111111111111110000000011111111111111111100000000000000111111111111111111111111111111111111111111111110
111111111111111111111111111111111111111111110000000000000000111111111111111111111111111111111111111111111111000000000000000011111111111111111111111100000000111111111111111111111111000000001111111111111111111111110000000011111111111111111100000000000000111111111111111111111111111111111111111111111110
111111111111111111111111111111111111111111110000000000000000111111111111111111111111111111111111111111111111000000000000000011111111111111111111111100000000111111111111111111111111000000001111111111111111111111110000000011111111111111110000000000000000111111111111111111111111111111111111111111111110
111111111111111111111111111111111111111111110000000000000000111111111111111111111111111111111111111111111111000000000000000011111111111111111111111100000000111111111111111111111111000000001111111111111111111111110000000011111111111111110000000000000000111111111111111111111111111111111111111111111110
111111111111111111111111111111111111111111110000000000000000111111111111111111111111111111111111111111111111000000000000001111111111111111111111111111000000111111111111111111111111000000001111111111111111111111110000000011111111111111110000000000000000111111111111111111111111111111111111111111111110
111111111111111111111111111111111111111111110000000000000000011111111111111111111111111111111111111111111111000000000000001111111111111111111111111111000000111111111111111111111111100000011111111111111111111111110000000001111111111111110000000000000000011111111111111111111111111111111111111111111110
111111111111111111111111111111111111111111110000000000000000001111111111111111111111111111111111111111111111000000000000001111111111111111111111111100000000111111111111111111111111111111111111111111111111111111110000000001111111111111100000000000000000001111111111111111111111111111111111111111111110
111111111111111111111111111111111111111111110000000000000000000000011111111111111111111111111111111111111111111111111111111111111111111111111111111100000000111111111111111111111111111111111111111111111111111111110000000000011111111100000000000000000000000000001111111111111111111111111111111111111110
111111111111111111111111111111111111111111110000000000000000000000001111111111111111111111111111111111111111111111111111111111111111111111111111111100000000111111111111111111111111111111111111111111111111111111110000000000000000000000000000000000000000000000001111111111111111111111111111111111111110
111111111111111111111111111111111111111111110000000000000000000000000111111111111111111111111111111111111111111111111111111111111111111111111111111100000000111111111111111111111111111111111111111111111111111111110000000000000000000000000000000000000000000000001111111111111111111111111111111111111110
111111111111111111111111111111111111111111110000000000000000000000000111111111111111111111111111111111111111111111111111111111111111111111111111111100000000111111111111111111111111111111111111111111111111111111110000000000000000000000000000000000000000000000001111111111111111111111111111111111111110
111111111111111111111111111111111111111111100000000000000000000000000111111111111111111111111111111111111111111111111111111111111111111111111111111100000000111111111111111111111111111111111111111111111111111111110003311330000000000000000000000000000000000000001111111111111111111111111111111111111110
111111111111111111111111111111111111111111000000000000000033000000000011111111111111111111111111111111111111111111111111111111111111111111111111111100000000111111111111111111111111111111111111111111111111111111110003111133000000000000000000000000000000000000001111111111111111111111111111111111111110
111111111111111111111111111111111111111110000000000000011111113000000001111111111111111111111111111111111111111111111111111111111111111111111111111100000000111111111111111111111111111111111111111111111111111111100003111133000000000000000000000000000000000000000111111111111111111111111111111111111110
111111111111111111111111111111111111110000000000000000111111111300000000001111111111111111111111111111111111111111111111111111111111111111111111111100000000111111111111111111111111111111111111111111111111111111000000111130000000000000000000000000000000000000000011111111111111111111111111111111111110
111111111111111111111111111111111111100000000000011111111111111111300000000011111111111111111111111111111111111111111111111111111111111111111111111100000000111111111111111111111111111111111111111111111111111110000000011300111111111111111111111000000000000000000000000011111111111111111111111111111110
111111111111111111111111111111111111000000000001111111111111111111130000000001111111111111111111111111111111111111111111111111111111111111111111111100000000111111111111111111111111111111111111111111111111111111100000000001111111111111111111111100001100000000000000000011111111111111111111111111111110
111111111111111111111111111111111111000000000011111111111111111111113000000001111111111111111111111111111111111111111111111111111111111111111111111100000000111111111111111111111111111111111111111111111111111111110000000011111111111111111111111100001100000000000000000011111111111111111111111111111110
111111111111111111111111111111111111000000000011111111111111111111111300000001111111111111111111111111111111111111111111111111111111111111111111111100000000111111111111111111111111111111111111111111111111111111110000000011111111111111111111111100001100000000000000000011111111111111111111111111111110
111111111111111111111111111111111110000000000111111111111111111111111100000001111111111111111111111111111111111111111111111111111111111111111111111100000000111111111111111111111111111111111111111111111111111111110000000011111111111111111111111100001100000000000000000011111111111111111111111111111110
111111111111111111111111111111111110000000001111111111111111111111111130000001111111111111111111111111111111111111111111111111111111111111111111111100000000111111111111111111111111111111111111111111111111111111110000000011111111111111111111111100000000000000000000000011111111111111111111111111111110
111111111111111111111111111111111100000000001111111111111111111111111133000000011111111111111111111111111111111111111111111111111111111111111111111100000000111111111111111111111111111111111111111111111111111111110000000011111111111111111111111100000000000000000000000011111111111111111111111111111110
111111111111111111111111111111111000000000011111111111111111111111111113000000011111111111111111111111111111111111111111111111111111111111111111111100000000111111111111111111111111111111111111111111111111111111110000000011111111111111111111111100000000000000000000000011111111111111111111111111111110
111111111111111111111111111100000000000000011111111111111111111111111111300000001111111111111111111111111111111000000000000000000000000000000011100000000000000000000000000000000011111111111111111111111111111111111111111111111111111111111111111100000000000000000000000111111111111111111111111111111110
111111111111111111111111111100000000000000111111111111111111111111111111300000000111111111111111111111111111110000000000000000000000000000000011100000000000000000000000000000000011111111111111111111111111111111111111111111111111111111111111111100000000000000000111111111111111111111111111111111111110
111111111111111111111111111100000000000000111111111111111111111111111111300000000011111111111111111111111111110000000000000000000000000000001111000000000000000000000000000000000011111111111111111111111111111111111111111111111111111111111111111100000000000000001111111111111111111111111111111111111110
111111111111111111111111111100000000000000111111111111111111111111111111300000000000111111111111111111111111110000000100000000005000000000001110000000000000000000001111111111111111111111111111111111111111111111111111111111111111111111111111111100000000000000001111111111111111111111111111111111111110
111111111111111111111111111100000000000000111111111111111111111111111111300000000000111111111111111111111111110000000100000000000000000000000000000000000000000000000000000000000011111111111111111111111111111111111111111111111111111111111111111100000000000000001111111111111111111111111111111111111110
111111111111111111111111111100000000000000111111111111111111111111111111000000000000111111111111111111111111110000000100000000000000000000000000000000000000000000000000000000000011111111111111111111111111111111111111111111111111111111111111111100000000000000001111111111111111111111111111111111111110
111111111111111111111111111111000000000000111111111111111111111111111111000000000000011111111111111111111111110000000100000000000000000000000000000000000000000000050011000000000011111111111111111111111111111111111111111111111111111111111111111000000000000000001111111111111111111111111111111111111110
111111111111111111111111111111000000000000111111111111111111111111111111000000000000001111111111111111111111110000000100000000000000000000000000000000000000000000000011000000000011111111111111111111111111111111111111111111111111111111111111110000000000000000011111111111111111111111111111111111111110
111111111111111111111111111111110000000000111111111111111111111111111111000000000000000000000000000000000000000000000100110000000010100000000000000000000000000000050001000000000011111111111111111111111111111111111111111111111111111111111000000000111111111111111111111111111111111111111111111111111110
111111111111111111111111111111111100000000111111111111111111111111111111000000000000000000000000000000000000000000000100110000000000000000000000000000000000001110000000000000000011111111111111111111111111111111111111111111111111111111110000000001111111111111111111111111111111111111111111111111111110
111111111111111111111111111111111110000000111111111111111111111111111111000000000000000000000000000000000000000000000100000000001010133333333333333333333333331111311105010000000011111111111111111111111111111111111111111111111111111111110000000011111111111111111111111111111111111111111111111111111110
111111111111111111111111111111111111000000011111111111111111111111111111000000000000000000000000000000000000000000000100000000000000331111333333333333333333333111111000010000000011111111111111111111111111111111111111111111111111111111110000000011111111111111111111111111111111111111111111111111111110
111111111111111111111111111111111111000000011111111111111111111111111111000000000000000000000000000000000000000000000100000000001113111111111111111111111111111111111105011100000011111111111111111111111111111111111111111111111111111111110000000011111111111111111111111111111111111111111111111111111110
111111111111111111111111111111111111000000001111111111111111111111111113000000000000000000000000000000000000000000000000000000000111111111111111111111111111111111111300000000000011111111111111111111111111111111111111111111111111111111110000000011111111111111111111111111111111111111111111111111111110
111111111111111111111111111111111111000000000111111111111111111111111110000000000000000000000000000000000000000000000000000000000033111111111111111111111111111111113300000000001111111111111111111111111111111111111111111111111111111111100000000011111111111111111111111111111111111111111111111111111110
111111111111111111111111111111111111000000000011111111111111111111111110000000000000000000000000000000000000000000000000000000000033111111111111111111111111111111113300000000001111111111111111111111111111111111111111111111111111111111000000000011111111111111111111111111111111111111111111111111111110
111111111111111111111111111111111111000000000001111111111111111111111100000000000000000011111111111110000000000000000000000000000033111111111111111111111111111111113300000000000011111111111111111111111111111111111111111111111111111110000000000011111111111111111111111111111111111111111111111111111110
111111111111111111111111111111111111000000000001111111111111111111111000000000000000011111111111111111111000110001100000000000000033111111111111111111111111111111113300000000000011111111111111111111111111111111111111111111111111111111100000000011111111111111111111111111111111111111111111111111111110
111111111111111111111111111111111111000000000000011111111111111111110000000000000000011111111111111111111111110011100000000000000033111111111111111111111111111111113300000000000011111111111111111111111111111111111111111111111111111111110000000011111111111111111111111111111111111111111111111111111110
111111111111111111111111111111111111000000000000000111111111111111100000000000000000111111111111111111111111110111000000000000000033111111111111111111111111111111113300000000000011111111111111111111111111111111111111111111111111111111110000000011111111111111111111111111111111111111111111111111111110
111111111111111111111111111111111111000000000000000011111111111111000000000000000000111111111111111111111111111110000000000000000033111111111111111111111111111111113300000000000011111111111111111111111111111111111111111111111111111111110000000011111111111111111111111111111111111111111111111111111110
111111111111111111111111111111111111000000000000000001111111111000000000000000000000111111111111111111111111111300000000000000000033111111111111111111111111111111113300000000000011111111111111111111111111111111111111111111111111111111110000000011111111111111111111111111111111111111111111111111111110
111111111111111111111111111111111111000000000000000000111111110000000000000000000000111111111111111111111111111300000000000000000033111111111111111111111111111111113300000000000011111111111111111111111111111111111111111111111111111111110000000011111111111111111111111111111111111111111111111111111110
111111111111111111111111111111111111100000000000000000011111100000000000000000000000111111111111111111111111111000000000000000000033111111111111111111111111111111113300000000000011111111111111111111111111111111111111111111111111111111111000000001111111111111111111111111111111111111111111111111111110
111111111111111111111111111111111111111110000000000000000000000000000000000000000000111111111111111111111111111000000000000000000033111111111111111111111111111111113300000000000011111111111111111111111111111111111111111111111111111111111111000001111111111111111111111111111111111111111111111111111110
111111111111111111111111111111111111111111000000000000000000000000000000000000000000111111111111111111111111110000000000000000000033111111111111111111111111111111113300000000000011111111111111111111111111111111111111111111111111111111111111000001111111111111111111111111111111111111111111111111111110
111111111111111111111111111111111111111111110000000000000000000000000000000000000000111111111111111111111111110000000000000000000033111111111111111111111111111111113300000000000011111111111111111111111111111111111111111111111111111111111111110001111111111111111111111111111111111111111111111111111110
111111111111111111111111111111111111111111110000000000000000000000000000000000000000111111111111111111111111110000000000000000000033111111111111111111111111111111113300000000000011111111111111111111111111111111111111111111111111111111111111110000111111111111111111111111111111111111111111111111111110
111111111111111111111111111111111111111111110000000000000000000000000000000000000000111111111111111111111111110000000000000000000033111111111111111111111111111111113300000000000011111111111111111111111111111111101111111111111111111111111111110000111111111111111111111111111111111111111111111111111110
111111111111111111111111111111111111111111110000000000000000000000000000000000000011111111111111111111111111110000000000000000000033111111111111111111111111111111113300000000000011111111111111111111111111111111001111111111111111111111111111110000111111111111111111111111111111111111111111111111111110
111111111111111111111111111111111111111111110000000000000000000000000000000000000011111111111111111111111111110000000000000000000033111100111111111111111111111111113300000000000111111111111111111111111111111110001111111111111111111111111111111000011111111111111111111111111111111111111111111111111110
111111111111111111111111111111111111111111111000000000000000000000000000000000000000111111111111111111111111110000000000000000000033111110011111111111111111111111113300000000000111111111111111111111111111111100001111111111111111111111111111111100000111111111111111111111111111111111111111111111111110
111111111111111111111111111111111111111111111111110000000000000000000000000000111111111111111111111111111111110000000000000000000033111111001111111111111111111111113300000000110111110000001111111111111111000000001111111111111111111111111111111100000000000000001111111111111111111111111111111111111110
111111111111111111111111111111111111111111111111111000000000000000000000000001111111111111111111111111111111110000000000000000000033111111130111111111111111111111113300000000110100000000001111111111111111000000001111111111111111111111111111111100000000000000001111111111111111111111111111111111111110
111111111111111111111111111111111111111111111111111000000000000000000000000011111111111111111111111111111111110011000000000000000033111111113311111111111111111111113300000000000100000000001111111111111111000000001111111111111111111111111111111100000000000000001111111111111111111111111111111111111110
111111111111111111111111111111111111111111111111111100000000000000000000000011111111111111111111111111111111110011000000000000000033111111111331111111111111111111113300000000001100000000001111111111111110000000001111111111111111111111111111111100000000000000001111111111111111111111111111111111111110
111111111111111111111111111111111111111111111111111100000000000000000000000011111111111111111111111111111111110000000000000000000033111111111133130011111111111111113300000000005000000000001111111111111110000000001111111111111111111111111111111100000000000000001111111111111111111111111111111111111110
111111111111111111111111111111111111111111111111111100000000000000000000000011111111111111111111111111111111110000000000000000000033111111111113300011111111111111113300000000000000000000000111111111111110000000001111111111111111111111111111111100000000000000001111111111111111111111111111111111111110
111111111111111111111111111111111111111111111111111100000000000000000000000011111111111111111111111111111111110000000000000000000033111111111113300111111111111111113300000000000000000000000011111111111100000000001111111111111111111111111111111100000000000000000111111111111111111111111111111111111110
111111111111111111111111111111111111111111111111111100000000000000000000000011111111111111111111111111111111110000000000000000000033111111111111031111111111111111113300000000000000000000000000000000000000000000001111111111111111111111111111111100000000000000000001111111111111111111111111111111111110
111111111111111111111111111111111111111111111111111100000000000000000011111111111111111111111111111111111111110000000000000000000031111111111113331111111111111111113300000000000000000000000000000000000000000000001111111111111111111111111111111100000000000000000000000011111111111111111111111111111110
111111111111111111111111111111111111111111111111111100000000000000000111111111111111111111111111111111111111110000000000000000000011111111111113311111111111111300113300000000005000000000000000000000000000000000001111111111111111111111111111111100000000000000000000000011111111111111111111111111111110
111111111111111111111111111111111111111111111111111100000000000000001111111111111111111111111111111111111111110000011100000000000111111111111133111111111111111113333300000000001111111111000000000000000000000000001111111111111111111111111111111100000000000000000000000011111111111111111111111111111110
111111111111111111111111111111111111111111111111111100000000000000001111111111111111111111111111111111111111110000011100000000001111111111111333111111111111111111133501000000000011111111000000000000000000000000001111111111111111111111111111111100000000000000000000000011111111111111111111111111111110
111111111111111111111111111111111111111111111111111111000000000000001111111111111111111111111111111111111111110000011100000000001111133333333333333333333333333333330000000000000011111111110000000000000000000000001111111111111111011111111111111100000000000000000000000011111111111111111111111111111110
111111111111111111111111111111111111111111111111111111000000000000001111111111111111111111111111111111111111110000011100000000111111333333333333333333333333333333350101000000000011111111110000000000000000000000001111111111111111011111111111110000000000000000000000000011111111111111111111111111111110
111111111111111111111111111111111111111111111111111100000000000000001111111111111111111111111111111111111111110000011100000000011111000000000000000000000000000000000000000000000011111111111111000000000000000000000111111111111110011111111111110000000000000000000000000011111111111111111111111111111110
111111111111111111111111111111111111111111111111111100000000000000001111111111111111111111111111111111111111110000011100000000111111100000000000000000000000000000010101000000000011111111111111000000000000000000000011111111111100011111111111100000000000000000000000000011111111111111111111111111111110
111111111111111111111111111111111111111111111111111100000000000000001111111111111111111111111111111111111111110000011100000000111110000000001100000000000000000000000000000000000011111111111111111111001111111100000000000000000000000000000000000000000000000000000001111111111111111111111111111111111110
111111111111111111111111111111111111111111111111111100000000000000001111111111111111111111111111111111111111110000011100000000111110500000001100000000000000000000010100000000000011111111111111111111001111111110000000000000000000000000000000000000000000000000000111111111111111111111111111111111111110
111111111111111111111111111111111111111111111111111100000000000000001111111111111111111111111111111111111111110000111100000000000000000000000000000000000000000011000000000000000011111111111111111111111111111111100000000000000000000000000000000000000000000000000111111111111111111111111111111111111110
111111111111111111111111111111111111111111111111111100000000000000001111111111111111111111111111111111111111110000111100000000000050100000000000000000000000000011000000000000000011111111111111111111111111111111100000000000000000000000000000000000000000000000001111111111111111111111111111111111111110
111111111111111111111111111111111111111111111111111100000000000000001111111111111111111111111111111111111111110001111111110000000000111111000000000011111111110000001111111111111111111111111111111111111111111111100000000000000000000000000000000000000000000000001111111111111111111111111111111111111110
111111111111111111111111111111111111111111111111111100000000000000001111111111111111111111111111111111111111110000001111110000000010111111000000000011111111110000001111111111111111111111111111111111111111111111100000000000000000000000000000000000000000000000001111111111111111111111111111111111111110
111111111111111111111111111111111111111111111111111000000000000000001111111111111111111111111111111111111111110000011111000000000011111111111111111111111111111111111111111111111111111111111111111111111111111111100000000000000000000000000000000000000000000000001111111111111111111111111111111111111110
111111111111111111111111111111111111111111111111110000000000000000001111111111111111111111111111111111111111110000011111000000000011111111111111111111111111111111111111111111111111111111111111111111111111111111111000000000000000000000000000000000000000000000011111111111111111111111111111111111111110
111111111111111111111111111111111111111111111000000000000000001111111111111111111111111111111111111111111111111111111111000000000011111111111111111111111111111111111111111111111111111111111111111111111111111111111111100000000000000000000000000000000000001111111111111111111111111111111111111111111110
111111111111111111111111111111111111111111110000000000000000111111111111111111111111111111111111111111111111111111111111000000000011111111111111111111111111111111111111111111111111111111111111111111111111111111111111110000000000000000000000000000000000011111111111111111111111111111111111111111111110
111111111111111111111111111111111111111111100000000000000000111111111111111111111111111111111111111111111111111111111111000000000011111111111111111111111111111111111111111111111111111111111111111111111111111111111111111100111100000000000000000000000000111111111111111111111111111111111111111111111110
111111111111111111111111111111111111111111100000000000000000111111111111111111111111111111111111111111111111111111111111000000000011111111111111111111111111111111111111111111111111111111111111111111111111111111111111111100111100000000000000000000011000111111111111111111111111111111111111111111111110
111111111111111111111111111111111111111111100000000000000000111111111111111111111111111111111111111111111111111111111111000000000111111111111111111111111111111111111111111111111111111111111111111111111111111111111111111100111100000000000000000000011100111111111111111111111111111111111111111111111110
111111111111111111111111111111111111111111000000000000000000111111111111111111111111111111111111111111111111111111111111000000000111111111111111111111111111111111111111111111111111111111111111111111111111111111111111111100111100000000000000000000001110111111111111111111111111111111111111111111111110
111111111111111111111111111111111111111111000000000000000000111111111111111111111111111111111111111111111111111111111111000000000111111111111111111111111111111111111111111111111111111111111111111111111111111111111111111100000000000000000000000000000110111111111111111111111111111111111111111111111110
111111111111111111111111111111111111111100000000000000000000111111111111111111111111111111111111111111111111111111111111000000001111111111111111111111111111111111111111111111111111111111111111111111111111111111111111111100000000000000000000000000000000111111111111111111111111111111111111111111111110
111111111111111111111111111111111111100000000000000000000001111111111111111111111111111111111111111111111111111111111100000000001111111111111111111111111111111111111111111111111111111111111111111111111111111111111111111100000000000000000011111111111111111111111111111111111111111111111111111111111110
111111111111111111111111111111111111000000000000000000111111111111111111111111111111111111111111111111111111111111111100000000001111111111111111111111111111111111111111111111111111111111111111111111111111111111111111111100000000000000000111111111111111111111111111111111111111111111111111111111111110
111111111111111111111111111111111111000000000000000011111111111111111100000011000000000000000011000000000000000000000000000000001111111111111111111111111111111111111111111111111111111111111111111111111111111111111111111100000000000000001111111111111111111111111111111111111111111111111111111111111110
111111111111111111111111111111111111000000000000000011111111111111111100000011000000000000000011000000000000000000000000000000011111111111111111111111111111111111111111111111111111111111111111111111111111111111111111111100000000000000001111111111111111111111111111111111111111111111111111111111111110
111111111111111111111111111111111110000000000000000011111111111111111100000011000000000000000011000000000000000000000000000011111111111111111111111111111111111111111111111111111111111111111111111111111111111111111111111100000000000000001111111111111111111111111111111111111111111111111111111111111110
111111111111111111111111111111111110000000000000000011111111111111111100000011000000000000000011000000000000000000000000000011111111111111111111111111111111111111111111111111111111111111111111111111111111111111111111111100000000000000001111111111111111111111111111111111111111111111111111111111111110
111111111111111111111111111111111100000000000000000011111111111111111100000011000000000000000011000000000000000000000000001111111111111111111111111111111111111111111111111111111111111111111111111111111111111111111111111100000000000000001111111111111111111111111111111111111111111111111111111111111110
111111111111111111111111111111111000000000000000000011111111111111111100000011000000000000000011000000000000000000000000001111111111111111111111111111111111111111111111111111111111111111111111111111111111111111111110000000000000000000001111111111111111111111111111111111111111111111111111111111111110
111111111111111111111111111100000000000000000000001111111111111111111100000011000000110000000011000000000000001111000000001111111111111111111000000000000011111111111111111111111111111111111111111111111111111111111100000000000000000111111111111111111111111111111111111111111111111111111111111111111110
111111111111111111111111111100000000000000000011111111111111111111111100000011000000110000000011000000000000001111000000001111111111111111110000000000000111111111111111111111111111111111111111111111111111111111111111111000000000001111111111111111111111111111111111111111111111111111111111111111111110
111111111111111111111111111100000000000000000011111111111111111111111100000000000000110000000011000000000000000011000000111111111111111111110011110000001110111111111111111111111111111111111111111111111111111111111111111100110000011111111111111111111111111111111111111111111111111111111111111111111110
111111111111111111111111111100000000000000000011111111111111111111111100000000000000110000000011000000000000000011000000111111111111111111110011110000011100111111111111111111111111111111111111111111111111111111111111111101111000111111111111111111111111111111111111111111111111111111111111111111111110
111111111111111111111111111100000000000000000111111111111111111111111100000000000000110000000011111111110000000011000000111111111111111111110011110000010000111111111111111111111111111111111111111111111111111111111111111101111000111111111111111111111111111111111111111111111111111111111111111111111110
111111111111111111111111111100000000000000001111111111111111111111111100000000000000110000000011111111110000000011000000111111111111111111100011110000000000011111111111111111111111111111111111111111111111111111111111111101111000111111111111111111111111111111111111111111111111111111111111111111111110
111111111111111111111111111100000000000000011111111111111111111111111100000000000000110000000000000000000000000011111111111111111111111111100000000000000000001111111111111111111111111111111111111111111111111111111111111100110000111111111111111111111111111111111111111111111111111111111111111111111110
111111111111111111111111111100000000000000111111111111111111111111111100000000000000110000000000000000000000000011111111111111111111111100000000000000000000000011111111111111111111111111111111111111111111111111111111111110000000111111111111111111111111111111111111111111111111111111111111111111111110
111111111111111111111111111100000000001011111111111111111111111111111100000000000000110000000000000000000000000000111111111111111111110000000000000000000000000000000000000000001100111111111111111111111111111111111111111110000000111111111111111111111111111111111111111111111111111111111111111111111110
111111111111111111111111111100000000001111111111111111111111111111111100000000000001110000000000000000000000000000111111111111111111011000000000000000000000000000000000000000001100111111111111111111111111111111111111111110000000111111111111111111111111111111111111111111111111111111111111111111111110
111111111111111111111111111100000000011111111111111111111111111111111100001111111111111100000000000000000000000000111111111111111111011000000000000000000000000000000000000000000000111111111111111111111111111111111111111110000000111111111111111111111111111111111111111111111111111111111111111111111110
111111111111111111111111111100000000011111111111111111111111111111111100001111111111111100000000000000000000000000111111111111111111000000000000000000000000000000000000000000000000111111111111111111111111111111111111111110000000011111111111111111111111111111111111111111111111111111111111111111111110
111111111111111111111111111100000000011111111111111111111111111111111100000000000000001111111111111111000000000000111111111111111111000000000000000000000000000000000000000000000000011111111111111111111111111111111111111110000000011111111111111111111111111111111111111111111111111111111111111111111110
111111111111111111111111111100000000011111111111111111111111111111111100000000000000001111111111111111000000000000111111111111111111000000000000000000000000000000000000000000000000011111111111111111111111111111111111111110000000001111111111111111111111111111111111111111111111111111111111111111111110
111111111111111111111111111100000000011111111111111111111111111111111100000000000000000000000000001100000000000000111111111111111110000000000000000000000000000000000000000000000000000111111111111111111111111111111111111110000000000111111111111111111111111111111111111111111111111111111111111111111110
111111111111111111111111111100000000001111111111111111111111111111111100000000000000000000000000001100000000000000111111111111111100000000000000000000000000000000000000000000000000000011111111111111111111111111111111111110000000000001111111111111111111111111111111111111111111111111111111111111111110
111111111111111111111111111100000000001111111111111111111111111111111100000000000000000000000000001100000000000000111111111100000000000000000000000000111111111111111111111111111000000000000000011111111111111111111111111111100000000000000000000011111111111111111111111001111111111111111111111111111110
111111111111111111111111111100000000001111111111111111111111111111111100000000000000000000000000001100000000000000111111111100000000000000000000000001111111111111111111111111111100000000000000011111111111111111111111111111111000000000000000000011111111111111111111111001111111111111111111111111111110
111111111111111111111111111100000000000011111111111111111111111111111100000000000000000000000000001100000000000000111111111100000000000000000000000001111111111111111111111111111110000000000000001011111111111111111111111111111100000000000000000011111111111111111111111001111111111111111111111111111110
111111111111111111111111111100000000000011111111111111111111111111111100000000000000000000000000001100000000000000111111111100000000000000000000000001111111111111111111111111111111000000000010000011111111111111111111111111111100000000000000000011111111111111111111111001111111111111111111111111111110
111111111111111111111111111100000000000000000000000001110000000000111111111111110000000000000000001100000000000000111111111100000000000000000000000001111111111111111111111111111111000000001111000011111111111111111111111111111100000000000000000011111111111111111111111001111111111111111111111111111110
111111111111111111111111111100000000000000000000000000110000000000111111111111110000000000000000001100000000000000111111111100000000000000000000000001111111111111111111111111111111000000001111100011111111111111111111111111111100000000000000000011111111111111111111110000111111111111111111111111111110
111111111111111111111111111100000000000000000000000000000000000000000000000000111111111111000000001111111111111111111111111100000000000000000000000001111111111111111111111111111111100000000111000011111111111111111111111111111110000000000000000011111111111111111111100000011111111111111111111111111110
111111111111111111111111111100000000000000000000000000000000000000000000000000111111111111000000001111111111111111111111111100000000000000000000000001111111111111111111111111111111110000000111000011111111111111111111111111111111000000000000000011111111111111110000000000000011111111111111111111111110
111111111111111111111111111100000000000000000000000000000000000000000000000000110000000000000000001111111111111111111111111100000000001111111111100001111111111111111111111111111111111111000000000011111111111111111111111111111111111111111111000001111111111111110000000000000000111111111111111111111110
111111111111111111111111111100000000000000000000000000000000000000000000000000110000000000000000001111111111111111111111111100000000011111111111110001111111111111111111111111111111111111100000000011111111111111111111111111111111111111111111100001111111111111110000000000000000111111111111111111111110
111111111111111111111111111100000000000000000000000000000000111100000000000000110000000000000000001111111111111111111111111100000000111111111111110001111111111111111111111111111111111111110000000011111111111111111111111111111111111111111111110001111111111111110000000000000000111111111111111111111110
111111111111111111111111111100000000000000000000000000000000111100000000000000110000000000000000001111111111111111111111111100000000111111111111111000111111111111111111111111111111111111110000000011111111111111111111111111111111111111111111110000111111111111100000000000000000111111111111111111111110
111111111111111111111111111100000000000011111111111111111111111111111100000000110000000000000000001111111111111111111111111000000000111111111111111000111111111111111111111111111111111111110000000001111111111111111111111111111111111111111111111000111111111111100000000000000000111111111111111111111110
111111111111111111111111111100000000000011111111111111111111111111111100000000110000000000000000001111111111111111111111110000000000111111111111111000111111111111111111111111111111111111111000000000111111111111111111111111111111111111111111111000011111111111000000000000000000111111111111111111111110
111111111111111111111111111100000000001111111111111111111111111111111100000000110000000000000000001111111111111111111111000000000000111111111111111000011111111111111111111111111111111111111000000000001111111111111111111111111111111111111111111100000111111100000000000000000000111111111111111111111110
111111111111111111111111111100000000001111111111111111111111111111111100000000110000000000000000011111111111111111111000000000000000111111111111111000000000111111111111111111111111111111111100000000000111111111111111111111111111111111111111111100000000000000000000000000000000111111111111111111111110
111111111111111111111111111111111111111111111111111111111111111111111100000000110000000011111111111111111111111111110000000000011111111111111111111100000000011111111111111111111111111111111111000000000001111111111111111111111111111111111111111100000000000000000000000000001111111111111111111111111110
111111111111111111111111111111111111111111111111111111111111111111111100000000110000000011111111111111111111111111100000000000111111111111111111111111111000011111111111111111111111111111111111110000000000111111111111111111111111111111111111111100000000000000000000000000111111111111111111111111111110
111111111111111111111111111111111111111111111111111111111111111111111100000000110000000010000000000000111111111111100000000001111111111111111111111111111100011111111111111111111111111111111111111000000000111111111111111111111111111111111111111100000000000000000000000001111111111111111111111111111110
111111111111111111111111111111111111111111111111111111111111111111111100000000110000000000000000000000111111111111100000000011111111111111111111111111111110011111111111111111111111111111111111111000000000011111111111111111111111111111111111111100000000000000000000000001111111111111111111111111111110
111111111111111111111111111111111111111111111111111111111111111111111100000000000000000000000000000000001111111111000000000011111111111111111111111111111110011111111111111111111111111111111111111100000000011111111111111111111111111111111111111100000000000000000000000001111111111111111111111111111110
111111111111111111111111111111111111111111111111111111111111111111111100000000000000000000000000000000001111111111000000000011111111111111111111111111111110011111111111111111111111111111111111111100000000001111111111111111111111111111111111111100000000000000000000000001111111111111111111111111111110
111111111111111111111111111111111111111111111111111111111111111111111100000000000000000000000000000000000111111111000000000011111111111111111111111111111110011111111111111111111111111111111111111100000000000111111111111111111111111111111111111100000000000000000000000001111111111111111111111111111110
111111111111111111111111111111111111111111111111111111111111111111111100000000000000000000000000000000000111111111110000000011111111111111111111111111111110011111111111111111111111111111111111111110000000000000001111111111111111111111111111111100000000000000000000000001111111111111111111111111111110
111111111111111111111111111111111111111111111111111111111111111111111100000000000000000000000000000000000000000000000000000011111111111111111111111111111110011111111111111111111111111111111111111111110000000000003111111111111111111111111111111100000000000000000000000001111111111111111111111111111110
111111111111111111111111111111111111111111111111111111111111111111111100000000000000000000000000000000000000000000000000000011111111111111111111111111111110011111111111111111111111111111111111111111111100000000000111111111111111111111111111111100000000000000000000000001111111111111111111111111111110
111111111111111111111111111111111111111111111111111111111111111111111100000000000000000000000000000000000000000000000000000011111111111111111111111111111110011111111111111111111111111111111111111111111110000000000111111111111111111111111111111100001110000000000000000001111111111111111111111111111110
111111111111111111111111111111111111111111111111111111111111111111111100000000000000000000000000000000000000000000000000000011111111111111111111111111111110011111111111111111111111111111111111111111111111000000000111111111111111111111111111111100001111000000000000000001111111111111111111111111111110
111111111111111111111111111111111111111111111111111111111111111111111100000000000000000000000000001111000000000000000000000011111111111111111111111111111110011111111111111111111111111111111111111111111111000000000111111111111111111111111111111100001111000000000000000001111111111111111111111111111110
111111111111111111111111111111111111111111111111111111111111111111111111000000111100000000000000111111000000000000000000000011111111111111111111111111111110001111111111111111111111111111111111111111111111000000000111111111111111111111111111111100001111000000000000000001111111111111111111111111111110
111111111111111111111111111111111111111111111111111111111111111111111111111111111111111111111111111111110000000000000000000011111111111111111111111111111110001111111111111111111111111111111111111111111111100000001111111111111111111111111111111000000110000000000000000000111111111111111111111111111110
111111111111111111111111111111111111111111111111111111111111111111111111111111111111111111111111111111110000000000000000000011111111111111111111111111111110000111111111111111111111111111111111111111111111111111111111111111111111111111111111110000000000000000000000000000000000111111111111111111111110
111111111111111111111111111111111111111111111111111111111111111111111111111111111111111111111111111111111100000000000000000011111111111111111111111111111110000000001111111111111111111111111111111111111111111111111111111111111111111111111000000000111111111100000000000000000000111111111111111111111110
111111111111111111111111111111111111111111111111111111111111111111111111111111111111111111111111111111111111111111110000000011111111111111111111111111111110000000000111111111111111111111111111111111111111111111111111111111111111111111110000000001111111111111000000000000011111111111111111111111111110
111111111111111111111111111111111111111111111111111111111111111111111111111111111111111111111111111111111111000000000000000011111111111111111111111111111110000000000111111111111111111111111111111111111111111111111111111111111111111111110000000011111111111111100000000000111111111111111111111111111110
111111111111111111111111111111111111111111111111111111111111111111111111111111111111111111111111111111111111000000000000000011111111111111111111111111111110000000000111111111111111111111111111111111111111111111111111111111111111111111110000000011111111111111100000000001111111111111111111111111111110
111111111111111111111111111111111111111111111111111111111111111111111111111111111111111111111111111111111110000000000000000001111111111111111111111111111110000000000111111111111111111111111111111111111111111111111111111111111111111111110110000011111111111111100000000001111111111111111111111111111110
111111111111111111111111111111111111111111111111111111111111111111111111111111111111111111111111111111111110000000000000000000111111111111111111111111111110000000000111111111111111111111111111111111111111111111111111111111111111111111111111000011111111111111110000000001111111111111111111111111111110
111111111111111111111111111111111111111111111111111111111111111111111111111111111111111111111110000000000000000000000000000000011111111111111111111111111110000000000011111111111111111111111111111111111111111111111111111111111111111111111111000011111111111111110000000011111111111111111111111111111110
111111111111111111111111111111111111111111111111111111111111111111111111111111111111111111110000000000000000000000000000000000001111111111111111111111111100000000000000001111111111111111111111111111111111111111111111111111111111111111111111000111111111111111110000000011111111111111111111111111111110
111111111111111111111111111111111111111111111111111111111111111111111111111111111111111111100000000000000000000000000000000000000000111111111111111100000000000000000000001111111111111111111111111111111111111111111111111111111111111111111111111111111111111111110000011111111111111111111111111111111110
111111111111111111111111111111111111111111111111111111111111111111111111111111111111111111100000011111111111111111100000000000000000111111111111111100000000000000000011111111111111111111111111111111111111111111111111111111111111111111111111111111111111111111111101111111111111111111111111111111111110
111111111111111111111111111111111111111111111111111111111111111111111111111111111111111111100001111111111111111111110000000000000000111111111111111100000000000000000111111111111111111111111111111111111111111111111111111111111111111111111111111111111111111111111111111111111111111111111111111111111110
111111111111111111111111111111111111111111111111111111111111111111111111111111111111111111100011111111111111111111110000000000000000111111111111111100000000000000000111111111111111111111111111111111111111111111111111111111111111111111111111111111111111111111111111111111111111111111111111111111111110
111111111111111111111111111111111111111111111111111111111111111111111111111111111111111111000011111111111111111111110000000000000000111111111111111100000000000000001111111111111111111111111111111111111111111111111111111111111111111111111111111111111111111111111111111111111111111111111111111111111110
111111111111111111111111111111111111111111111111111111111111111111111111111111111111111111000011111111111111111111110000000000000000011111111111111000000000000000001111111111111111111111111111111111111111111111111111111111111111111111111111111111111111111111111111111111111111111111111111111111111110
111111111111111111111111111111111111111111111111111111111111111111111111111111111111111100000011111111111111111111111000000000000000000111111111110000000000000000011111111111111111111111111111111111111111111111111111111111111111111111111111111111111111111111111111111111111111111111111111111111111110
111111111111111111111111111111111111111111111111111111111111111111111111111111111111000000000111111111111111111111111100000000000000000000111111100000000000000000011111111111111111111111111111111111111111111111111111111111111111111111111111111111111111111111111111111111111111111111111111111111111110
111111111111111111111111111111111111111111111111111111111111111111111111111100000000000000001111111111111111111111111111111111111000000000000000000000000000000001111111111111111111111111111111111111111111111111111111111111111111111111111111111111111111111111111111111111111111111111111111111111111110
111111111111111111111111111111111111111111111111111111111111111111111111111100000000000001111111111111111111111111111111111111111100000000000000000000000000000111111111111111111111111111111111111111111111111111111111111111111111111111111111111111111111111111111111111111111111111111111111111111111110
111111111111111111111111111111111111111111111111111111111111111111111111111100000000001111111111111111111111111111111111111111111110000000000000000000000000001111111111111111111111111111111111111111111111111111111111111111111111111111111111111111111111111111111111111111111111111111111111111111111110
111111111111111111111111111111111111111111111111111111111111111111111111111100000000011111111111111111111111111111111111111111111110000000000000000000000000011111111111111111111111111111111111111111111111111111111111111111111111111111111111111111111111111111111111111111111111111111111111111111111110
111111111111111111111111111111111111111111111111111111111111111111111111111100000000011111111111111111111111111111111111111111111110000000000000000000000000011111111111111111111111111111111111111111111111111111111111111111111111111111111111111111111111111111111111111111111111111111111111111111111110
111111111111111111111111111111111111111111111111111111111111111111111111111100000000111111111111111111111111111111111111111111111110000000000000000000000011011111111111111111111111111111111111111111111111111111111111111111111111111111111111111111111111111111111111111111111111111111111111111111111110
111111111111111111111111111111111111111111111111111111111111111111111111111100000000111111111111111111111111111111111111111111111111000000000000000000000011111111111111111111111111111111111111111111111111111111111111111111111111111111111111111111111111111111111111111111111111111111111111111111111110
111111111111111111111111111111111111111111111111111111111111111111111111111111111111111111111111111111111111111111111111111111111111100000000000000000000001111111111111111111111111111111111111111111111111111111111111111111111111111111111111111111111111111111111111111111111111111111111111111111111110
111111111111111111111111111111111111111111111111111111111111111111111111111111111111111111111111111111111111111111111111111111111111111111111111111111111111111111111111111111111111111111111111111111111111111111111111111111111111111111111111111111111111111111111111111111111111111111111111111111111110
111111111111111111111111111111111111111111111111111111111111111111111111111111111111111111111111111111111111111111111111111111111111111111111111111111111111111111111111111111111111111111111111111111111111111111111111111111111111111111111111111111111111111111111111111111111111111111111111111111111110
111111111111111111111111111111111111111111111111111111111111111111111111111111111111111111111111111111111111111111111111111111111111111111111111111111111111111111111111111111111111111111111111111111111111111111111111111111111111111111111111111111111111111111111111111111111111111111111111111111111110
111111111111111111111111111111111111111111111111111111111111111111111111111111111111111111111111111111111111111111111111111111111111111111111111111111111111111111111111111111111111111111111111111111111111111111111111111111111111111111111111111111111111111111111111111111111111111111111111111111111110
111111111111111111111111111111111111111111111111111111111111111111111111111111111111111111111111111111111111111111111111111111111111111111111111111111111111111111111111111111111111111111111111111111111111111111111111111111111111111111111111111111111111111111111111111111111111111111111111111111111110
111111111111111111111111111111111111111111111111111111111111111111111111111111111111111111111111111111111111111111111111111111111111111111111111111111111111111111111111111111111111111111111111111111111111111111111111111111111111111111111111111111111111111111111111111111111111111111111111111111111110
111111111111111111111111111111111111111111111111111111111111111111111111111111111111111111111111111111111111111111111111111111111111111111111111111111111111111111111111111111111111111111111111111111111111111111111111111111111111111111111111111111111111111111111111111111111111111111111111111111111110
111111111111111111111111111111111111111111111111111111111111111111111111111111111111111111111111111111111111111111111111111111111111111111111111111111111111111111111111111111111111111111111111111111111111111111111111111111111111111111111111111111111111111111111111111111111111111111111111111111111110
111111111111111111111111111111111111111111111111111111111111111111111111111111111111111111111111111111111111111111111111111111111111111111111111111111111111111111111111111111111111111111111111111111111111111111111111111111111111111111111111111111111111111111111111111111111111111111111111111111111110
111111111111111111111111111111111111111111111111111111111111111111111111111111111111111111111111111111111111111111111111111111111111111111111111111111111111111111111111111111111111111111111111111111111111111111111111111111111111111111111111111111111111111111111111111111111111111111111111111111111110
111111111111111111111111111111111111111111111111111111111111111111111111111111111111111111111111111111111111111111111111111111111111111111111111111111111111111111111111111111111111111111111111111111111111111111111111111111111111111111111111111111111111111111111111111111111111111111111111111111111110
111111111111111111111111111111111111111111111111111111111111111111111111111111111111111111111111111111111111111111111111111111111111111111111111111111111111111111111111111111111111111111111111111111111111111111111111111111111111111111111111111111111111111111111111111111111111111111111111111111111110
111111111111111111111111111111111111111111111111111111111111111111111111111111111111111111111111111111111111111111111111111111111111111111111111111111111111111111111111111111111111111111111111111111111111111111111111111111111111111111111111111111111111111111111111111111111111111111111111111111111110
111111111111111111111111111111111111111111111111111111111111111111111111111111111111111111111111111111111111111111111111111111111111111111111111111111111111111111111111111111111111111111111111111111111111111111111111111111111111111111111111111111111111111111111111111111111111111111111111111111111110
111111111111111111111111111111111111111111111111111111111111111111111111111111111111111111111111111111111111111111111111111111111111111111111111111111111111111111111111111111111111111111111111111111111111111111111111111111111111111111111111111111111111111111111111111111111111111111111111111111111110
111111111111111111111111111111111111111111111111111111111111111111111111111111111111111111111111111111111111111111111111111111111111111111111111111111111111111111111111111111111111111111111111111111111111111111111111111111111111111111111111111111111111111111111111111111111111111111111111111111111110
111111111111111111111111111111111111111111111111111111111111111111111111111111111111111111111111111111111111111111111111111111111111111111111111111111111111111111111111111111111111111111111111111111111111111111111111111111111111111111111111111111111111111111111111111111111111111111111111111111111110
111111111111111111111111111111111111111111111111111111111111111111111111111111111111111111111111111111111111111111111111111111111111111111111111111111111111111111111111111111111111111111111111111111111111111111111111111111111111111111111111111111111111111111111111111111111111111111111111111111111110
111111111111111111111111111111111111111111111111111111111111111111111111111111111111111111111111111111111111111111111111111111111111111111111111111111111111111111111111111111111111111111111111111111111111111111111111111111111111111111111111111111111111111111111111111111111111111111111111111111111110
111111111111111111111111111111111111111111111111111111111111111111111111111111111111111111111111111111111111111111111111111111111111111111111111111111111111111111111111111111111111111111111111111111111111111111111111111111111111111111111111111111111111111111111111111111111111111111111111111111111110
111111111111111111111111111111111111111111111111111111111111111111111111111111111111111111111111111111111111111111111111111111111111111111111111111111111111111111111111111111111111111111111111111111111111111111111111111111111111111111111111111111111111111111111111111111111111111111111111111111111110
111111111111111111111111111111111111111111111111111111111111111111111111111111111111111111111111111111111111111111111111111111111111111111111111111111111111111111111111111111111111111111111111111111111111111111111111111111111111111111111111111111111111111111111111111111111111111111111111111111111110
111111111111111111111111111111111111111111111111111111111111111111111111111111111111111111111111111111111111111111111111111111111111111111111111111111111111111111111111111111111111111111111111111111111111111111111111111111111111111111111111111111111111111111111111111111111111111111111111111111111110
111111111111111111111111111111111111111111111111111111111111111111111111111111111111111111111111111111111111111111111111111111111111111111111111111111111111111111111111111111111111111111111111111111111111111111111111111111111111111111111111111111111111111111111111111111111111111111111111111111111110
111111111111111111111111111111111111111111111111111111111111111111111111111111111111111111111111111111111111111111111111111111111111111111111111111111111111111111111111111111111111111111111111111111111111111111111111111111111111111111111111111111111111111111111111111111111111111111111111111111111110
111111111111111111111111111111111111111111111111111111111111111111111111111111111111111111111111111111111111111111111111111111111111111111111111111111111111111111111111111111111111111111111111111111111111111111111111111111111111111111111111111111111111111111111111111111111111111111111111111111111110
111111111111111111111111111111111111111111111111111111111111111111111111111111111111111111111111111111111111111111111111111111111111111111111111111111111111111111111111111111111111111111111111111111111111111111111111111111111111111111111111111111111111111111111111111111111111111111111111111111111110
111111111111111111111111111111111111111111111111111111111111111111111111111111111111111111111111111111111111111111111111111111111111111111111111111111111111111111111111111111111111111111111111111111111111111111111111111111111111111111111111111111111111111111111111111111111111111111111111111111111110
111111111111111111111111111111111111111111111111111111111111111111111111111111111111111111111111111111111111111111111111111111111111111111111111111111111111111111111111111111111111111111111111111111111111111111111111111111111111111111111111111111111111111111111111111111111111111111111111111111111110
111111111111111111111111111111111111111111111111111111111111111111111111111111111111111111111111111111111111111111111111111111111111111111111111111111111111111111111111111111111111111111111111111111111111111111111111111111111111111111111111111111111111111111111111111111111111111111111111111111111110
