111111111111111111111111111111111111111111111111111111111111111111111111111111111111111111111111111111111111111111111111111111111111111111111111111111111111111111111111111111111111111111111111111111111111111111111111111111111111111111111111
111111111111111111111111111111111111111111111111111111111111111111111111111111111111111111111111111111111111111111111111111111111111111111111111111111111111111111111111111111111111111111111111111111111111111111111111111111111111111111111111
111111111111111111111111111111111111111111111111111111111111111111111111111111111111111111111111111111111111111111111111111111111100111111111111111111111111111111111111111111111111111111111111111111111111111111111111111111111111111111111111
111111111111111111111111111111111111111111111111111111111111111111111111111111111111111111111111111111111111111111111111111111111100111111111111111111111111111111111111111111111111111111111111111111111111111111111111111111111111111111111111
111111111111111111111111111111111111111111111111111111111111111111111111111111111111111111111111111111111111111111111111111111111100000000001111111111111111111111111111111111111111111111111111111111111111111111111111111111111111111111111111
111111111111111111111111111111111111111111111111111111111111111111111111111111111111111111111111111111111111111111111111111111111100000000001111111111111111111111111111111111111111111111111111111111111111111111111111111111111111111111111111
111111111111111111111111111111111111111111111111111111111111111111111111111111111111111111111111111111111111111111111111111111111100000000001111111111111111111111111111111111111111111111111111111111111111111111111111111111111111111111111111
111111111111111111111111111111111111111111111111111111111111111111111111111111111111111111111111111111111111111111111111111111111100000000001111111111111111111111111111111111111111111111111111111111111111111111111111111111111111111111111111
111111111111111111111111111111111111111111111111111111111111111111111111111111111111111111111111111111111111111111111111111111111100000000001111111111111111111111111111111111111111111111111111111111111111111111111111111111111111111111111111
111111111111111111111111111111111111111111111111111111111111111111111111111111111111111111111111111111111111111111111111111111111100000000001111111111111111111111111111111111111111111111111111111111111111111111111111111111111111111111111111
111111111111111111111111111111111111111111111111111111111111111111111111111111111111111111111111111111111111111111111111111111111100000000001111111111111111111111111111111111111111111111111111111111111111111111111111111111111111111111111111
111111111111111111111111111111111111111111111111111111111111111111111111111111111111111111111111111111111111111111111111111111111100000000001111111111111111111111111111111111111111111111111111111111111111111111111111111111111111111111111111
111111111111111111111111111111111111111111111111111111111111111111111111111111111111111111111111111111111111111111111111111111111100000000000011111111111111111111111111111111111111111111111111111111111111111111111111111111111111111111111111
111111111111111111111111111111111111111111111111111111111111111111111111111111111111111111111111111111111111111111111111111111111100000000000011111111111111111111111111111111111111111111111111111111111111111111111111111111111111111111111111
111111111111111111111111111111111111111111111111111111111111111111111111111111111111111111111111111111111111111111111111111111111111110011111111111111111111111111111111111111111111111111111111111111111111111111111111111111111111111111111111
111111111111111111111111111111111111111111111111111111111111111111111111111111111111111111111111111111111111111111111111111111111111110011111111111111111111111111111111111111111111111111111111111111111111111111111111111111111111111111111111
111111111111111111111111111111111111111111111111111111111111111111111111111111111111111111111111111111111111111111111111111111111111111111111111111111111111111111111111111111111111111111111111111111111111111111111111111111111111111111111111
111111111111111111111111111111111111111111111111111111111111111111111111111111111111111111111111111111111111111111111111111111111111111111111111111111111111111111111111111111111111111111111111111111111111111111111111111111111111111111111111
111111111111111111111111111111111111111111111111111111111111111111111111111111111111111111111111111111111111111111111111111111111111111111111111111111111111111111111111111111111111111111111111111111111111111111111111111111111111111111111111
111111111111111111111111111111111111111111111111111111111111111111111111111111111111111111111111111111111111111111111111111111111111111111111111111111111111111111111111111111111111111111111111111111111111111111111111111111111111111111111111
111111111111111111111111111111111111111111111111111111111111111111111111111111111111111111111111111111111111111111111111111111111111111111111111111111111111111111111111111111111111111111111111111111111111111111111111111111111111111111111111
111111111111111111111111111111111111111111111111111111111111111111111111111111111111111111111111111111111111111111111111111111111111111111111111111111111111111111111111111111111111111111111111111111111111111111111111111111111111111111111111
111111111111111111111111111111111111111111111111111111111111111111111111111111111111111111111111111111111111111111111111111111111111111111111111111111111111111111111111111111111111111111111111111111111111111111111111111111111111111111111111
111111111111111111111111111111111111111111111111111111111111111111111111111111111111111111111111111111111111111111111111111111111111111111111111111111111111111111111111111111111111111111111111111111111111111111111111111111111111111111111111
111111111111111111111111111111111111111111111111111111111111111111111111111111111111111111111111111111111111111111111111111111111111111111111111111111111111111111111111111111111111111111111111111111111111111111111111111111111111111111111111
111111111111111111111111111111111111511111111111111111111111111111111111111111111111111111111111111111111111111111111111111111111111111111111111111111111111111111111111111111111111111111111111111111111111111111111111111111111111111111111111
111111111111111111111111111100000000500011000000001100000000000000000000000555555555555555555555555511111111111111111111111111111111111111111111111111111111111111111111111111111111111111111111111111111111111111111111111111111111111111111111
111111111111111111111111111100000000500011000000001100000000000000000000000555555555555555555555555511111111111111111111111111111111111111111111111111111111111111111111111111111111111111111111111111111111111111111111111111111111111111111111
111111111111111111111111111100000000500000000000000000000000000000000000000555555555555555555555555511111111111111111111111111111111111111111111111111111111111111111111111111111111111111111111111111111111111111111111111111111111111111111111
111111111111111111111111111100000000500000000000000000000000000000000000000555555555555555555555555511111111111111111111111111111111111111111111111111111111111111111111111111111111111111111111111111111111111111111111111111111111111111111111
111111111111111111111111111100000000500000000000000000000000000000000000000555000050055555555555555511111111111111111111111111111111111111111111111111111111111111111111111111111111111111111111111111111111111111111111111111111111111111111111
111111111111111111111111111100000000500000000000000000000000000000000000000555000000055555555555555511111111111111111111111111111111111111111111111111111111111111111111111111111111111111111111111111111111111111111111111111111111111111111111
111111111111111111111111111100010000500000001111111111111111111111110000000555000055555555555555555511111111111111111111111111111111111111111111111111111111111111111111111111111111111111111111111111111111111111111111111111111111111111111111
111111111111111111111111111100010000500000000055555555010055555555110000000555000055555555555555555511111111111111111111111111111111111111111111111111111111111111111111111111111111111111111111111111111111111111111111111111111111111111111111
111111111111111111111111111100010000500000000000000000000000000000110000000555000050000000005555555511111111111111111111111111111111111111111111111111111111111111111111111111111111111111111111111111111111111111111111111111111111111111111111
111111111111111111111111111100010000500000000000000000000000000000110000000555000050000000005555555511111111111111111111111111111111111111111111111111111111111111111111111111111111111111111111111111111111111111111111111111111111111111111111
111111111111111111111111111100010011550000000000000000000000001100110000000555000050000000005555555511111111111111111111111111111111111111111111111111111111111111111111111111111111111111111111111111111111111111111111111111111111111111111111
111111111111111111111111111100010011550000000000000000000000001100110000000555000050000000005555555511111111111111111111111111111111111111111111111111111111111111111111111111111111111111111111111111111111111111111111111111111111111111111111
111111111111111111111111111100010011550000000000000000000000000000110000000555000050000000005555555511111111111111111111111111111111111111111111111111111111111111111111111111111111111111111111111111111111111111111111111111111111111111111111
111111111111111111111111111500010011550000000000000000000000000000110000000555000050000000005555555511111111111111111111111111111111111111111111111111111111111111111111111111111111111111111111111111111111111111111111111111111111111111111111
111111111111111101111111110500010000550000000000000000000000000000110000000555000000000000005555555511111111111111111111111111111111111111111111111111111111111111111111111111111111111111111111111111111111111111111111111111111111111111111111
111111111111111101111111110500010000550000000000000000000000000000110000000555000000000000005555555511111111111111111111111111111111111111111111111111111111111111111111111111111111111111111111111111111111111111111111111111111111111111111111
111111111111111101111111110500010000550000000000000000000000000000110000000555000000000000005555555511111111111111111111111111111111111111111111111111111111111111111111111111111111111111110000000050111100000000111111111111111111111111111111
111111111111111101111111110500010000550000000000000000000000000000110000000555000000000000005555555511111111111111111111111111111111111111111111111111111111111111111111111111111111111111110000000050111100000000111111111111111111111111111111
111111111111111101111111110500010000550000000000000000000000000000110000000555000000000000005555555511111111111111111111111111111111111111111111111111111111111111111111111111111111111111110000000050111100000000111111111111111111111111111111
111111111111111101111111110500010000550000000000000000000000000000110000000555000000000000005555555511111111111111111111111111111111111111111111111111111111111111111111111111111111111111110000000050111100000000111111111111111111111111111111
111111111111111100000000000500010000550000000000000000000000000000111000000555000000000000005555555511111111111111111111111111111111111111111111111111111111111111111111111111111111111111110000000050111100000000111111111111111111111111111111
111111111111111100000000000500010000555555555555555555555550000000110000000555555555555555555555555511111111111111111111111111111111111111111111111111111111111111111111111111111111111111110000000050111100000000111111111111111111111111111111
111111111111111100000000000500010000555000000000000000000050000000110000000555555555555555555555555511111111111111111111111111111111111111111111111111111111111111111111111111111111111111111000000050000000000000000000110000111111111111111111
111111111111111100000000000500010000555000000000000000000050000000110000000555555555555555555555555511111111111111111111111111111111111111111111111111111111111111111111111111111111111111111000000050000000000000100000110000111111111111111111
111111111111111100000000000000010000055000000000000000000050000000110000000555555555555555555555555511111111111111111111111111111111111111111111111111111111111111111111111111111111111111111000000050000000000000000000000001111111111111111111
111111111111111100000000000005510000055000000000000000000050000000110000000555555555555555555555555511111111111111111111111111111111111111111111111111111111111111111111111111111111111111111000000050000000000000000000000001111111111111111111
111111111111111100000000000005000011115000000000000000000050000000110000000555555555555555555555555511111111111111111111111111111111111111111111111111111111111111111111111111111111111111110000000050000000000000000000000001111111111111111111
111111111111111100000000000005000011115000000000051110000050000000110000000555555555555555555555555511111111111111111111111111111111111111111111111111111111111111111111111111111111111111110000000055555555555555555550000001111111111111111111
111111111111111111000000000005000011005500500000050010000050000000110000000000000055555555555555555511111111111111111111111111111111111111111111111111111111111111111111111111001111000000000000000000000000000000000050000010111111111111111111
111111111111111111000000000001000011005500500000050010000050000000110000000000000055555555555555555511111111111111111111111111111111111111111111111111111111111111111111111111000000000000001000000010000000000000000050000000111111111111111111
111111111111111100000000000001000011005500100000050010000050000000110000000000000000000000000555555511111111111111111111111111111111111111111111111111111111111111111111111111000000000000000000000000000000000000000050000000111111111111111111
111111111111111100000000000001000011005500111111550010000050000000110000000000000000000000000555555511111111111111111111111111111111111111111111111111111111111111111111111111000000000000000000000000000000000000000050000000111111111111111111
111111111111111100000000001101000011005500000000000010000050000000110000000000000000000000000555555511111111111111111111111111111111111111111111111111111111111111111111111111000000000000000000000000000000000000000050000000111111111111111111
111111111111111100000000001101000011005500000000000010000050000000110000000000000000000000000555555511111111111111111111111111111111111111111111111111111111111111111111111111555555555555555555555555555555000000001150000000111111111111111111
111111111111111100000000000001050055005555555555111110000050000000110000000000000000000000000555555511111111111111111111111111111111111111111111111111111111111111111111111111001110111001105555555555555555000000001150000000111111111111111111
111111111111111100051111111111050055005000000000000000000050000000110000000000000000000000000555555511111111111111111111111111111111111111111111111111111111111111111111111111001110111000005555555555555555000000001150000000111111111111111111
111111111111111100050000000000050055005000000000000000000050000000110000000000000000000000000555555511111111111111111111111111111111111111111111111111111111111111111111111111000000000000000000000000000000000000001150000000111111111111111111
111111111111111100050000000000055055005555555555555555555550000055115555550000000000000000000055555511111111111111111111111111111111111111111111111111111111111111111111111111000000000000000000000000000000000000000050000000111111111111111111
111111111111111100050000005500050050000000000000550000050000000000055555555555555510000000000155555511111111111111111111111111111111111111111111111111111111111111111111111111000000000000000000000000000000000000000050000000111111111111111111
111111111111111100055555555555550055000000050000000000000000000000055555555555555510000000000155555511111111111111111111111111111111111111111111111111111111111111111111111111000000000000000000000000000000000000001150000000111111111111111111
111111111111111100000000000000055550000000000000550000110005000000055555555555555510000000000155555511111111111111111111111111111111111111111111111111111111111111111111111111000000000000005555555555555555000000001150000001111111111111111111
111111111111111100000000000000000000000000000050550500110000005000055555555555555510000000000155555511111111111111111111111111111111111111111111111111111111111111111111111111000000000001105555555555555555000000001150000001111111111111111111
111111111111111100000000000000000000000500110000000000000055000011055555555555555510000000000155555511111111111111111111111111111111111111111111111111111111111111111111111111000000555555555555555555555555000000001150000001111111111111111111
111111111111111100000000000000000000000000110000050000005055000011055555555555555510000000000155555511111111111111111111111111111111111111111111111111111111111111111111111111000000500000000000000000000000000000000050000001111111111111111111
111111111111111100000000000000000000000000000000000000050000050000055555555555111110000000000111111111111111111111111111111111111111111111111111111111111111111111111111111111000000500000000000000000000000000000000050000010111111111111111111
111111111111111100000000000000000000555555555555555555555555555555555555555555111110000000000111111111111111111111111111111111111111111111111111111111111111111111111111111111000000500000000000000000000000000000000050000000111111111111111111
111111111111111100555050505055500055555555555555555555555555555555555555555555110000000000000000111111111111111111111111111111111111111111111111111111111111111111111111111111000000500000000055555555000000000000000050000000111111111111111111
111111111111111155555555555555555555555555555555555555555555555555555555555555110000000000000000111111111111111111111111111111111111111111111111111111111111111111111111111111000000500000000055555555000000000000000055550000111111111111111111
111111111111111155555555555555555555555555555555555555555555555555555555555555110000000000000000111111111111111111111111111111111111111111111111111111111111111111111111111111000000500000000000000000000000000000000011000000111111111111111111
111111111111111155555555555555555555555555555555555555555555555555555555555555110000000000000000111111111111111111111111111111111111111111111111111111111111111111111111111111000000500000000000000000000000000000000011000000111111111111111111
111111111111111155555555555555555555555555555555555555555555555555555555555555110000000000000000111111111111111111111111111111111111111111111111111111111111111111111111111111000000500000000011111111111111000000001111000000111111111111111111
111111111111111155555555555555555555555555555555555555555555555555555555555555110000000000000000111111111111111111111111111111111111111111111111111111111111111111111111111111000000500000000011111111111111000000001111000000111111111111111111
111111111111111155555555555555555555555555555555555555555555555555555555555555110000000000000000111111111111111111111111111111111111111111111111111111111111111111111111111111000000500000110011110111000000000000000011000000111111111111111111
111111111111111155555555555555555555555555555555555555555555555555555555555555110000000000000000111111111111111111111111111111111111111111111111111111111111111111111111111111000000500000110011110000000000000000000011000000111111111111111111
111111111111111111111111111111111111111111111111111111111111111111111111111111111111110000111111111111111111111111111111111111111111111111111111111111111111111111111111111111000000500000000011110000000000000000100011000000111111111111111111
111111111111111111111111111111111111111111111111111111111111111111111111111111111111110000111111111111111111111111111111111111111111111111111111111111111111111111111111111111000000500000000011100500500050050000000011000000111111111111111111
111111111111111111111111111111111111111111111111111111111111111111111111111111111111111111111111111111111111111111111111111111111111111111111111111111111111111111111111111111000000500000001011100000000000000000550011000000111111111111111111
111111111111111111111111111111111111111111111111111111111111111111111111111111111111111111111111111111111111111111111111111111111111111111111111111111111111111111111111111111000000500000000011100500500050050000500011000000111111111111111111
111111111111111111111111111111111111111111111111111111111111111111111111111111111111111111111111111111111111111111111111111111111111111111111111111111111111111111111111111111000000500000000111000000000000000000500011000000111111111111111111
111111111111111111111111111111111111111111111111111111111111111111111111111111111111111111111111111111111111111111111111111111111111111111111111111111111111111111111111111111000000500000000111000500500050050000550011000000111111111111111111
111111111111111111111111111111111111111111111111111111111111111111111111111111111111111111111111111111111111111111111111111111111111111111111111111111111111111111111111111111000000500000000111000000000000000000500011000000111111111111111111
111111111111111111111111111111111111111111111111111111111111111111111111111111111111111111111111111111111111111111111111111111111111111111111111111111111111111111111111111111000000500000000111000500500050050000500011000000111111111111111111
111111111111111111111111111111111111111111111111111111111111111111111111111111111111111111111111111111111111111111111111111111111111111111111111111111111111111111111111111111000000500000000011110000000000000000000011000000111111111111111111
111111111111111111111111111111111111111111111111111111111111111111111111111111111111111111111111111111111111111111111111111111111111111111111111111111111111111111111111111111000000500000000011110000000000000000000011000000111111111111111111
111111111111111111111111111111111111111111111111111111111111111111111111111111111111111111111111111111111111111111111111111111111111111111111111111111111111111111111111111111000000500000000111000000001111111111111111000001111111111111111111
111111111111111111111111111111111111111111111111111111111111111111111111111111111111111111111111111111111111111111111111111111111111111111111111111111111111111111111111111111000000500000000111000000001111111111111111000000111111111111111111
111111111111111111111111111111111111111111111111111111111111111111111111111111111111111111111111111111111111111111111111111111111111111111111111111111111111111111111111111111000000500000000111000000000000001111000011000000111111111111111111
111111111111111111111111111111111111111111111111111111111111111111111111111111111111111111111111111111111111111111111111111111111111111111111111111111111111111111111111111111000000500000000111000000000000000000000011000000111111111111111111
111111111111111111111111111111111111111111111111111111111111111111111111111111111111111111111111111111111111111111111111111111111111111111111111111111111111111111111111111111000000500000001011000000000011000000010011000000111111111111111111
111111111111111111111111111111111111111111111111111111111111111111111111111111111111111111111111111111111111111111111111111111111111111111111111111111111111111111111111111111000000500000000011000000000011000000000011000000111111111111111111
111111111111111111111111111111111111111111111111111111111111111111111111111111111111111111111111111111111111111111111111111111111111111111111111111111111111111111111111111111000000500000000000000000000000000000000011000000111111111111111111
111111111111111111111111111111111111111111111111111111111111111111111111111111111111111111111111111111111111111111111111111111111111111111111111111111111111111111111111111111000000500000000000000000000000000000000011000000111111111111111111
111111111111111111111111111111111111111111111111111111111111111111111111111111111111111111111111111111111111111111111111111111111111111111111111111111111111111111111111111111000000500000000000000000000000000000000000000000111111111111111111
111111111111111111111111111111111111111111111111111111111111111111111111111111111111111111111111111111111111111111111111111111111111111111111111111111111111111111111111111111000000500000000000000000000000000000000000000000111111111111111111
111111111111111111111111111111111111111111111111111111111111111111111111111111111111111111111111111111111111111111111111111111111111111111111111111111111111111111111111111111000000500000110011000000000000000011000000000000111111111111111111
111111111111111111111111111111111111111111111111111111111111111111111111111111111111111111111111111111111111111111111111111111111111111111111111111111111111111111111111111111000000500000110011011110000000000011000000000000111111111111111111
111111111111111111111111111111111111111111111111111111111111111111111111111111111111111111111111111111111111111111111111111111111111111111111111111111111111111111111111111111000000500000000011011110000000000011000000000000111111111111111111
111111111111111111111111111111111111111111111111111111111111111111111111111111111111111111111111111111111111111111111111111111111111111111111111111111111111111111111111111111000000500000000011011110000000000011000000000000111111111111111111
111111111111111111111111111111111111111111111111111111111111111111111111111111111111111111111111111111111111111111111111111111111111111111111111111111111111111111111111111111000000500000000011111111111111111111111111111111111111111111111111
111111111111111111111111111111111111111111111111111111111111111111111111111111111111111111111111111111111111111111111111111111111111111111111111111111111111111111111111111111000000500000000011111111111111111111111111111111111111111111111111
111111111111111111111111111111111111111111111111111111111111111111111111111111111111111111111111111111111111111111111111111111111111111111111111111111111111111111111111111111000000111111111111111111111111111111111111111111111111111111111111
111111111111111111111111111111111111111111111111111111111111111111111111111111111111111111111111111111111111111111111111111111111111111111111111111111111111111111111111111111000000111111111111111111111111111111111111111111111111111111111111
111111111111111111111111111111111111111111111111111111111111111111111111111111111111111111111111111111111111111111111111111111111111111111111111111111111111111111111111111111000000111111111111111111111111111111111111111111111111111111111111
111111111111111111111111111111111111111111111111111111111111111111111111111111111111111111111111111111111111111111111111111111111111111111111111111111111111111111111111111111000000111111111111111111111111111111111111111111111111111111111111
111111111111111111111111111111111111111111111111111111111111111111111111111111111111111111111111111111111111111111111111111111111111111111111111111111111111111111111111111111111111111111111111111111111111111111111111111111111111111111111111
111111111111111111111111111111111111111111111111111111111111111111111111111111111111111111111111111111111111111111111111111111111111111111111111111111111111111111111111111111111111111111111111111111111111111111111111111111111111111111111111
111111111111111111111111111111111111111111111111111111111111111111111111111111111111111111111111111111111111111111111111111111111111111111111111111111111111111111111111111111111111111111111111111111111111111111111111111111111111111111111111
111111111111111111111111111111111111111111111111111111111111111111111111111111111111111111111111111111111111111111111111111111111111111111111111111111111111111111111111111111111111111111111111111111111111111111111111111111111111111111111111
111111111111111111111111111111111111111111111111111111111111111111111111111111111111111111111111111111111111111111111111111111111111111111111111111111111111111111111111111111111111111111111111111111111111111111111111111111111111111111111111
111111111111111111111111111111111111111111111111111111111111111111111111111111111111111111111111111111111111111111111111111111111111111111111111111111111111111111111111111111111111111111111111111111111111111111111111111111111111111111111111
111111111111111111111111111111111111111111111111111111111111111111111111111111111111111111111111111111111111111111111111111111111111111111111111111111111111111111111111111111111111111111111111111111111111111111111111111111111111111111111111
111111111111111111111111111111111111111111111111111111111111111111111111111111111111111111111111111111111111111111111111111111111111111111111111111111111111111111111111111111111111111111111111111111111111111111111111111111111111111111111111
111111111111111111111111111111111111111111111111111111111111111111111111111111111111111111111111111111111111111111111111111111111111111111111111111111111111111111111111111111111111111111111111111111111111111111111111111111111111111111111111
111111111111111111111111111111111111111111111111111111111111111111111111111111111111111111111111111111111111111111111111111111111111111111111111111111111111111111111111111111111111111111111111111111111111111111111111111111111111111111111111
111111111111111111111111111111111111111111111111111111111111111111111111111111111111111111111111111111111111111111111111111111111111111111111111111111111111111111111111111111111111111111111111111111111111111111111111111111111111111111111111
111111111111111111111111111111111111111111111111111111111111111111111111111111111111111111111111111111111111111111111111111111111111111111111111111111111111111111111111111111111111111111111111111111111111111111111111111111111111111111111111
111111111111111111111111111111111111111111111111111111111111111111111111111111111111111111111111111111111111111111111111111111111111111111111111111111111111111111111111111111111111111111111111111111111111111111111111111111111111111111111111
111111111111111111111111111111111111111111111111111111111111111111111111111111111111111111111111111111111111111111111111111111111111111111111111111111111111111111111111111111111111111111111111111111111111111111111111111111111111111111111111
111111111111111111111111111111111111111111111111111111111111111111111111111111111111111111111111111111111111111111111111111111111111111111111111111111111111111111111111111111111111111111111111111111111111111111111111111111111111111111111111
111111111111111111111111111111111111111111111111111111111111111111111111111111111111111111111111111111111111111111111111111111111111111111111111111111111111111111111111111111111111111111111111111111111111111111111111111111111111111111111111
111111111111111111111111111111111111111111111111111111111111111111111111111111111111111111111111111111111111111111111111111111111111111111111111111111111111111111111111111111111111111111111111111111111111111111111111111111111111111111111111
111111111111111111111111111111111111111111111111111111111111111111111111111111111111111111111111111111111111111111111111111111111111111111111111111111111111111111111111111111111111111111111111111111111111111111111111111111111111111111111111
111111111111111111111111111111111111111111111111111111111111111111111111111111111111111111111111111111111111111111111111111111111111111111111111111111111111111111111111111111111111111111111111111111111111111111111111111111111111111111111111
111111111111111111111111111111111111111111111111111111111111111111111111111111111111111111111111111111111111111111111111111111111111111111111111111111111111111111111111111111111111111111111111111111111111111111111111111111111111111111111111
111111111111111111111111111111111111111111111111111111111111111111111111111111111111111111111111111111111111111111111111111111111111111111111111111111111111111111111111111111111111111111111111111111111111111111111111111111111111111111111111
111111111111111111111111111111111111111111111111111111111111111111111111111111111111111111111111111111111111111111111111111111111111111111111111111111111111111111111111111111111111111111111111111111111111111111111111111111111111111111111111
111111111111111111111111111111111111111111111111111111111111111111111111111111111111111111111111111111111111111111111111111111111111111111111111111111111111111111111111111111111111111111111111111111111111111111111111111111111111111111111111
111111111111111111111111111111111111111111111111111111111111111111111111111111111111111111111111111111111111111111111111111111111111111111111111111111111111111111111111111111111111111111111111111111111111111111111111111111111111111111111111
111111111111111111111111111111111111111111111111111111111111111111111111111111111111111111111111111111111111111111111111111111111111111111111111111111111111111111111111111111111111111111111111111111111111111111111111111111111111111111111111
111111111111111111111111111111111111111111111111111111111111111111111111111111111111111111111111111111111111111111111111111111111111111111111111111111111111111111111111111111111111111111111111111111111111111111111111111111111111111111111111
111111111111111111111111111111111111111111111111111111111111111111111111111111111111111111111111111111111111111111111111111111111111111111111111111111111111111111111111111111111111111111111111111111111111111111111111111111111111111111111111
111111111111111111111111111111111111111111111111111111111111111111111111111111111111111111111111111111111111111111111111111111111111111111111111111111111111111111111111111111111111111111111111111111111111111111111111111111111111111111111111
111111111111111111111111111111111111111111111111111111111111111111111111111111111111111111111111111111111111111111111111111111111111111111111111111111111111111111111111111111111111111111111111111111111111111111111111111111111111111111111111
111111111111111111111111111111111111111111111111111111111111111111111111111111111111111111111111111111111111111111111111111111111111111111111111111111111111111111111111111111111111111111111111111111111111111111111111111111111111111111111111
111111111111111111111111111111111111111111111111111111111111111111111111111111111111111111111111111111111111111111111111111111111111111111111111111111111111111111111111111111111111111111111111111111111111111111111111111111111111111111111111
111111111111111111111111111111111111111111111111111111111111111111111111111111111111111111111111111111111111111111111111111111111111111111111111111111111111111111111111111111111111111111111111111111111111111111111111111111111111111111111111
111111111111111111111111111111111111111111111111111111111111111111111111111111111111111111111111111111111111111111111111111111111111111111111111111111111111111111111111111111111111111111111111111111111111111111111111111111111111111111111111
111111111111111111111111111111111111111111111111111111111111111111111111111111111111111111111111111111111111111111111111111111111111111111111111111111111111111111111111111111111111111111111111111111111111111111111111111111111111111111111111
111111111111111111111111111111111111111111111111111111111111111111111111111111111111111111111111111111111111111111111111111111111111111111111111111111111111111111111111111111111111111111111111111111111111111111111111111111111111111111111111
111111111111111111111111111111111111111111111111111111111111111111111111111111111111111111111111111111111111111111111111111111111111111111111111111111111111111111111111111111111111111111111111111111111111111111111111111111111111111111111111
111111111111111111111111111111111111111111111111111111111111111111111111111111111111111111111111111111111111111111111111111111111111111111111111111111111111111111111111111111111111111111111111111111111111111111111111111111111111111111111111
111111111111111111111111111111111111111111111111111111111111111111111111111111111111111111111111111111111111111111111111111111111111111111111111111111111111111111111111111111111111111111111111111111111111111111111111111111111111111111111111
111111111111111111111111111111111111111111111111111111111111111111111111111111111111111111111111111111111111111111111111111111111111111111111111111111111111111111111111111111111111111111111111111111111111111111111111111111111111111111111111
111111111111111111111111111111111111111111111111111111111111111111111111111111111111111111111111111111111111111111111111111111111111111111111111111111111111111111111111111111111111111111111111111111111111111111111111111111111111111111111111
111111111111111111111111111111111111111111111111111111111111111111111111111111111111111111111111111111000000111111111100000000111111111111111111111111111111111111111111111111111111111111111111111111111111111111111111111111111111111111111111
111111111111111111111111111111111111111111111111111111111111111111111111111111111111111111111111111111000000111111111100000000111111111111111111111111111111111111111111111111111111111111111111111111111111111111111111111111111111111111111111
111111111111111111111111111111111111111111111111111111111111111111111111111111111111111111111111111111000000111111111100000000111111111111111111111111111111111111111111111111111111111111111111111111111111111111111111111111111111111111111111
111111111111111111111111111111111111111111111111111111111111111111111111111111111111111111111111111111000000111111111100000000111111111111111111111111111111111111111111111111111111111111111111111111111111111111111111111111111111111111111111
111111111111111111111111111111111111111111111111111111111111111111111111111111111111111111111111111111000000111111111100000000111111111111111111111111111111111111111111111111111111111111111111111111111111111111111111111111111111111111111111
111111111111111111111111111111111111111111111111111111111111111111111111111111111111111111111111111111000000111111111100000000111111111111111111111111111111111111111111111111111111111111111111111111111111111111111111111111111111111111111111
111111111111111111111111111111111111111111111111111111110111001111000000000000000000000001111110000011000000001111001100000000111111111111111111111111111111111111111111111111111111111111111111111111111111111111111111111111111111111111111111
111111111111111111111111111111111111111111111111111111110111001111000000000000010000000000000000000011000000000000001100000000111111111111111111111111111111111111111111111111111111111111111111111111111111111111111111111111111111111111111111
111111111111111111111111111111111111111111111111111100000000001111001100000000001111000000000000110011100000000000001100000011111111111111111111111111111111111111111111111111111111111111111111111111111111111111111111111111111111111111111111
111111111111111111111111111111111111111111111111111100000000001111001100000000001111000000000000110011100000000000001100000011111111111111111111111111111111111111111111111111111111111111111111111111111111111111111111111111111111111111111111
111111111111111111111111111111111111111111111111111100000000000011000000000505050505050505000000000011100000000000011100000000111111111111111111111111111111111111111111111111111111111111111111111111111111111111111111111111111111111111111111
111111111111111111111111111111111111111111111111110000000000000011000000000000000000000000000000000011100000000000011100000000111111111111111111111111111111111111111111111111111111111111111111111111111111111111111111111111111111111111111111
111111111111111111111111111111111111111111111111110000000000000000000000005555555555555555550000000011000000550000011100000011111111111111111111111111111111111111111111111111111111111111111111111111111111111111111111111111111111111111111111
111111111111111111111111111111111111111111111111111100000000000000000000505555555555555555550500000011000000550000011100000011111111111111111111111111111111111111111111111111111111111111111111111111111111111111111111111111111111111111111111
111111111111111111111111111111111111111111111111111100000010000000000000005500000000000000550000000000000000550000001100000000111111111111111111111111111111111111111111111111111111111111111111111111111111111111111111111111111111111111111111
111111111111111111111111111111111111111111111111111100000000000000000000505500000000000000550500000000000000550000001100000000111111111111111111111111111111111111111111111111111111111111111111111111111111111111111111111111111111111111111111
111111111111111111111111111111111111111111111111111100000055000000000000005500000000000000550000000000000000550000000000000011111111111111111111111111111111111111111111111111111111111111111111111111111111111111111111111111111111111111111111
111111111111111111111111111111111111111111111111111100005055050000000000505500000000000000550500000000000000550000000000000011111111111111111111111111111111111111111111111111111111111111111111111111111111111111111111111111111111111111111111
111111111111111111111111111111111111111111111111111100000000000000000000005500000000000000550000000000000000550000000000000000111111111111111111111111111111111111111111111111111111111111111111111111111111111111111111111111111111111111111111
111111111111111111111111111111111111111111111111111100000000000000000000505500000000000000550500000000000000550000000000000000111111111111111111111111111111111111111111111111111111111111111111111111111111111111111111111111111111111111111111
111111111111111111111111111111111111111111111111111100001111111111000000005500000000000000550000000000000011000000000000001100111111111111111111111111111111111111111111111111111111111111111111111111111111111111111111111111111111111111111111
111111111111111111111111111111111111111111111111111100001111111111000000505500000000000000550500000000000011000000000000001100111111111111111111111111111111111111111111111111111111111111111111111111111111111111111111111111111111111111111111
111111111111111111111111111111111111111111111111110000000011111111000000005500000000000000550000000011000000110000000000000000111111111111111111111111111111111111111111111111111111111111111111111111111111111111111111111111111111111111111111
111111111111111111111111111111111111111111111111110000000011111111000000505500000000000000550500000011000000110000000000000000111111111111111111111111111111111111111111111111111111111111111111111111111111111111111111111111111111111111111111
111111111111111111111111111111111111111111111111111000000000000011000000000055000000000055000000000011111111111111111111111111111111111111111111111111111111111111111111111111111111111111111111111111111111111111111111111111111111111111111111
111111111111111111111111111111111111111111111111111000000000000011000000000055000000000055000000000011111111111111111111111111111111111111111111111111111111111111111111111111111111111111111111111111111111111111111111111111111111111111111111
111111111111111111111111111111111111111111111111111000000000000011000000000055000000000055000000000011000000000000000000000000000000111111111111111111111111111111111111111111111111111111111111111111111111111111111111111111111111111111111111
111111111111111111111111111111111111111111111111110000000000000011000000000055000000000055000000000011000000001000000000000000000000111111111111111111111111111111111111111111111111111111111111111111111111111111111111111111111111111111111111
111111111111111111111111111111111111111111111111111000000000000111000000000055000000000055000000000011001100000000000000000000000000111111111111111111111111111111111111111111111111111111111111111111111111111111111111111111111111111111111111
111111111111111111111111111111111111111111111111111000000000000111000000000055000000000055000000000011001100000000000000000000000000111111111111111111111111111111111111111111111111111111111111111111111111111111111111111111111111111111111111
111111111111111111111111111111111111111111111111111000000000000111000000000000000000000000000000000011000000000000000000000000000000111111111111111111111111111111111111111111111111111111111111111111111111111111111111111111111111111111111111
111111111111111111111111111111111111111111111111110000000000000011000000000000000000000000000000000011000000000000000000000000000000111111111111111111111111111111111111111111111111111111111111111111111111111111111111111111111111111111111111
111111111111111111111111111111111111111111111111111000000000000111111111111111111111111111111111111111110000001111111111111111111111111111111111111111111111111111111111111111111111111111111111111111111111111111111111111111111111111111111111
111111111111111111111111111111111111111111111111111000000000000111111111111111111111111111111111111111110000001111111111111111111111111111111111111111111111111111111111111111111111111111111111111111111111111111111111111111111111111111111111
111111111111111111111111111111111111111111111111111000000000000111000000000000000000000000000000000000000000001100000011000111111111111111111111111111111111111111111111111111111111111111111111111111111111111111111111111111111111111111111111
111111111111111111111111111111111111111111111111110000000000000011000000000000000000000000000000000000000000001100000000000111111111111111111111111111111111111111111111111111111111111111111111111111111111111111111111111111111111111111111111
111111111111111111111111111111111111111111111111110000000000000111000000000011001100000000000011001100000000001100000000550000111111111111111111111111111111111111111111111111111111111111111111111111111111111111111111111111111111111111111111
111111111111111111111111111111111111111111111111110000100000000111000000000011001100005150000011001100000000001100000000500005111111111111111111111111111111111111111111111111111111111111111111111111111111111111111111111111111111111111111111
111111111111111111111111111111111111111111111111110050000000000111001100000000000000005050000000000000000000001100000000005500111111111111111111111111111111111111111111111111111111111111111111111111111111111111111111111111111111111111111111
111111111111111111111111111111111111111111111111110000000000000011001100000000000000000000000000000000000000001100000000005500111111111111111111111111111111111111111111111111111111111111111111111111111111111111111111111111111111111111111111
111111111111111111111111111111111111111111111111110055000000000111000000000000000000000000000000000000000000000000000000000000111111111111111111111111111111111111111111111111111111111111111111111111111111111111111111111111111111111111111111
111111111111111111111111111111111111111111111111110555050000000111000000000000000000000000000000000000000000000000000000050000111111111111111111111111111111111111111111111111111111111111111111111111111111111111111111111111111111111111111111
111111111111111111111111111111111111111111111111110555000000000111001100000000000000000000000000000000000000000000000000000100111111111111111111111111111111111111111111111111111111111111111111111111111111111111111111111111111111111111111111
111111111111111111111111111111111111111111111111110055000000000011001100000000000000000000000000000000000000000000000000000000111111111111111111111111111111111111111111111111111111111111111111111111111111111111111111111111111111111111111111
111111111111111111111111111111111111111111111111110000000000000011000000000000000000000000000000000000000000000000000000000000111111111111111111111111111111111111111111111111111111111111111111111111111111111111111111111111111111111111111111
111111111111111111111111111111111111111111111111110050000000011111000000000000000000000000000000000000000000000000000000000000111111111111111111111111111111111111111111111111111111111111111111111111111111111111111111111111111111111111111111
111111111111111111111111111111111111111111111111111111000000111111001100000000000000000000000000000000000000001100000000000001111111111111111111111111111111111111111111111111111111111111111111111111111111111111111111111111111111111111111111
111111111111111111111111111111111111111111111111111111000000111111001100000000000000000000000000000000000000001100000000000001111111111111111111111111111111111111111111111111111111111111111111111111111111111111111111111111111111111111111111
111111111111111111111111111111111111111111110000000000000000000000000000000000000000000000000000000000000000001100000000000001111111111111111111111111111111111111111111111111111111111111111111111100000000000000000000000000000000000011111111
111111111111111111111111111111111111111111110000000000000000000000000000000000000000000000000000000000000000001100001000100001111111111111111111111111111111111111111111111111111111111111111111111100000000000000000000000000000000000011111111
111111111111111111111111111111111111111111110000000000000000000000000000000000000000000000000000000000000000001100000000000000111111111111111111111111111111111111111111111111111111111111111111111100000000000000000000000000000000000011111111
111111111111111111111111111111111111111111110000000000000000000000000000000000000000000000000000000000000000001100000000000000111111111111111111111111111111111111111111111111111111111111111111111100000000000000000000000000000000000011111111
111111111111111111111111111111111111111111110000000000000000000000000000000000000000000000000000000000000000001100000000000000111111111111111111111111111111111111111111111111111111111111111111111100000100000000000000000000000010000011111111
111111111111111111111111111111111111111111110000000000000000000000000055555555555555555555555555555555555000001111101000100000111111111111111111111111111111111111111111111111111111111111111111111100001110000000000000000000000111000011111111
111111111111111111111111111111111111111111111111110000000500010055000000000000000000000000000000000000000000001111111111111111111111111111111111111111111111111111111111111111111111111111111111111100005100000000000000000000000010000011111111
111111111111111111111111111111111111111111111111110000505550500005000000000000000000000000000000000000000000001111111111111111111111111111111111111111111111111111111111111111111111111111111111111100005000000000000000000000000000000011111111
111111111111111111111111111111111111111111111111110000000500005500000000000000000000000000000000000000000000000000001111100000011111111111111111111111111111111111111111111111111111111111111111111100005000555551111111111555550000000011111111
111111111111111111111111111111111111111111111111110000000000005500000000000000000000000000000000000000000000000010000000000000011111111111111111111111111111111111111111111111111111111111111111111100005000500000000000000000050000000011111111
111111111111111111111111111111111111111111111111110000000500500000500000000000000000000000000000000000000000000000000000000011011111111111111111111111111111111111111111111111111111111111111111111100005000501111110000111111050000000011111111
111111111111111111111111111111111111111111111111110000000000550000000000000000000000000000000000000000000000000000000000000011011111111111111111111111111111111111111111111111111111111111111111111100005000501111110000111111050000000011111111
111111111111111111111111111111111111111111111111110000505500001000550000000000000000000000000000000000000000000000000000000011011111111111111111111111111111111111111111111111111111111111111111111100005000501111000000001111050000000011111111
111111111111111111111111111111111111111111111111110000005505000500550500000000000000000000000000000000000000000000000000000000011111111111111111111111111111111111111111111111111111111111111111111100005000501111005555001111050000000011111111
111111111111111111111111111111111111111111111111110000000000000000550000000000000011000000001100000000000000000000000000000000011111111111111111111111111111111111111111111111111111111111111111111100005000501100000000000011050000000011111111
111111111111111111111111111111111111111111111111115555555555555555555555555555555511000000001155555555555555555555555555555555551111111111111111111111111111111111111111111111111111111111111111111100005000501100000000000011050000000011111111
111111111111111111111111111111111111111111111111110000000000000000000000000000000000000000000000000000000000000000000000000000001111111111111111111111111111111111111111111111111111111111111111111100005000501105000000005011050000000011111111
111111111111111111111111111111111111111111111111110000000000000000000000000000000000000000000000000000000000000000000000000000001111111111111111111111111111111111111111111111111111111111111111111100005000501105000000005011050000000011111111
111111111111111111111111111111111111111111111111100055555555555555555555555555555500000000000055555555555555555555555555555555001111111111111111111111111111111111111111111111111111111111111111111100005000501105000000005011050000000011111111
111111111111111111111111111111111111111111111111100055555555555555555555555555555500000000000055555555555555555555555555555555001111111111111111111111111111111111111111111111111111111111111111111100005000501105000000005011050000000011111111
111111111111111111111111111111111111111111111111100055555555555555555555555555555500000000000055555555555555555555555555555555001111111111111111111111111111111111111111111111111111111111111111111100005000501100000000000011050000000011111111
111111111111111111111111111111111111111111111111100055555555555555555555555555555500000000000055555555555555555555555555555555001111111111111111111111111111111111111111111111111111111111111111111100005000501100000000000011050000000011111111
111111111111111111111111111111111111111111111111100055555555555511111155555555555500000000000055555555555511111155555555555555001111111111111111111111111111111111111111111111111111111111111111111100005000501111005555001111050000000011111111
111111111111111111111111111111111111111111111111100055555555555511111155555555555500000000000055555555555511111155555555555555001111111111111111111111111111111111111111111111111111111111111111111100005000501111000000001111050000000011111111
111111111111111111111111111111111111111111111111100055555555555511111155555555555500000000000055555555555511111155555555555555001111111111111111111111111111111111111111111111111111111111111111111100005000501111111111111111050000000011111111
111111111111111111111111111111111111111111111111100055555555555511111155555555555500000000000055555555555511111155555555555555001111111111111111111111111111111111111111111111111111111111111111111100001000501111111111111111050000000011111111
111111111111111111111111111111111111111111111111100055555555555511111155555555555500000000000055555555555511111155555555555555001111111111111111111111111111111111111111111111111111111111111111111100001000500000000000000000050000000011111111
111111111111111111111111111111111111111111111111100055555555555511111155555555555500000000000055555555555511111155555555555555001111111111111111111111111111111111111111111111111111111111111111111100001000505555555555555555550000000011111111
111111111111111111111111111111111111111111111111100055555555555555555555555555555500000000000055555555555555555555555555555555001111111111111111111111111111111111111111111111111111111111111111111100001000500000000000000000000000000011111111
111111111111111111111111111111111111111111111111100055555555555555555555555555555500000000000055555555555555555555555555555555001111111111111111111111111111111111111111111111111111111111111111111100001000500000000000000000000000000011111111
111111111111111111111111111111111111111111111111100055555555555555555555555555555500000000000055555555555555555555555555555555001111111111111111111111111111111111111111111111111111111111111111111100001010500000000000000000000010000011111111
111111111111111111111111111111111111111111111111100055555555555555555555555555555500000000000055555555555555555555555555555555001111111111111111111111111111111111111111111111111111111111111111111100001111555555555555555555550111000011111111
111111111111111111111111111111111111111111111111100000000000000000000000000000000000000000000000000000000000000000000000000000001111111111111111111111111111111111111111111111111111111111111111111100001010000000000000000000000010000011111111
111111111111111111111111111111111111111111111111100000000000000000000000000000000000000000000000000000000000000000000000000000001111111111111111111111111111111111111111111111111111111111111111111100005000000000000000000000000000000011111111
111111111111111111111111111111111111111111111111111111111111111111111111111111111111111111111111111111111111111111111111111111111111111111111111111111111111111111111111111111111111111111111111111155555000000000000000000000000000000011111111
111111111111111111111111111111111111111111111111111111111111111111111111111111111111111111111111111111111111111111111111111111111111111111111111111111111111111111111111111111111111111111111111111100000000000000000000000000000000000011111111
111111111111111111111111111111111111111111111111111111111111111111111111111111111111111111111111111111111111111111111111111111111111111111111111111111111111111111111111111111111111111111111111111111111111111111111111111111111111111111111111
111111111111111111111111111111111111111111111111111111111111111111111111111111111111111111111111111111111111111111111111111111111111111111111111111111111111111111111111111111111111111111111111111111111111111111111111111111111111111111111111
111111111111111111111111111111111111111111111111111111111111111111111111111111111111111111111111111111111111111111111111111111111111111111111111111111111111111111111111111111111111111111111111111111111111111111111111111111111111111111111111
111111111111111111111111111111111111111111111111111111111111111111111111111111111111111111111111111111111111111111111111111111111111111111111111111111111111111111111111111111111111111111111111111111111111111111111111111111111111111111111111
111111111111111111111111111111111111111111111111111111111111111111111111111111111111111111111111111111111111111111111111111111111111111111111111111111111111111111111111111111111111111111111111111111111111111111111111111111111111111111111111
111111111111111111111111111111111111111111111111111111111111111111111111111111111111111111111111111111111111111111111111111111111111111111111111111111111111111111111111111111111111111111111111111111111111111111111111111111111111111111111111
