000000000000000000000000000000000000000000000000000000000000000000000000000000000000000000000000000000000000000000000000000000000000000000000000000000000000000000000000000000000000000000000000000000000000000000000000000000000000000000000000
111111111111111111111111111111111111111111111111111111111111111111111111111111111111111111111111111111111111111111111111111111111111111111111111111111111111111111111111111111111111111111111111111111111111111111111111111111111111111111111110
111111111111111111111111111111111111111111111111111111111111111111111111111111111111111111111111111111111111111111111111111111111111111111111111111111111111111111111111111111111111111111111111111111111111111111111111111111111111111111111110
111111111111111111111111111111111111111111111111111111111111111111111111111111111111111111111111111111111111111111111111111111111111111111111111111111111111111111111111111111111111111111111111111111111111111111111111111111111111111111111110
111111111111111111111111111111111111111111111111111111111111111111111111111111111111111111111111111111111111111111111111111111111111111111111111111111111111111111111111111111111111111111111111111111111111111111111111111111111111111111111110
111111111111111111111111111111111111111111111111111111111111111111111111111111111111111111111111111111111111111111111111111111111111111111111111111111111111111111111111111111111111111111111111111111111111111111111111111111111111111111111110
111111110000000000000000000000000000000000110000000000000000001100000000000000000011000000000000000000110000000000000000001100000000000000000011000000000000000000110000000000000000001100000000000000000011000000000000000000000000000000111110
111111110000000000000000000000000000000000110000000000000000001100000000000000000011000000000000000000110000000000000000001100000000000000000011000000000000000000110000000000000000001100000000000000000011000000000000000000000000000000111110
111111110000000000000000000000000000000000110000000000000000001100000000000000000011000000000000000000110000000000000000001100000000000000000011000000000000000000110000000000000000001100000000000000000011000000000000000000000000000000111110
111111110000000000000000000000000000000000110000000000000000001100000000000000000011000000000000000000110000000000000000001100000000000000000011000000000000000000110000000000000000001100000000000000000011000000000000000000000000000000111110
111111110000000000000000000000000000000000110000000000000000001100000000000000000011000000000000000000110000000000000000001100000000000000000011000000000000000000110000000000000000001100000000000000000000000000000000000000000000000000111110
111111110000000000000000000000000000000000110000000000000000001100000000000000000011000000000000000000110000000000000000001100000000000000000011000000000000000000110000000000000000001100000000000000000000000000000000000000000000000000111110
111111110000000000000000000000000000000000110000000000000000001100000000000000000011000000000000000000110000000000000000001100000000000000000011000000000000000000110000000000000000001100000000000000000000000000000000000000000000000000111110
111111110000000000000000000000000000000000110000000000000000001100000000000000000011000000000000000000110000000000000000001100000000000000000011000000000000000000110000000000000000001100000000000000000000000000000000000000000000000000111110
111111110000000000000000000000000000000000110000000000000000001100000000000000000011000000000000000000110000000000000000001100000000000000000055000000000000000000110000000000000000001100000000000000000011000000000000000000000000000000111110
111111110000000000000000000000000000000000110000000000000000001100000000000000000011000000000000000000110000000000000000001100000000000000000055000000000000000000110000000000000000001100000000000000000011000000000000000000000000000000111110
111111110000000000000000000000000000000000000000000000000000000000000000000000000000000000000000000000000000000000000000000000000000000000000055000000000000000000000000000000000000000000000000000000000011000000000000000000000000000000111110
111111110000000000000000000000000000000000000000000000000000000000000000000000000000000000000000000000000000000000000000000000000000000000000055000000000000000000000000000000000000000000000000000000000011000000000000000000000000000000111110
111111110000000000000000000000000000000000000000000000000000000000000000000000000000000000000000000000000000000000000000000000000000000000000055000000000000000000000000000000000000000000000000000000000011000000000000000000000000000000111110
111111110000000000000000000000000000000000000000000000000000000000000000000000000000000000000000000000000000000000000000001100000000000000000055000000000000000000000000000000000000000000000000000000000011000000000000000000000000000000111110
111111110000000000000000000000000000000000110000000000000000001100000000000000000011000000000000000000110000000000000000001100000000000000000055000000000000000000110000000000000000001100000000000000000011000000000000000000000000000000111110
111111110000000000000000000000000000000000110000000000000000001100000000000000000011000000000000000000110000000000000000001100000000000000000055000000000000000000110000000000000000001100000000000000000011000000000000000000000000000000111110
111111110000000000000000000000000000000000110000000000000000001100000000000000000011000000000000000000110000000000000000001100000000000000000011000000000000000000110000000000000000001100000000000000000000000000000000000000000000000000111110
111111110000000000000000000000000000000000110000000000000000001100000000000000000011000000000000000000110000000000000000001100000000000000000011000000000000000000110000000000000000001100000000000000000000000000000000000000000000000000111110
111111110000000000000000000000000000000000110000000000000000001100000000000000000011000000000000000000110000000000000000001100000000000000000011000000000000000000110000000000000000001100000000000000000000000000000000000000000000000000111110
111111110000000000000000000000000000000000110000000000000000001100000000000000000011000000000000000000110000000000000000001100000000000000000011000000000000000000110000000000000000001100000000000000000000000000000000000000000000000000111110
111111110000000000000000000000000000000000110000000000000000001100000000000000000011000000000000000000110000000000000000001100000000000000000011000000000000000000110000000000000000001100000000000000000011000000000000000000000000000000111110
111111110000000000000000000000000000000000110000000000000000001100000000000000000011000000000000000000110000000000000000001100000000000000000011000000000000000000110000000000000000001100000000000000000011000000000000000000000000000000111110
111111110000000000000000000000000000000000110000000000000000001100000000000000000011000000000000000000110000000000000000001100000000000000000011000000000000000000110000000000000000001100000000000000000011000000000000000000000000000000111110
111111110000000000000000000000000000000000110000000000000000001100000000000000000011000000000000000000110000000000000000001100000000000000000011000000000000000000110000000000000000001100000000000000000011000000000000000000000000000000111110
111111111111111111111111000011111111111111111155551111115555111111111111111111111111111111111111110000110000001111111111111111000011111100001111115555111111555511111111111111110000111111111111111111111111111111000011555555110000111111111110
111111111111111111111111000011111111111111111155551111115555111111111111111111111111111111111111110000110000001111111111111111000011111100001111115555111111555511111111111111110000111111111111111111111111111111000011555555110000111111111110
111111110000000000000000000000000000000000110000000000000000001100000000000000000011000000000000000000110000000000000000001100000000000000000011000000000000000000110000000000000000001100000000000000000011000000000000000000000000000000111110
111111110000000000000000000000000000000000110000000000000000001100000000000000000011000000000000000000110000000000000000001100000000000000000011000000000000000000110000000000000000001100000000000000000011000000000000000000000000000000111110
111111110000000000000000000000000000000000110000000000000000001100000000000000000011000000000000000000110000000000000000001100000000000000000011000000000000000000110000000000000000001100000000000000000011000000000000000000000000000000111110
111111110000000000000000000000000000000000110000000000000000001100000000000000000011000000000000000000110000000000000000001100000000000000000011000000000000000000110000000000000000001100000000000000000011000000000000000000000000000000111110
111111110000000000000000000000000000000000110000000000000000001100000000000000000011000000000000000000110000000000000000001100000000000000000011000000000000000000110000000000000000001100000000000000000011000000000000000000000000000000111110
111111110000000000000000000000000000000000110000000000000000001100000000000000000011000000000000000000110000000000000000001100000000000000000011000000000000000000110000000000000000001100000000000000000011000000000000000000000000000000111110
111111110000000000000000000000000000000000110000000000000000001100000000000000000011000000000000000000110000000000000000001100000000000000000011000000000000000000110000000000000000001100000000000000000011000000000000000000000000000000111110
111111110000000000000000000000000000000000110000000000000000001100000000000000000011000000000000000000110000000000000000001100000000000000000011000000000000000000110000000000000000001100000000000000000011000000000000000000000000000000111110
111111110000000000000000000000000000000000110000000000000000001100000000000000000011000000000000000000110000000000000000001100000000000000000000000000000000000000110000000000000000001100000000000000000011000000000000000000000000000000111110
111111110000000000000000000000000000000000110000000000000000001100000000000000000011000000000000000000110000000000000000001100000000000000000000000000000000000000110000000000000000001100000000000000000011000000000000000000000000000000111110
111111110000000000000000000000000000000000000000000000000000000000000000000000000055000000000000000000000000000000000000001100000000000000000000000000000000000000000000000000000000001100000000000000000000000000000000000000000000000000111110
111111110000000000000000000000000000000000000000000000000000000000000000000000000055000000000000000000000000000000000000001100000000000000000000000000000000000000000000000000000000001100000000000000000000000000000000000000000000000000111110
111111110000000000000000000000000000000000000000000000000000000000000000000000000055000000000000000000000000000000000000001100000000000000000000000000000000000000000000000000000000001100000000000000000000000000000000000000000000000000111110
111111110000000000000000000000000000000000000000000000000000000000000000000000000055000000000000000000000000000000000000001100000000000000000000000000000000000000000000000000000000001100000000000000000000000000000000000000000000000000111110
111111110000000000000000000000000000000000110000000000000000001100000000000000000011000000000000000000110000000000000000001100000000000000000000000000000000000000110000000000000000001100000000000000000011000000000000000000000000000000111110
111111110000000000000000000000000000000000110000000000000000001100000000000000000011000000000000000000110000000000000000001100000000000000000000000000000000000000110000000000000000001100000000000000000011000000000000000000000000000000111110
111111110000000000000000000000000000000000110000000000000000001100000000000000000011000000000000000000110000000000000000001100000000000000000011000000000000000000110000000000000000001100000000000000000011000000000000000000000000000000111110
111111110000000000000000000000000000000000110000000000000000001100000000000000000011000000000000000000110000000000000000001100000000000000000011000000000000000000110000000000000000001100000000000000000011000000000000000000000000000000111110
111111110000000000000000000000000000000000110000000000000000001100000000000000000011000000000000000000110000000000000000001100000000000000000011000000000000000000110000000000000000001100000000000000000011000000000000000000000000000000111110
111111110000000000000000000000000000000000110000000000000000001100000000000000000011000000000000000000110000000000000000001100000000000000000011000000000000000000110000000000000000001100000000000000000011000000000000000000000000000000111110
111111110000000000000000000000000000000000110000000000000000001100000000000000000011000000000000000000110000000000000000001100000000000000000011000000000000000000110000000000000000001100000000000000000011000000000000000000000000000000111110
111111110000000000000000000000000000000000110000000000000000001100000000000000000011000000000000000000110000000000000000001100000000000000000011000000000000000000110000000000000000001100000000000000000011000000000000000000000000000000111110
111111110000000000000000000000000000000000110000000000000000001100000000000000000011000000000000000000110000000000000000001100000000000000000011000000000000000000110000000000000000001100000000000000000011000000000000000000000000000000111110
111111110000000000000000000000000000000000110000000000000000001100000000000000000011000000000000000000110000000000000000001100000000000000000011000000000000000000110000000000000000001100000000000000000011000000000000000000000000000000111110
111111111111111111111155555555111111111111111111111111111111111111111100000011111111111111111111111155111111115555551111111155551111555511111111111111111155551111111111111111111111111100001111111111000011111111555511555555115555111111111110
111111111111111111111155555555111111111111111111111111111111111111111100000011111111111111111111111155111111115555551111111155551111555511111111111111111155551111111111111111111111111100001111111111000011111111555511555555115555111111111110
111111110000000000000000000000000000000000110000000000000000001100000000000000000011000000000000000000110000000000000000001100000000000000000011000000000000000000110000000000000000001100000000000000000011000000000000000000000000000000111110
111111110000000000000000000000000000000000110000000000000000001100000000000000000011000000000000000000110000000000000000001100000000000000000011000000000000000000110000000000000000001100000000000000000011000000000000000000000000000000111110
111111110000000000000000000000000000000000110000000000000000001100000000000000000011000000000000000000110000000000000000001100000000000000000011000000000000000000110000000000000000001100000000000000000011000000000000000000000000000000111110
111111110000000000000000000000000000000000110000000000000000001100000000000000000011000000000000000000110000000000000000001100000000000000000011000000000000000000110000000000000000001100000000000000000011000000000000000000000000000000111110
111111110000000000000000000000000000000000110000000000000000001100000000000000000011000000000000000000110000000000000000001100000000000000000011000000000000000000110000000000000000001100000000000000000011000000000000000000000000000000111110
111111110000000000000000000000000000000000110000000000000000001100000000000000000011000000000000000000110000000000000000001100000000000000000011000000000000000000110000000000000000001100000000000000000011000000000000000000000000000000111110
111111110000000000000000000000000000000000110000000000000000001100000000000000000011000000000000000000110000000000000000001100000000000000000011000000000000000000110000000000000000001100000000000000000011000000000000000000000000000000111110
111111110000000000000000000000000000000000110000000000000000001100000000000000000011000000000000000000110000000000000000001100000000000000000011000000000000000000110000000000000000001100000000000000000011000000000000000000000000000000111110
111111110000000000000000000000000000000000000000000000000000001100000000000000000011000000000000000000110000000000000000001100000000000000000055000000000000000000550000000000000000001100000000000000000011000000000000000000000000000000111110
111111110000000000000000000000000000000000000000000000000000001100000000000000000011000000000000000000110000000000000000001100000000000000000055000000000000000000550000000000000000001100000000000000000011000000000000000000000000000000111110
111111110000000000000000000000000000000000000000000000000000000000000000000000000055000000000000000000000000000000000000001100000000000000000055000000000000000000550000000000000000000000000000000000000000000000000000000000000000000000111110
111111110000000000000000000000000000000000000000000000000000000000000000000000000055000000000000000000000000000000000000000000000000000000000055000000000000000000550000000000000000000000000000000000000000000000000000000000000000000000111110
111111110000000000000000000000000000000000000000000000000000000000000000000000000055000000000000000000000000000000000000000000000000000000000055000000000000000000550000000000000000000000000000000000000000000000000000000000000000000000111110
111111110000000000000000000000000000000000000000000000000000000000000000000000000055000000000000000000000000000000000000001100000000000000000055000000000000000000550000000000000000000000000000000000000000000000000000000000000000000000111110
111111110000000000000000000000000000000000000000000000000000001100000000000000000011000000000000000000110000000000000000001100000000000000000055000000000000000000550000000000000000001100000000000000000011000000000000000000000000000000111110
111111110000000000000000000000000000000000000000000000000000001100000000000000000011000000000000000000110000000000000000001100000000000000000055000000000000000000550000000000000000001100000000000000000011000000000000000000000000000000111110
111111110000000000000000000000000000000000110000000000000000001100000000000000000011000000000000000000110000000000000000001100000000000000000011000000000000000000110000000000000000001100000000000000000011000000000000000000000000000000111110
111111110000000000000000000000000000000000110000000000000000001100000000000000000011000000000000000000110000000000000000001100000000000000000011000000000000000000110000000000000000001100000000000000000011000000000000000000000000000000111110
111111110000000000000000000000000000000000110000000000000000001100000000000000000011000000000000000000110000000000000000001100000000000000000011000000000000000000110000000000000000001100000000000000000011000000000000000000000000000000111110
111111110000000000000000000000000000000000110000000000000000001100000000000000000011000000000000000000110000000000000000001100000000000000000011000000000000000000110000000000000000001100000000000000000011000000000000000000000000000000111110
111111110000000000000000000000000000000000110000000000000000001100000000000000000011000000000000000000110000000000000000001100000000000000000011000000000000000000110000000000000000001100000000000000000011000000000000000000000000000000111110
111111110000000000000000000000000000000000110000000000000000001100000000000000000011000000000000000000110000000000000000001100000000000000000011000000000000000000110000000000000000001100000000000000000011000000000001100001100000000000111110
111111110000000000000000000000000000000000110000000000000000001100000000000000000011000000000000000000110000000000000000001100000000000000000011000000000000000000110000000000000000001100000000000000000011000000000001100001100000000000111110
111111110000000000000000000000000000000000110000000000000000001100000000000000000011000000000000000000110000000000000000001100000000000000000011000000000000000000110000000000000000001100000000000000000011000000000001100001100000000000111110
111111111111111111111111100011111111111111111111111555511111111111111155555511111111000011111111110000111111111000011111111111000011111100001111110000111111555511111111111111111000111111555511111155551111111111110001100001100011111111111110
111111111111111111111111100011111111111111111111111555511111111111111155555511111111000011111111110000111111111000011111111111000011111100001111110000111111555511111111111111111000111111555511111155551111111111110001100001100011111111111110
111111110000000000000000000000000000000000110000000000000000001100000000000000000011000000000000000000110000000000000000001100000000000000000011000000000000000000110000000000000000001100000000000000000011000000000001100001100000000000111110
111111110000000000000000000000000000000000110000000000000000001100000000000000000011000000000000000000110000000000000000001100000000000000000011000000000000000000110000000000000000001100000000000000000011000000000001100001100000000000111110
111111110000000000000000000000000000000000110000000000000000001100000000000000000000000000000000000000110000000000000000001100000000000000000011000000000000000000110000000000000000001100000000000000000011000000000001100001100000000000111110
111111110000000000000000000000000000000000110000000000000000001100000000000000000000000000000000000000110000000000000000001100000000000000000011000000000000000000110000000000000000001100000000000000000011000000000000000000000000000000111110
111111110000000000000000000000000000000000110000000000000000001100000000000000000000000000000000000000110000000000000000001100000000000000000011000000000000000000110000000000000000001100000000000000000011000000000000000000000111110000111110
111111110000000000000000000000000000000000110000000000000000001100000000000000000000000000000000000000110000000000000000001100000000000000000011000000000000000000110000000000000000001100000000000000000011000000000000000000000100010111111110
111111110000000000000000000000000000000000110000000000000000001100000000000000000011000000000000000000110000000000000000001100000000000000000011000000000000000000000000000000000000001100000000000000000011000000000000000000000100010111111110
111111110000000000000000000000000000000000110000000000000000001100000000000000000011000000000000000000110000000000000000001100000000000000000011000000000000000000000000000000000000001100000000000000000011000000000000000000000100011111111110
111111110000000000000000000000000000000000110000000000000000001100000000000000000011000000000000000000110000000000000000001100000000000000000011000000000000000000000000000000000000001100000000000000000055000000000000001000000000000000000110
111111110000000000000000000000000000000000110000000000000000001100000000000000000011000000000000000000110000000000000000005500000000000000000011000000000000000000000000000000000000001100000000000000000055000000000000001000000000000011111110
111111110000000000000000000000000000000000000000000000000000000000000000000000000000000000000000000000110000000000000000005500000000000000000011000000000000000000110000000000000000000000000000000000000055000000000000001000000000000000000110
111111110000000000000000000000000000000000000000000000000000000000000000000000000000000000000000000000110000000000000000005500000000000000000011000000000000000000110000000000000000000000000000000000000055000000000000001000000000000000000110
111111110000000000000000000000000000000000000000000000000000000000000000000000000000000000000000000000110000000000000000005500000000000000000011000000000000000000110000000000000000000000000000000000000055000000000000001000000000000000000110
111111110000000000000000000000000000000000000000000000000000000000000000000000000000000000000000000000110000000000000000005500000000000000000011000000000000000000110000000000000000000000000000000000000055000000000000001000000000000000000110
111111110000000000000000000000000000000000110000000000000000001100000000000000000011000000000000000000110000000000000000005500000000000000000011000000000000000000000000000000000000001100000000000000000055000000000000001000000000000011111110
111111110000000000000000000000000000000000110000000000000000001100000000000000000011000000000000000000110000000000000000001100000000000000000011000000000000000000000000000000000000001100000000000000000055000000000000001000000000000000000110
111111110000000000000000000000000000000000110000000000000000001100000000000000000011000000000000000000110000000000000000001100000000000000000011000000000000000000000000000000000000001100000000000000000011000000000000000000000100011111111110
111111110000000000000000000000000000000000110000000000000000001100000000000000000011000000000000000000110000000000000000001100000000000000000011000000000000000000000000000000000000001100000000000000000011000000000000000000000100010111111110
111111110000000000000000000000000000000000110000000000000000001100000000000000000000000000000000000000110000000000000000001100000000000000000011000000000000000000110000000000000000001100000000000000000011000000000000000000000100010111111110
111111110000000000000000000000000000000000110000000000000000001100000000000000000000000000000000000000110000000000000000001100000000000000000011000000000000000000110000000000000000001100000000000000000011000000000000000000000111110000111110
111111110000000000000000000000000000000000110000000000000000001100000000000000000000000000000000000000110000000000000000001100000000000000000011000000000000000000110000000000000000001100000000000000000011000000000000000000000000000000111110
111111110000000000000000000000000000000000110000000000000000001100000000000000000000000000000000000000110000000000000000001100000000000000000011000000000000000000110000000000000000001100000000000000000011000000000000000000000000000000111110
111111110000000000000000000000000000000000110000000000000000001100000000000000000011000000000000000000110000000000000000001100000000000000000011000000000000000000110000000000000000001100000000000000000011000000000000000000000000000000111110
111111110000000000000000000000000000000000110000000000000000001100000000000000000011000000000000000000110000000000000000001100000000000000000011000000000000000000110000000000000000001100000000000000000011000000000000000000000000000000111110
111111111155555511111111111111111155555511111111111111111111111111111111111111111111111111111111111111111111111111111111111111111111111100000011111111111111111111111111111111111111111111111111111111111111111111111111111111111111111111111110
111111111155555511111111111111111155555511111111111111111111111111111111111111111111111111111111111111111111111111111111111111111111111100000011111111111111111111111111111111111111111111111111111111111111111111111111111111111111111111111110
111111110000000000000000000000000000000000000000000000000000000000000000000000000000000000000000000000000000000000000000000000000000000000000000000000000000000000000000000000000000000000000000000000000000000000000000000000000000000000111110
111111110000000000000000000000000000000000000000000000000000000000000000000000000000000000000000000000000000000000000000000000000000000000000000000000000000000000000000000000000000000000000000000000000000000000000000000000000000000000111110
111111110000000000000000000000000000000000000000000000000000000000000000000000000000000000000000000000000000000000000000000000000000000000000000000000000000000000000000000000000000000000000000000000000000000000000000000000000000000000111110
111111110000000000000000000000000000000000000000000000000000000000000000000000000000000000000000000000000000000000000000000000000000000000000000000000000000000000000000000000000000000000000000000000000000000000000000000000000000000000111110
111111110000000000000000000000000000000000000000000000000000000000000000000000000000000000000000000000000000000000000000000000000000000000000000000000000000000000000000000000000000000000000000000000000000000000000000000000000000000000111110
111111110000000000000000000000000000000000000000000000000000000000000000000000000000000000000000000000000000000000000000000000000000000000000000000000000000000000000000000000000000000000000000000000000000000000000000000000000000000000111110
111111110000000000000000000000000000000000000000000000000000000000000000000000000000000000000000000000000000000000000000000000000000000000000000000000000000000000000000000000000000000000000000000000000000000000000000000000000000000000111110
111111110000000000000000000000000000000000000000000000000000000000000000000000000000000000000000000000000000000000000000000000000000000000000000000000000000000000000000000000000000000000000000000000000000000000000000000000000000000000111110
111111111111111111111111555511111111111111111111111111111111111111111111111111111111111155551111111111111111111155551111111111111111111111111111111111111111111111111111111111111111111111111111111111111111111111110000000011111111111111111110
111111111111111111111111555511111111111111111111111111111111111111111111111111111111111155551111111111111111111155551111111111111111111111111111111111111111111111111111111111111111111111111111111111111111111111110000000011111111111111111110
111111110000000000000000000000000000000000110000000000000000001100000000000000000011000000000000000000000000000000000000001100000000000000000011000000000000000000110000000000000000001100000000000000000011000000000000000000000000000000111110
111111110000000000000000000000000000000000110000000000000000001100000000000000000011000000000000000000000000000000000000001100000000000000000011000000000000000000110000000000000000001100000000000000000011000000000000000000000000000000111110
111111110000000000000000000000000000000000110000000000000000001100000000000000000011000000000000000000000000000000000000001100000000000000000011000000000000000000110000000000000000001100000000000000000011000000000000000000000000000000111110
111111110000000000000000000000000000000000110000000000000000001100000000000000000011000000000000000000000000000000000000001100000000000000000011000000000000000000110000000000000000001100000000000000000011000000000000000000000000000000111110
111111110000000000000000000000000000000000110000000000000000001100000000000000000011000000000000000000110000000000000000001100000000000000000011000000000000000000000000000000000000001100000000000000000011000000000000000000000000000000111110
111111110000000000000000000000000000000000110000000000000000001100000000000000000011000000000000000000110000000000000000001100000000000000000011000000000000000000000000000000000000001100000000000000000011000000000000000000000000000000111110
111111110000000000000000000000000000000000110000000000000000001100000000000000000011000000000000000000110000000000000000001100000000000000000011000000000000000000110000000000000000001100000000000000000011000000000000000000000000000000111110
111111110000000000000000000000000000000000110000000000000000001100000000000000000011000000000000000000110000000000000000001100000000000000000011000000000000000000110000000000000000001100000000000000000011000000000000000000000000000000111110
111111110000000000000000000000000000000000110000000000000000001100000000000000000011000000000000000000110000000000000000001100000000000000000011000000000000000000110000000000000000001100000000000000000011000000000000000000000000000000111110
111111110000000000000000000000000000000000110000000000000000001100000000000000000011000000000000000000110000000000000000001100000000000000000011000000000000000000110000000000000000001100000000000000000011000000000000000000000000000000111110
111111110000000000000000000000000000000000000000000000000000000000000000000000000000000000000000000000110000000000000000000000000000000000000000000000000000000000110000000000000000000000000000000000000055000000000000000000000000000000111110
111111110000000000000000000000000000000000000000000000000000000000000000000000000000000000000000000000110000000000000000000000000000000000000000000000000000000000110000000000000000000000000000000000000055000000000000000000000000000000111110
111111110000000000000000000000000000000000000000000000000000000000000000000000000000000000000000000000110000000000000000000000000000000000000000000000000000000000110000000000000000000000000000000000000055000000000000000000000000000000111110
111111110000000000000000000000000000000000000000000000000000000000000000000000000000000000000000000000110000000000000000000000000000000000000000000000000000000000110000000000000000000000000000000000000055000000000000000000000000000000111110
111111110000000000000000000000000000000000000000000000000000001100000000000000000011000000000000000000110000000000000000001100000000000000000011000000000000000000110000000000000000001100000000000000000011000000000000000000000000000000111110
111111110000000000000000000000000000000000110000000000000000001100000000000000000011000000000000000000110000000000000000001100000000000000000011000000000000000000110000000000000000001100000000000000000011000000000000000000000000000000111110
111111110000000000000000000000000000000000110000000000000000001100000000000000000011000000000000000000110000000000000000001100000000000000000011000000000000000000110000000000000000001100000000000000000011000000000000000000000000000000111110
111111110000000000000000000000000000000000110000000000000000001100000000000000000011000000000000000000110000000000000000001100000000000000000011000000000000000000110000000000000000001100000000000000000011000000000000000000000000000000111110
111111110000000000000000000000000000000000110000000000000000001100000000000000000011000000000000000000110000000000000000001100000000000000000011000000000000000000000000000000000000001100000000000000000011000000000000000000000000000000111110
111111110000000000000000000000000000000000110000000000000000001100000000000000000011000000000000000000110000000000000000001100000000000000000011000000000000000000000000000000000000001100000000000000000011000000000000000000000000000000111110
111111110000000000000000000000000000000000110000000000000000001100000000000000000011000000000000000000000000000000000000001100000000000000000011000000000000000000110000000000000000001100000000000000000011000000000000000000000000000000111110
111111110000000000000000000000000000000000110000000000000000001100000000000000000011000000000000000000000000000000000000001100000000000000000011000000000000000000110000000000000000001100000000000000000011000000000000000000000000000000111110
111111110000000000000000000000000000000000110000000000000000001100000000000000000011000000000000000000000000000000000000001100000000000000000011000000000000000000110000000000000000001100000000000000000011000000000000000000000000000000111110
111111110000000000000000000000000000000000110000000000000000001100000000000000000011000000000000000000000000000000000000001100000000000000000011000000000000000000110000000000000000001100000000000000000011000000000000000000000000000000111110
111111111111111111111100000000111111111111111111111111111155551155551111111111111111111111111111111111111111111155551111111111111155555511111111110000111111111111111111115555551111111111111111111111111111111111111100000000001111111111111110
111111111111111111111100000000111111111111111111111111111155551155551111111111111111111111111111111111111111111155551111111111111155555511111111110000111111111111111111115555551111111111111111111111111111111111111100000000001111111111111110
111111110000000000000000000000000000000000110000000000000000001100000000000000000011000000000000000000110000000000000000001100000000000000000011000000000000000000110000000000000000001100000000000000000011000000000000000000000000000000111110
111111110000000000000000000000000000000000110000000000000000001100000000000000000011000000000000000000110000000000000000001100000000000000000011000000000000000000110000000000000000001100000000000000000011000000000000000000000000000000111110
111111110000000000000000000000000000000000110000000000000000001100000000000000000011000000000000000000110000000000000000001100000000000000000011000000000000000000110000000000000000001100000000000000000000000000000000000000000000000000111110
111111110000000000000000000000000000000000110000000000000000001100000000000000000011000000000000000000110000000000000000001100000000000000000011000000000000000000110000000000000000001100000000000000000000000000000000000000000000000000111110
111111110000000000000000000000000000000000000000000000000000001100000000000000000011000000000000000000110000000000000000001100000000000000000011000000000000000000110000000000000000001100000000000000000000000000000000000000000000000000111110
111111110000000000000000000000000000000000000000000000000000001100000000000000000011000000000000000000110000000000000000001100000000000000000011000000000000000000110000000000000000001100000000000000000000000000000000000000000000000000111110
111111110000000000000000000000000000000000110000000000000000001100000000000000000011000000000000000000110000000000000000001100000000000000000011000000000000000000110000000000000000001100000000000000000000000000000000000000000000000000111110
111111110000000000000000000000000000000000110000000000000000001100000000000000000011000000000000000000110000000000000000001100000000000000000011000000000000000000110000000000000000001100000000000000000000000000000000000000000000000000111110
111111110000000000000000000000000000000000110000000000000000000000000000000000000011000000000000000000110000000000000000001100000000000000000011000000000000000000110000000000000000001100000000000000000011000000000000000000000000000000111110
111111110000000000000000000000000000000000110000000000000000000000000000000000000011000000000000000000110000000000000000000000000000000000000011000000000000000000110000000000000000001100000000000000000011000000000000000000000000000000111110
111111110000000000000000000000000000000000000000000000000000000000000000000000000000000000000000000000110000000000000000000000000000000000000000000000000000000000110000000000000000000000000000000000000011000000000000000000000000000000111110
111111110000000000000000000000000000000000000000000000000000000000000000000000000000000000000000000000110000000000000000000000000000000000000000000000000000000000110000000000000000000000000000000000000011000000000000000000000000000000111110
111111110000000000000000000000000000000000000000000000000000000000000000000000000000000000000000000000110000000000000000000000000000000000000000000000000000000000110000000000000000000000000000000000000011000000000000000000000000000000111110
111111110000000000000000000000000000000000000000000000000000000000000000000000000000000000000000000000110000000000000000000000000000000000000000000000000000000000110000000000000000000000000000000000000011000000000000000000000000000000111110
111111110000000000000000000000000000000000110000000000000000000000000000000000000011000000000000000000110000000000000000001100000000000000000011000000000000000000110000000000000000001100000000000000000011000000000000000000000000000000111110
111111110000000000000000000000000000000000110000000000000000000000000000000000000011000000000000000000110000000000000000001100000000000000000011000000000000000000110000000000000000001100000000000000000011000000000000000000000000000000111110
111111110000000000000000000000000000000000110000000000000000001100000000000000000011000000000000000000110000000000000000001100000000000000000011000000000000000000110000000000000000001100000000000000000000000000000000000000000000000000111110
111111110000000000000000000000000000000000110000000000000000001100000000000000000011000000000000000000110000000000000000001100000000000000000011000000000000000000110000000000000000001100000000000000000000000000000000000000000000000000111110
111111110000000000000000000000000000000000000000000000000000001100000000000000000011000000000000000000110000000000000000001100000000000000000011000000000000000000110000000000000000001100000000000000000000000000000000000000000000000000111110
111111110000000000000000000000000000000000000000000000000000001100000000000000000011000000000000000000110000000000000000001100000000000000000011000000000000000000110000000000000000001100000000000000000000000000000000000000000000000000111110
111111110000000000000000000000000000000000110000000000000000001100000000000000000011000000000000000000110000000000000000001100000000000000000011000000000000000000110000000000000000001100000000000000000000000000000000000000000000000000111110
111111110000000000000000000000000000000000110000000000000000001100000000000000000011000000000000000000110000000000000000001100000000000000000011000000000000000000110000000000000000001100000000000000000000000000000000000000000000000000111110
111111110000000000000000000000000000000000110000000000000000001100000000000000000011000000000000000000110000000000000000001100000000000000000011000000000000000000110000000000000000001100000000000000000011000000000000000000000000000000111110
111111110000000000000000000000000000000000110000000000000000001100000000000000000011000000000000000000110000000000000000001100000000000000000011000000000000000000110000000000000000001100000000000000000011000000000000000000000000000000111110
111111111111111111111155555511111111111111111111111111111111111111111111111111111111111155551111110000111111111100001111111111111111111111111111111111111111111111111111110000001111111111110000001111111111111111111110000000111111111111111110
111111111111111111111155555511111111111111111111111111111111111111111111111111111111111155551111110000111111111100001111111111111111111111111111111111111111111111111111110000001111111111110000001111111111111111111110000000111111111111111110
111111110000000000000000000000000000000000110000000000000000001100000000000000000011000000000000000000110000000000000000001100000000000000000011000000000000000000110000000000000000001100000000000000000011000000000000000000000000000000111110
111111110000000000000000000000000000000000110000000000000000001100000000000000000011000000000000000000110000000000000000001100000000000000000011000000000000000000110000000000000000001100000000000000000011000000000000000000000000000000111110
111111110000000000000000000000000000000000110000000000000000001100000000000000000011000000000000000000110000000000000000001100000000000000000011000000000000000000110000000000000000001100000000000000000011000000000000000000000000000000111110
111111110000000000000000000000000000000000110000000000000000001100000000000000000011000000000000000000110000000000000000001100000000000000000011000000000000000000110000000000000000001100000000000000000011000000000000000000000000000000111110
111111110000000000000000000000000000000000110000000000000000000000000000000000000011000000000000000000110000000000000000001100000000000000000011000000000000000000110000000000000000001100000000000000000011000000000000000000000000000000111110
111111110000000000000000000000000000000000110000000000000000000000000000000000000011000000000000000000110000000000000000001100000000000000000011000000000000000000110000000000000000001100000000000000000011000000000000000000000000000000111110
111111110000000000000000000000000000000000110000000000000000001100000000000000000011000000000000000000550000000000000000000000000000000000000011000000000000000000110000000000000000001100000000000000000011000000000000000000000000000000111110
111111110000000000000000000000000000000000110000000000000000001100000000000000000011000000000000000000550000000000000000000000000000000000000011000000000000000000110000000000000000001100000000000000000011000000000000000000000000000000111110
111111110000000000000000000000000000000000000000000000000000001100000000000000000011000000000000000000550000000000000000000000000000000000000011000000000000000000110000000000000000001100000000000000000011000000000000000000000000000000111110
111111110000000000000000000000000000000000000000000000000000001100000000000000000011000000000000000000550000000000000000000000000000000000000011000000000000000000110000000000000000001100000000000000000011000000000000000000000000000000111110
111111110000000000000000000000000000000000000000000000000000000000000000000000000011000000000000000000550000000000000000000000000000000000000011000000000000000000110000000000000000001100000000000000000011000000000000000000000000000000111110
111111110000000000000000000000000000000000000000000000000000000000000000000000000011000000000000000000550000000000000000000000000000000000000011000000000000000000110000000000000000001100000000000000000011000000000000000000000000000000111110
111111110000000000000000000000000000000000000000000000000000000000000000000000000011000000000000000000550000000000000000000000000000000000000011000000000000000000110000000000000000001100000000000000000011000000000000000000000000000000111110
111111110000000000000000000000000000000000000000000000000000000000000000000000000011000000000000000000550000000000000000000000000000000000000011000000000000000000110000000000000000001100000000000000000011000000000000000000000000000000111110
111111110000000000000000000000000000000000000000000000000000001100000000000000000011000000000000000000550000000000000000000000000000000000000011000000000000000000110000000000000000001100000000000000000011000000000000000000000000000000111110
111111110000000000000000000000000000000000000000000000000000001100000000000000000011000000000000000000550000000000000000000000000000000000000011000000000000000000110000000000000000001100000000000000000011000000000000000000000000000000111110
111111110000000000000000000000000000000000110000000000000000001100000000000000000011000000000000000000550000000000000000000000000000000000000011000000000000000000110000000000000000001100000000000000000011000000000000000000000000000000111110
111111110000000000000000000000000000000000110000000000000000001100000000000000000011000000000000000000550000000000000000000000000000000000000011000000000000000000110000000000000000001100000000000000000011000000000000000000000000000000111110
111111110000000000000000000000000000000000110000000000000000000000000000000000000011000000000000000000110000000000000000001100000000000000000011000000000000000000110000000000000000001100000000000000000011000000000000000000000000000000111110
111111110000000000000000000000000000000000110000000000000000000000000000000000000011000000000000000000110000000000000000001100000000000000000011000000000000000000110000000000000000001100000000000000000011000000000000000000000000000000111110
111111110000000000000000000000000000000000110000000000000000001100000000000000000011000000000000000000110000000000000000001100000000000000000011000000000000000000110000000000000000001100000000000000000011000000000000000000000000000000111110
111111110000000000000000000000000000000000110000000000000000001100000000000000000011000000000000000000110000000000000000001100000000000000000011000000000000000000110000000000000000001100000000000000000011000000000000000000000000000000111110
111111110000000000000000000000000000000000110000000000000000001100000000000000000011000000000000000000110000000000000000001100000000000000000011000000000000000000110000000000000000001100000000000000000011000000000000000000000000000000111110
111111110000000000000000000000000000000000110000000000000000001100000000000000000011000000000000000000110000000000000000001100000000000000000011000000000000000000110000000000000000001100000000000000000011000000000000000000000000000000111110
111111111111111111115555555555111111111111111111000011000011111111111100000011111111111100001111111111111111111155551111111111111100001111111111110000111111111111110011111111111111111111111100000011111111000011111111111111110000111111111110
111111111111111111115555555555111111111111111111000011000011111111111100000011111111111100001111111111111111111155551111111111111100001111111111110000111111111111110011111111111111111111111100000011111111000011111111111111110000111111111110
111111110000000000000000000000000000000000110000000000000000001100000000000000000011000000000000000000110000000000000000001100000000000000000011000000000000000000110000000000000000001100000000000000000011000000000000000000000000000000111110
111111110000000000000000000000000000000000110000000000000000001100000000000000000011000000000000000000110000000000000000001100000000000000000011000000000000000000110000000000000000001100000000000000000011000000000000000000000000000000111110
111111110000000000000000000000000000000000110000000000000000001100000000000000000011000000000000000000110000000000000000001100000000000000000011000000000000000000110000000000000000001100000000000000000011000000000000000000000000000000111110
111111110000000000000000000000000000000000110000000000000000001100000000000000000011000000000000000000110000000000000000001100000000000000000011000000000000000000110000000000000000001100000000000000000011000000000000000000000000000000111110
111111110000000000000000000000000000000000000000000000000000001100000000000000000011000000000000000000110000000000000000001100000000000000000011000000000000000000110000000000000000001100000000000000000011000000000000000000000000000000111110
111111110000000000000000000000000000000000000000000000000000001100000000000000000011000000000000000000110000000000000000001100000000000000000011000000000000000000110000000000000000001100000000000000000011000000000000000000000000000000111110
111111110000000000000000000000000000000000110000000000000000001100000000000000000011000000000000000000550000000000000000001100000000000000000011000000000000000000110000000000000000001100000000000000000011000000000000000000000000000000111110
111111110000000000000000000000000000000000110000000000000000001100000000000000000011000000000000000000550000000000000000001100000000000000000011000000000000000000110000000000000000001100000000000000000011000000000000000000000000000000111110
111111110000000000000000000000000000000000110000000000000000001100000000000000000011000000000000000000550000000000000000001100000000000000000011000000000000000000110000000000000000001100000000000000000011000000000000000000000000000000111110
111111110000000000000000000000000000000000110000000000000000001100000000000000000011000000000000000000550000000000000000001100000000000000000011000000000000000000110000000000000000005500000000000000000000000000000000000000000000000000111110
111111110000000000000000000000000000000000000000000000000000001100000000000000000000000000000000000000550000000000000000000000000000000000000000000000000000000000000000000000000000005500000000000000000000000000000000000000000000000000111110
111111110000000000000000000000000000000000000000000000000000001100000000000000000000000000000000000000550000000000000000000000000000000000000000000000000000000000000000000000000000005500000000000000000000000000000000000000000000000000111110
111111110000000000000000000000000000000000000000000000000000001100000000000000000000000000000000000000550000000000000000000000000000000000000000000000000000000000000000000000000000005500000000000000000000000000000000000000000000000000111110
111111110000000000000000000000000000000000000000000000000000001100000000000000000000000000000000000000550000000000000000000000000000000000000000000000000000000000000000000000000000005500000000000000000000000000000000000000000000000000111110
111111110000000000000000000000000000000000110000000000000000001100000000000000000011000000000000000000550000000000000000001100000000000000000011000000000000000000110000000000000000005500000000000000000000000000000000000000000000000000111110
111111110000000000000000000000000000000000110000000000000000001100000000000000000011000000000000000000550000000000000000001100000000000000000011000000000000000000110000000000000000001100000000000000000011000000000000000000000000000000111110
111111110000000000000000000000000000000000110000000000000000001100000000000000000011000000000000000000550000000000000000001100000000000000000011000000000000000000110000000000000000001100000000000000000011000000000000000000000000000000111110
111111110000000000000000000000000000000000110000000000000000001100000000000000000011000000000000000000550000000000000000001100000000000000000011000000000000000000110000000000000000001100000000000000000011000000000000000000000000000000111110
111111110000000000000000000000000000000000000000000000000000001100000000000000000011000000000000000000110000000000000000001100000000000000000011000000000000000000110000000000000000001100000000000000000011000000000000000000000000000000111110
111111110000000000000000000000000000000000000000000000000000001100000000000000000011000000000000000000110000000000000000001100000000000000000011000000000000000000110000000000000000001100000000000000000011000000000000000000000000000000111110
111111110000000000000000000000000000000000110000000000000000001100000000000000000011000000000000000000110000000000000000001100000000000000000011000000000000000000110000000000000000001100000000000000000011000000000000000000000000000000111110
111111110000000000000000000000000000000000110000000000000000001100000000000000000011000000000000000000110000000000000000001100000000000000000011000000000000000000110000000000000000001100000000000000000011000000000000000000000000000000111110
111111110000000000000000000000000000000000110000000000000000001100000000000000000011000000000000000000110000000000000000001100000000000000000011000000000000000000110000000000000000001100000000000000000011000000000000000000000000000000111110
111111110000000000000000000000000000000000110000000000000000001100000000000000000011000000000000000000110000000000000000001100000000000000000011000000000000000000110000000000000000001100000000000000000011000000000000000000000000000000111110
111111111111111111111111000011111111111111111111111111111111111111111111111111111111111111111111111111111111111111111111111111111111111111111111111111111111111111111111111111555555551111111111111111111111111111111111111111111111111111111110
111111111111111111111111000011111111111111111111111111111111111111111111111111111111111111111111111111111111111111111111111111111111111111111111111111111111111111111111111111555555551111111111111111111111111111111111111111111111111111111110
111111110000000000000000000000000000000000000000000000000000000000000000000000000000000000000000000000000000000000000000000000000000000000000000000000000000000000000000000000000000000000000000000000000000000000000000000000000000000000111110
111111110000000000000000000000000000000000000000000000000000000000000000000000000000000000000000000000000000000000000000000000000000000000000000000000000000000000000000000000000000000000000000000000000000000000000000000000000000000000111110
111111110000000000000000000000000000000000000000000000000000000000000000000000000000000000000000000000000000000000000000000000000000000000000000000000000000000000000000000000000000000000000000000000000000000000000000000000000000000000111110
111111110000000000000000000000000000000000000000000000000000000000000000000000000000000000000000000000000000000000000000000000000000000000000000000000000000000000000000000000000000000000000000000000000000000000000000000000000000000000111110
111111110000000000000000000000000000000000000000000000000000000000000000000000000000000000000000000000000000000000000000000000000000000000000000000000000000000000000000000000000000000000000000000000000000000000000000000000000000000000111110
111111110000000000000000000000000000000000000000000000000000000000000000000000000000000000000000000000000000000000000000000000000000000000000000000000000000000000000000000000000000000000000000000000000000000000000000000000000000000000111110
111111110000000000000000000000000000000000000000000000000000000000000000000000000000000000000000000000000000000000000000000000000000000000000000000000000000000000000000000000000000000000000000000000000000000000000000000000000000000000111110
111111110000000000000000000000000000000000000000000000000000000000000000000000000000000000000000000000000000000000000000000000000000000000000000000000000000000000000000000000000000000000000000000000000000000000000000000000000000000000111110
111111111111111111111111111111111111111111111111111111111111111111111111111111111111111111111111111111111111111111111111111111111111111111111111111111111111111111111111111111111111111111111111111111111111111111111111111111111100000011111110
111111111111111111111111111111111111111111111111111111111111111111111111111111111111111111111111111111111111111111111111111111111111111111111111111111111111111111111111111111111111111111111111111111111111111111111111111111111100000011111110
111111111111111111111111111111111111111111111111111111111111111111111111111111111111111111111111111111111111111111111111111111111111111111111111111111111111111111111111111111111111111111111111111111111111111111111111111111111111111111111110
111111111111111111111111111111111111111111111111111111111111111111111111111111111111111111111111111111111111111111111111111111111111111111111111111111111111111111111111111111111111111111111111111111111111111111111111111111111111111111111110
111111111111111111111111111111111111111111111111111111111111111111111111111111111111111111111111111111111111111111111111111111111111111111111111111111111111111111111111111111111111111111111111111111111111111111111111111111111111111111111110
111111111111111111111111111111111111111111111111111111111111111111111111111111111111111111111111111111111111111111111111111111111111111111111111111111111111111111111111111111111111111111111111111111111111111111111111111111111111111111111110
111111111111111111111111111111111111111111111111111111111111111111111111111111111111111111111111111111111111111111111111111111111111111111111111111111111111111111111111111111111111111111111111111111111111111111111111111111111111111111111110
111111111111111111111111111111111111111111111111111111111111111111111111111111111111111111111111111111111111111111111111111111111111111111111111111111111111111111111111111111111111111111111111111111111111111111111111111111111111111111111110
