00000000000000000000000000000000000000000000000000000000000000000000000000000000000000000000000000000000000000000000000000000000000000000000000000000000000000000000000000000000000000000000000000000000000000000000000000000000000000000000000000000000000000000000
11111111111111111111111111111111111111111111111111111111111111111111111111111111111111111111111111111111111111111111111111111111111111111111111111111111111111111111111111111111111111111111111111111111111111111111111111111111111111111111111111111111111111111110
11111111111111111111111111111111111111111111111111111111111111111111111111111111111111111111111111111111111111111111111111111111111111111111111111111111111111111111111111111111111111111111111111111111111111111111111111111111111111111111111111111111111111111110
11111111111111111111111111111111111111111111111111111111111111111111111111111111111111111111111111111111111111111111111111111111111111111111111111111111111111111111111111111111111111111111111111111111111111111111111111111111111111111111111111111111111111111110
11111000000000011000000001100000000000110000000000011000000000000011000000110000000000000000110000000000001100000001100000000000000011000000000000000111111111111100000000000000000000000000000000000000000000000000000000000000000000000000000000000000000000001110
11110000000000000000000000000000000000000000000000000000000000000000000000000000000000000000000000000000000000000000000000000000000000000000000000000011111111111100000000000000000000000000000000000000000000000000000000000000000000000000000500000000000000001110
11110000000000000000000000000000000000000000000000000000000000000000000000000000000000000000000000000000000000000000000000000000000000000000000000000011111111111100000000000000000000000000000000000000000000000000000000000000000000000000000000000000000000001110
11110000000000000000000000000000000000000000000000000000000000000000000000000000000000000000000000000000000000000000000000000000000000000000000000000011111111111100000000000000000000000000000000000000000000000000000000000000000000000000050500000000100000001110
11110000000000000000000000000000000000000000000000000000000000000000000000000000000000000000000000000000000000000000000000000000000000000000000000000011111111111100000000000000000000000000000000000000000000000000000000000000000000000000000000000000100000001110
11110000000000000000000000000000000000000000000000000000000000000000000000000000000000000000000000000000000000000000000000000000000000000000000000000011111111111100000000000000000000000000000000000000000000000000000000000000000000000005050500000000100000001110
11110000000000000000000000000000000000000000000000000000000000000011110000000000000000000000000000000000000000000000000000000000000000000000000000000011111111111100000000000000000000000000000000000000000000000000000000000000000000000000000000000000100000001110
11110000000000000000000000000000000000000000000000000000000000000011110000000000000000000000000000000000000000000000000000000000000000000000000000000011111111111111111111111111111000000000000000000000000000000000000000000000000000000000000000000000100000001110
11110000000000000000000000000000000000000000000000000000000000000011110000000000000000000000000000000000000000000000000000000000000000000000000000000011111111111111111111111111111111111111111111111111111111111111111111111111111111111111111100000000100000001110
11110000000000000000000000000000000000000000000000000000000000000011110000000000000000000000000000000000000000000000000000000000000000000000000000000011111111111111111111111111111111111111111111111111111111111111111111111111111111111111111100000000100000001110
11110000000000000000000000000000000000000000000000000000000000000000000000000000000000000000000000000000000000000000000000000000000000000000000000000011111111111111111111111111111111111111111111111111111111111111111111111111111111111111111100000000100000001110
11110000000000000000000000000000000000000000000000000000000000000000000000000000000000000000000000000000000000000000000000000000000000000000000000000011111111111111111111111111111111111111111111111111111111111111111111111111111111111111111100000000100000001110
11110000000000000000000000000000000000000000000000000000000000000000000000000000000000000000000000000000000000000000000000000000000000000000000000000011111111111111111111111111111111111111111111111111111111111111111111111111111111111111111100000000100000001110
11110000000000000110000000000000000001100000000000110000000011000000000000011000000000000000000110000001100001100000000000000000011000011000000000000111111111111111111111111111111111111111111111111111111111111111111111111111111111111111111100000000100000001110
11110000000000000111111111111111111111111111111111111111111111111111111111111111111111111111111111111111111111111111111111111111111111111111111111111111111111111111111111111111111111111111111111111111111111111111111111111111111111111111111100000000100000001110
11110000000000000011111111111111111111111111111111111111111111111111111111111111111111111111111111111111111111111111111111111111111111111111111111111111111111111111111111111111111111111111111111111111111111111111111111111111111111111111111100000000100000001110
11110000000000000011111111111111111111111111111111111111111111111111111111111111111111111111111111111111111111111111111111111111111111111111111111111111111111111111111111111111111111111111111111111111111111111111111111111111111111111111111100000000100000001110
11110000000000000011111111111111111111111111111111111111111111111111111111111111111111111111111111111111111111111111111111111111111111111111111111111111111111111111111111111111111111111111111111111111111111111111111111111111111111111111111100000000100000001110
11110000000000000011110000000000000000000000000000000000000000000000000000000000000000000000000000000000000000000000000000000000000000000000000000000000000000000000000000000000000000000000000000000000000000000000000000000000000000000000001100000000100000001110
11110000000000000011110000000000000000000000000000000000000000000000000000000000000000000000000000000000000000000000000000000000000000000000000000000000000000000000000000000000000000000000000000000000000000000000000000000000000000000000001100000000100000001110
11110000000000000011110000000000000000000000000000000000000000000000000000000000000000000000000000000000000000000000000000000000000000000000000000000000000000000000000000000000000000000000000000000000000000000000000000000000000000000000001100000000100000001110
11110000000000000011110000000000000000000000000000000000000000000000000000000000000000000000000000000000000000000000000000000000000000000000000000000000000000000000000000000000000000000000000000000000000000000000000000000000000000000000001100000000100000001110
11110000000000000011110000000050505050505050505050050505050505050505050000000050505050505050505050050505050505050505050000000000000000000000005050505050505050505005050505050505050505000000005050505050505050505005050505050505050505000000001100000000100000001110
11110000000000000011110000000000000000000000000000000000000000000000000000000000000000000000000000000000000000000000000000000000000000000000000000000000000000000000000000000000000000000000000000000000000000000000000000000000000000000000001100000000100000001110
11110000000000000011110000000000000000000000000000000000000000000000000000000000000000000000000000000000000000000000000000000000000000000000000000000000000000000000000000000000000000000000000000000000000000000000000000000000000000000000001100000000100000001110
11110000000000000111110000000000000000000000000000000000000000000000000000000000000000000000000000000000000000000000000000000000000000000000000000000000000000005500000000000000000000000000000000000000000000000000000000000000000000000000001100000000100000001110
11110000000000000111110000500011111111111111500000001111111111111111111111111111111111111111111111111111111111111111111111111100000000111111111111100000000000000000001111111111111111110000111111111111111111111111111111111111111111000500001100000000100000001110
11110000000000000011110000000011111111111111000000001111111111111111111111111111111111111111111111111111111111111111111111111100000000111111110000000000000000000000001111111111111111110000111111111111111111111111111111111111111111000000001100000000100000001110
11110000000000000011110000500000111111111111000000001111111111111111111111111111111111111111111111111111111111111111111111111100000000111111110000000000000000000000001111111111111111110000111111111111111111111111111111111111111111000500001100000000100000001110
11110000000000000011110000000000111111111111000050001111111111111111111111111111111111111111111111111111111111111111111111111100000000111111110000000000000000000000001111111111111111110000111111111111111111111111111111111111111111000000001100000000100000001110
11110000000000000011110000500500101111111111000000001111110000000000000000000000000000000011111111111111111111111111111111111100000000111111110000000000000000000000001111111111111111110000000000000000000000000001111111111111111111000500001100000000100000001110
11110000000000000011110000000000001111111111000050001111110000000000000000000000000000000011111111111111111111111111111111111100000000111111110000000000000000000000001111111111111111110000000000000000000000000001111111111111111111000000001100000000100000001110
11110000000000000111110000500500001011111111000000001111110000000000000000000000000000000011111111111111111111111111111111111100000000111111111111111111111111111150001111111111111111110000000000000000000000000000001000000000000000000500001100000000100000001110
11110000000000000111110000000000000011111111000050001111110000000000000000000000000000000011111111111111111111111111111111111100000000111111110000000000000000000000001111111111111111110000000000000000000000000000001000000000000000000000001100000000100000001110
11110000000000000011110000500005050011111111000000001111110000000000000000000000000000000011111111111111111111111111111111111100000000111111110005111111111111111111111111000000000000001100000000000000000000000050501000000000000000000500001100000000100000001110
11110000000000000011110000000000000011111111000050001111110000000000000000000000000000000011111111111111111111111111111111111100000000111111111000000000000000000000001111000000000000000000000000000000000000000000000000000000000000000000001100000000100000001110
11110000000000000011110000500011505010111111000000001111110000000000000000000000000000000000000000000011111111111111111111111100000000111111001111111111111111111150001111000000000000000000000000000000000000000050505050500000000000000500001100000000100000001110
11110000000000000011110000000011000000111111000050001111110000000000000000000000000000000000000000000011111111111111111111111100000000111111000000000000000000000000001111000000000000000000000000000000000000000000000000000000000500000000001100000000100000001110
11110000000000000011110000500011111000001111000000001111110000000000000000000000000000000000000000000000111111111111111111111100000000111100001111000000511111111111111111000000000000000000000000000000000000000050000000000000000001000500001100000000100000001110
11110000000000500011110000000011110000001111000050001111110000000000000000000000000000000000000000000000111111111111111111111100000000111100001111000000000000000011111111000000000000000000000000000000000000000000000000000000000000000000001100000000100000001110
11110000000000100011110000500011111100001111000000001111110000000000000000000000000000000000000000000000000000111111000000000000000000111100001111000000000000000011111111000000000000000000000000000000000000000011111111111111111111000500001100000000100000001110
11110000000000100011110000000011111100001111000050001111110000000000000000000000000000000000000000000000000000111111000000000000000000111100001111000000000000000011111111100000000000000000000000000000000000000011111111111111111111000000001100000000100000001110
11110000000000100011110000500011111105000011000000001111110000000000000051150000000000000000000000000000000000000000000000000000000000111100001111000000000000000000000000110105011111111150000000000000000000000011111111111111111111000500001100000000500000001110
11110000000000100011110000000011111100000011500050001111110000000000000111111000000000000000000000000000000000000000000000000000000000111100001111000000000000000000000000000000001111111100000000000000000000000011111111111111111111000000001100000000000000001110
11110000000000100011110000500011111111000000000000001111110000000000005111111500000000000011111111110000000000000000000000000000000000111100111111000000000000000000000000000000001111111100000000000000000000000011111111111111111111000500000000000000000000001110
11110000000000100011110000000011111111000000000050001111110000000000001111111100000000000011111111110000000000000000000000000000000000111100111111000000000000000000000000000000001111111100000000000000000000000011111111111111111111000000000000000000000000001110
11110000000000100011110000000011111111000000000000001111110000000000001111111100000000000011111111111111000000000000000000000000000000111100001111000000000000000000000000000000001111111100000000000000000000000000000011111111111111000000000000000000000000001110
11110000000000100111110000500011111111000000000000001111000000000000005111111500000000000011111111111111000000000000000000000000000000111100001111000000000000000000000000000000001111111100000000000000000000000000000011111111111111000500000000000000000000001110
11110000000000100111110000000011111111110000000000000000000000000000000111111000000000000011111111111111111111000000111111000000000000111100001111000000000000000000000000000000001111111100000000000000000000000000000011111111111111000000001111000000000000001110
11110000000000100011110000500011111111110000000000000000000000000000000051150000000000000011111111111111111111000000111111000000000000111100001111000000000000000000000000000000001111111100000000000000000000000000000011111111111111000500001111000000000000001110
11110000000000100011110000000011111111111100000000000000000000000000000000000000000000000011111111111111111111111111111111111100000000111100001111000000000000000011111111111111111111111100000000000000000000000000000011111111111111000000001111000000000000001110
11110000000000100011110000500011111111111100000000000000000000000000000000000000000000000011111111111111111111111111111111111100000000111100001111000000000000000011111111111111111111111100000000000000000000000050000011111111111111000500001111000000000000001110
11110000000000100011110000000011111111111111111111111111000000000000000000000000000000000011111111111111111111111111111111111100000000111111001111111111110000000011111111111111111111111100000000000000000000000000000011111111111111000000001111000000000000001110
11110000000000100011110000500011111111111100000000111111110000000000000000000000000000000011111111111111111111111111111111111100000000111111001111111111110000000011111111111111111111111100000000000000000000000000000011111111111111000500001111000000000000001110
11110000000000100011110000000011111111111100000000111111110000000000000000000000000000000011111111111110000000000011100001111100000000111100001111111111111111111111111111111111111111111100000000000000000000000000000000111111111111000000001111111111000000001110
11110000000000100011110000500011111111111100000000111111110000000000000000000000000000000011111111111100000000000011100000111100000000111100001111111111111111111111111111111111111111111100000000000000000000000000000000111111111111000500001111111111000000001110
11110000000000100011110000000011111111111100000000111111110000000000000000000000000000000011111111111100000000000011100000111100000000111100001111111111111111111111111111111111111111111111111111111111111111111110000000111111111111000000001111111111000000001110
11110000000000100111110000500011111111111100000000111111110000000000000000000000000000000011111111111100000000000000000000111100000000111100001111111111111111111111111111111111111111111111111111111111111100000000000000111111111111000500001111111111000000001110
11111100001111111111110000000011111111111100000000111111110000000000000000000000000000000011111111111100000000000000000000111100000000111100001111111111111111111111111111111111111111111111111111111100000100000000000000111111111111000000001111111111000000001110
11111100001111111111110000500011111111111100000000111111110000000000000000000000000000000011111111111100000000000000000000111100000000111100001111111111111111111111111111111111111111111111111111111110000000000000000000111111111111000500001111111111000000001110
11110000000011111111110000000010000000110000000000111111110000000000000000000000000000000011111111111100000000000000000000111100000000111100111111111111111111111111111111111111111111111111111111001100000011111150000000111111111111000000001111111111000000001110
11110000000011111111110000500000000000110000000000111111110000000000000000000000000000000011111111111100000000000000000000111100000000111100111111111111111111111111111111111111111111111111111111000000000011111100000000111111111111000500001111111111000000001110
11110000000011111111110000000000000000010000000000111111111111111111111111111111110000000011111111111100000000000000000000111100000000111100001111111111110000000000000000000000000000000000000000000000001111111100000000001111111111000000001111111111000000001110
11110000000011111111110000500000000000011000000000111111111111111111111111111111110000000011111111111100000000000000000000111100000000111100001111111111110000000000000000000000000000000000000000000000001111111100000000001111111111000500001111111111000000001110
11110000000011111111110000000000000000000000000000111111111111111111111111111111111100001111111111111100000000000000000000111100000000111100001111111111110000000000000000000000000000000000000000000010111111111100000000001111111111000000001111111111000000001110
11110000000011111111110000500000000000000000000000111111111111111111111111111111111100001111111111111100000000000000000000111100000000111100001111111111110000000000000000000000000000000000000000000010111111111100000000001111111111000500001111111111000000001110
11110000000011111111110000000000000000000000000011111111111111111111111111111111111100001111111111111100000000000000000000111100000000111100001111111111110000000000000000000000000000000000000000001111111111111111000000000011111111000000001111111111000000001110
11110000000011111111110000000000000000000000000011111111111111111111111111111111111100001111111111111100000000000000000000111100000000111100001111111111110000000000000000000000000000000000000000001111111111111111000000000011111111000000001111111111000000001110
11110000000011111111110000000000000000000000000011111111111111111111111111111111111100000011111111111100000000000000000000111100000000111100111111111111110000000000000000000000000000000000050500111111111111111111000000000011111111000000001111111111000000001110
11110000000011111111110000000000000000000000000011111111111111111111111111111111111100000011111111111100000000000000000000111100000000111100111111111111110000000000000000000000000000000000000000111111111111111111000000000011111111000000001111111111000000001110
11110000000011111111110000000011110000000000000000111111111111111111111111111111111111000000111111111100000000000000000000111100000000111100001100111111110000000000000000000000000000000000111111111111111111111111110000000011111111000000001111111111000000001110
11110000000011111111110000000011110000000000000000111111111111111111111111111111111111000000111111111100000000000000000000111100000000111100001100111111110000000000000000000000000000000000111111111111111111111111110000000011111111000000001111111111000000001110
11110000000011111111110000000011111100000000000000001111111111111111111111111111111111110000111111111100000000000000000000111100000000111101001100110000000000000000000000000000000000000011111111111111111111111111110000000011111111000000001111111111000000001110
11110000000011111111110000000011111100000000000000001111111111111111111111111111111111110000111111111100000000000000000000111100000000111100001100110000000000000000000000000000000000000011111111111111111111111111110000000011111111000000001111111111000000001110
11110000000011111111110000500011111111000000000000000011111111111111111111111111111111110000111111111100000000000000000000111100000000000000000000000000000000000000000055550000000000000011111111111111111111111111110000000011111111000500001111111111000000001110
11110000000011111111110000000011111111000000000000000011111111111111111111111111111111110000111111111100000000000000000000111100000000000000000000000000000000000000000551155000000000000011111111111111111111111111110000000011111111000000001111111111000000001110
11110000000011111111110000500011111111110000000000000000111111111111111111111111111111110000111111111100000000000000000000111100000000000000000000000000000000000000005511115500000000000011111111111111111111111111110000000011111111000500001111111111000000001110
11110000000011111111110000000011111111110000000000000000111111111111111111111111111111110000111111111100000000000000000000111100000000000000000000000000000000000000005111111500000000000011111111111111111111111111110000000011111111000000001111111111000000001110
11110000000011111111110000500011111111111100000000000000000011111111111111111111111111110000111111111100000000000000001111111100000000111100110011000000000000000000005111111500000000000011111111111111111111111111110000000000111111000500001111111111000000001110
11110000000011111111110000000011111111111100000000000000000011111111111111111111111111110000111111111100000000000000001111111100000000111100110011000000000000000000005511115500000000000011111111111111111111111111110000000000111111000000001111111111000000001110
11110000000011111111110000500011111111111111000000000000000000000000000000000000000000110000111111111100000000000000001111111100000000111111110011110011110000000000000551155000000000000011111111111111111111111111110000000000111111000500001111111111000000001110
11110000000011111111110000000011111111111111000000000000000000000000000000000000000000110000111111111100000000000000001111111100000000111111000011110011110000000000000055550000000000000011111111111111111111111111110000000000111111000000001111111111000000001110
11110000000011111111110000500011111111111111110000000000000000000000000000000000000000000000111111111111111111000000001111111100000000111110011111111111110000000000000000000000000000000011111111111111111111111111111100000000111111000500001111111111000000001110
11110000000011111111110000000011111111111111110000000000000000000000000000000000000000000000111111111111111111000000001111111100000000111100001111111111110000000000000000000000000000000011111111111111111111111111111100000500111111000000001111111111000000001110
11110000000011111111110000500011111111111111111100000000000000000000000000000000000000000000111111111111111100000000111111111100000000111100001111111111110000000000000000000000000000000011111111111111111100110000000000000000111111000500001111111111000000001110
11110000000011111111110000000011111111111111111100000000000000000000000000000000000000000000111111111111111100000000111111111100000000111100001111111111110000000000000000000000000000000011111111111111111100110000000000000000111111000000001111111111000000001110
11110000000011111111110000500011111111111111111100000000000000000000000000000000000000000000111111111111110000000011110000000100000000111100001111111111110000000000000000000000000000000011111111111111110000000000000000000000111111000500001111111111000000001110
11110000000011111111110000000011111111111111111100000000000000000000000000000000000000000011111111111111110000000011110000000100000000111100001111111111110000000000000000000000000000000011111111111111110000000000000000000000111111000000001111111111000000001110
11110000000011111111110000500011111111111111110000000000111111111111111111111111110000000011111100000000000000001111110000000100000000111111001111111111110000000000000000000000000000000011111111111111000000000000000000001100111111000500001111111111000000001110
11110000000011111111110000000011111111111111110000000000111111111111111111111111110000000011111100000000000000001111110000000100000000111111001111111111110000000000000000000000000000000011111111111111000000000000000000001100111111000000001111111111000000001110
11110000000011111111110000500011111111111111110000000000111111111111111111111111110000000011111100000000000000111111110000000100000000111100001111111111110000000000000000000000000000000011111111111111110000000000000000000000111111000500001111111111111111111110
11110000000011111111110000000011111111111111110000000000111111111111111111111111110000000011111100000000000000111111110000000100000000111100001111111111110000000000000000000000000000000011111111111111110000000000000000000000111111000000001111111111111111111110
11110000000011111111110000500011111111111111000000000000111111111111111111111111110000001011111100000000000000110000000000000000000000111100001111111111110000000000000000000000000000000011111111111111000000000000000000000000111111000500001111111111111111111110
11110000000011111111110000000011111111111111000000000000111111111111111111111111110000001011111100000000000000110000000000000000000000111100001111111111110000000000000000000000000000000011111111111111000000000000000000000000111111000000001111111111111111111110
11110000000011111111110000000011111111111111000000000011111111111111111111111111000000001011111100000000000011110000000000000000000000111100001111111111111111111111111111111111111111111111111111111111000000000000000000000000111111000000001111111111111111111110
11110000000011111111110000500011111111111111000000000011111111111111111111111111000000000011111100000000000011110000000000000000000000111100001111111111111111111111111111111111111111111111111111111111000000000000000000000000111111100500001111111111111111111110
11110000000011111111110000000011111111111111000000000011111111111111111111111111100000000000000000000000111111110000000000000000000000000000111111111111111111111111111111111111111111111111111111111111000000000000000000000000110000000000001111111111111111111110
11110000000011111111110000500011111111111111000000000011111111111111111111111111100000000000000000000000111111110000000000000000000000000000111111111111111111111111111111111111111111111111111111111111000000000000000000000000110050500500001111111111111111111110
11110000000011111111110000000011111111111100000000000011111111111111111111111111100000000000000000000000111111111111111111111500000000511111111111111111111111111111111111111111111111111111111111111111000000000000000000000000000000000000001111111111111111111110
11110000000011111111110000500011111111111100000000000011111111111111111111111111100000000000000000000000111111111111111111111500000000511111111111111111111111111111111111111111111111111111111111111111000000000000000000000005050000000500001111111111111111111110
11110000000011111111110000000011111111110000000000000011111111111111111111111111100000000000000000000000111111110000000000000000000000000000000000000011111111111111110000000000000000001100111111111111110000000000000000000000000000000000001111111111111111111110
11110000000011111111110000500011111111110000000000000011111111111111111111111111100000000000000000000000111111110000000000000000000000000000000000000011111111111111110000111100000000001100111111111111110000000000000000000000000000000500001111111111111111111110
11110000000011111111110000000000000000000000000000001111111111111111111111111111000000000000000000000000111111000000000000000000000000000000000000000011111111111111000000000000000000000000111111111111111100000000000000001100001111000000001111111111111111111110
11110000000011111111110000500000000000000000000000001111111111111111111111111111000000000000000000000000111111000000000000000000000000000000000000000011111111111111000000000000000000000000111111111111111100000000000000001100501111000500001111111111111111111110
11110000000011111111110000000000000000000000000000001100000000000000001111111111111111111110011111111111111111000000111111111111111111111111111100000011111111111100000000000000000000000000111111111111110000000000000000111100111111000000001111111111111111111110
11110000000011111111110000500000000000000000000000001100000000000000001111111111111111111110011111111111111111000000111111111111111111111111111100000011111111111100000000000000000000000000111111111111110000000000000000111100111111000500001111111111111111111110
11110000000011111111110000000000000000000000000000111100000000000000000000000000000000000000000000000000111111000000111111111111111111111111111100000011111111110000000000000000000000000000000011111111000011000000000000001100111111000000001111111111000000001110
11110000000011111111110000500000000000000000000000111100000000000000000000000000000000000000000000000000111111000000111111111111111111111111111100000011111111110000000000000000000000000000000011111111000011000000000000001100111111000500001111111111000000001110
11110000000011111111110000000000000000000000000011111100000000000000000000000000000000000000000000000000111111000000111111111111111111111111111100000011111111000000000000000000000000000000000011111111111100000011110000111111111111000000001111111111000000001110
11110000000011111111110000500000000000000000000011111100000000000000000000000000000000000000000000000000111111000000111111111111111111111111111100000011111111000000000000000000000000000000000011111111111100000011110000111111111111000500001111111111000000001110
11110000000011111111110000000010000000000000001111111100000000000000001111111111000000000000000000000000111111000000111111111111111111111111111100000011111100000000000000000000000000000000000011111111111111111111111100111111111111000000001111111111000000001110
11110000000011111111110000500010000000000000001111111100000000000000001111111111000000000000000000000000111111000000111111111111111111111111111100000011111100000000000000000000000000000000000011111111111111111111111100111111111111000500001111111111100000001110
11110000000011111111110000000011110000000011111111111100000000000000001111111111000000000000000000000111111111000000111111111111111111111111111100000011111111000000000000000000000000000000000011111111111111111111111111111111111111000000001111111111100000001110
11110000000011111111110000500011110000000011111111111100000000000000001111111111000000000000000000000111111111000000111111111111111111111111111100000011111111000000000000000000000000000000000011111111111111111111111111111111111111000500001111111111100000001110
11110000000011111111110000000011111111111111111111111100000000000000001111111111111111111111111111111111111111000000111111111111111111111111111100000011111111000000000000000000001111000000000000111111111111111111111111111111111111000000001111111111000000001110
11110000000011111111110000000011111111111111111111111100000000000000001111111111111111111111111111111111111111000000111111111111111111111111111100000011111111000000000000000000001111000000000000111111111111111111111111111111111111000000001111111111000000001110
11110000000011111111110000000011111111111111111111111100000000000000001111111111111111111111111111111111111111000000111111111111111111111111111100000011111111111111001111001100000011001100110011111111111111111111111111111111111111000000001111111111000000001110
11110000000011111111110000000011111111111111111111111100000000000000001111111111111111111111111111111111111111000000111111111111111111111111111100000011111111111111001111001100000011001100110011111111111111111111111111111111111111000000001111111111000000001110
11110000000011111111110000000011111111111111111111111100000000000000001111111111111111111111111111111111111111000000111111111111111111111111111100000011111111111111111111111100000011001111111111111111111111111111111111111111111111000000001111111111000000001110
11110000000011111111110000000011111111111111111111111100000000000000001111111111111111111111111111111111111111000000111111111111111111111111111100000011111111111111111111111100000011001111111111111111111111111111111111111111111111000000001111111111000000001110
11110000000011111111110000000011111111111111111111111111111111111111111111111111111111111111111111111111111111000000111111111111111111111111111100000011111111111111111111111100000000111111111111111111111111111111111111111111111111000000001111111111000000001110
11110000000011111111110000000011111111111111111111111111111111111111111111111111111111111111111111111111111111000000111111111111111111111111111100000011111111111111111111111100000000111111111111111111111111111111111111111111111111000000001111111111000000001110
11110000000011111111110000000000000000000000000000000000000000000000000000000000000000000000000000000000000000000000111111111111111111111111111100000000000000000000000000000000000000000000000000000000000000000000000000000000000000000000001111111111000000001110
11110000000011111111110000000000000000000000000000000000000000000000000000000000000000000000000000000000000000000000111111111111111111111111111100000000000000000000000000000000000000000000000000000000000000000000000000000000000000000000001111111111000000001110
11110000000011111111110000000000000000000000000000000000000000000000000000000000000000000000000000000000000000000000111111111111111111111111111100000000000000000000000000000000000000000000000000000000000000000000000000000000000000000000001111111111000000001110
11110000000011111111110000000000000000000000000000000000000000000000000000000000000000000000000000000000000000000000111111111111111111111111111100000000000000000000000000000000000000000000000000000000000000000000000000000000000000000000001111111111000000001110
11110000000011111111110000000000000000000000000000000000000000000000000000000000000000000000000000000000000000000000111111111111111111111111111100000000000000000000000000000000000000000000000000000000000000000000000000000000000000000000001111111111000000001110
11110000000011111111110000000000000000000000000000000000000000000000000000000000000000000000000000000000000000000000111111111111111111111111111100000000000000000000000000000000000000000000000000000000000000000000000000000000000000000000001111111111000000001110
11110000000011111111110000000000000000000000000000000000000000000000000000000000000000000000000000000000000000000000111111111111111111111111111100000000000000000000000000000000000000000000000000000000000000000000000000000000000000000000001111111111000000001110
11110000000011111111110000000000000000000000000000000000000000000000000000000000000000000000000000000000000000000000111111111111111111111111111100000000000000000000000000000000000000000000000000000000000000000000000000000000000000000000001111111111000000001110
11110000000011111111110000000011111111111111111111111111000000001111111111111111111111111111111111111111111111000000111111111111111111111111111100000111111111111111111111110000001111111111111111111111111111111111111111111111111111000000001111111111000000001110
11110000000011111111110000000011111111111111111111111111000000001111111111111111111111111111111111111111111111000000111111111111111111111111111100000100111111111111111111110000001111111111111111111111111111111111111111111111111111000000001111111111100000001110
11110000000011111111110000000011111111111111111111111111000000001111111111111111111111111111111111111111111111000000111111111111111111111111111100000100111111111111111111110000000000111111111111111111111111111111111111111111111111000000001111111111100000001110
11110000000011111111110000000011111111111111111111111111000000001111111111111111111111111111111111111111111111000000111111111111111111111111111100000100111111111111111111110000000000111111111111111111111111111111111111111111111111000000001111111111000000001110
11110000000011111111110000000011111111111000000000000000000000000001111111111111111111000011111111111111111111000000111111111111111111111111111100000100111111111111111111110000000000000000000000111111111111111111111111111111111111000000001111111111000000001110
11110000000011111111110000000011111111110000000000000000000000000000111111111111111111000011111111111111111111000000111111111111111111111111111100000100111111111111111111110000000000000000000000111111111111111111111111111111111111000000001111111111000000001110
11110000000011111111110000000011111111110000000000000000000000000000111111111111111100001111111111111111111111000000111111111111111111111111111100000100001111111111111111111111000000000000000000111111111111111111110011111111111111000000001111111111000000001110
11110000000011111111110000000011111111110000000000000000000000000000111111111111111111001111111111111111111111000000111111111111111111111111111100000100001111111111111111111111000000000000000000111111111111111111110011111111111111000000001111111111000000001110
11110000000011111111110000500011111111110000000000000000000000000000111111111100000000000011111111110000000000000000111111111111111111111111111100000100000000001111111111111111111100000000000000000011111111111111050011111111111111000500001111111111000000001110
11110000000011111111110000000011111111110000000000000000000000000000111111111100000000000011111111110000000000000000111111111111111111111111111100000100000000001111111111111111111100000000000000000011111111111111000011111111111111000000001111111111000000001110
11110000000011111111110000500011111111110000000000000000000000000000111111110000001100001111111100000000000500000000111111111111111111111111111100000100000000000000000011111111111100000000000000000000001111111101000011111111111111000500001111111111100000001110
11110000000011111111110000000011111111110000000000000000000000000000111111110000001100001111111100000000000500000000111111111111111111111111111100000100000000000000000011111111111100000000000000000000001111111100000011111111111111000000001111111111100000001110
11110000000011111111110000500011111111110000000000000000000000000000111111000000111111001111111100000000000000000000111111111111111111111111111100000100111111000000000011111111111100000000000000000000000000000005011110111111111111000500001111111111100000001110
11110000000011111111110000000011111111110000000000000000000000000000001111000000111111001111111100000000000000000000111111111111111111111111111100000100111111000000000511111111111100000000000000000000000000000000000000111111111111000000001111111111000000001110
11110000000011111111110000500011111111110000000000000000000000000000001100000011111111111100000000000100000000000000111111111111111111111111111100000100111111110000110000111111111100000000000000111100000000000000000000001111111111000500001111111111000000001110
11110000000011111111110000000011111111110000000000000000000000000000001100000011111111111100000050111100000000000000111111111111111111111111111100000100111111110000110000111111111100000000000000111100000000000000000000001111111111000000001111111111000000001110
11110000000011111111110000500011111111110000000000000000000000000000000000001111111111111100000000001111111111000000111111111111111111111111111100000100111111111100011100001111111111000000001111111111000000000000000000000011111111000500001111111111000000001110
11110000000011111111110000000011111111110000000000000000000000000000000000001111111111111100000011001111111111000000111111111111111111111111111100000100111111111100011100001111111111000000001111111111000000000000000000000011111111000000001111111111000000001110
11110000000011111111110000500011111111110000000000000000000000000000000000111111111111111100000001111111111111000000000000000000000000000000000000000100111111110000000000001111111100000000001111111111000000000000000000000011111111000500001111111111000000001110
11110000000011111111110000000011111111110000000000000000000000000000110000111111111111111100000001111111111111000000000000000000000000000111111111111100111111110501111100001111111111000000001111111111000000000000000000000011111111000000001111111111000000001110
11110000000011111111110000500011111111110000000000000000000000000000110000000000000000000000000000000000111111111111111111111100000000000000000000000000111111110001000000000000000000000000111111111111000000000000000000001111111111000500001111111111000000001110
11110000000011111111110000000011111111110000000000000000000000000000110000000000000000000000000000000000111111111111111111111100000000000000000000000000111111110001000000000000000000000000111111111111000000000000000000001111111111000000001111111111000000001110
11110000000000111111110000500011111111110000000000000000000000000000111100000000000000000000000000000000111100111111111111111100000000111111111111111111111111110000000000000000000000000000111111111111000000000000000000001111111111000500001111111111000000001110
11110000000000111111110000000011111111111000000000000000000000000001111100000000000000000000000000000000111100111111111111111100000000111111111111111111111111110000000000000000000000000000111111111111000000000000000000001111111111000000001111111111000000001110
11110000000000000000110000500011111111111111111111110000110011001111111100110000000000000000000000000000111100111111111111111100000000111111111111111111111111000000000000000000000000000000111111111111000000000000000000111111111111000500001111111100000000001110
11110000000000000000110000000011111111111111111111110000110011001111111100110000000000000000000000000000111100111111111111111100000000111111111111111111111111000000000000000000000000000000111111111111000000000000000000111111111111000000001111111100000000001110
11110000000000000000000000500011111111111100000000000011111100001111111111110000000000000000000000000000111100111111111111111100000000111111111111111111111100000111000000000000000000000000111111111111000000000000000000000000000000000500000000000000000000001110
11110000000000000000000000000011111111111100000000000011111100001111111111110000000000000000000000000000111100111111111111111100000000111111111111111111111100000011000000000000000000000000111111111111000000000000000000000050000000000000000000000000000000001110
11110000000000000000000000000011111111111100001100001111111000111111111111110000000000000000000000000000111100111111111111111100000000111111111111111111110000001111000000000000000000000000111111111111110000000000000000000000000000000000000000000000000000001110
11110000000000000000000000500011111111111100001100001100111000111111111111110000000000000000000000000000111100111111111111111100000000111111111111111111110000001111000000000000000000000000111111111111110000000000000000000000000000000500000000000000000000001110
11110000000000000000110000000011111111111100111111000000001111111111111111110000000000000000000000000000111100111111111111111100000000111111111111111100000000111111000000000000000000000000001111111111111100000000000000000000000000000000001111111100000000001110
11110000000000000000110000500011111111111100111111000000001111111111111111110000000000000000000000000000111100111111111111111100000000111111111111111100000000111111000000000000000000000000001111111111111100000000000000000000000005000500001111111100000000001110
11110000000000111111110000000011111111111100001111110011001111111111111111110000000000000000000000000000111100111111111111111100000000111111111111111100000011111111000000000000000000000000000011111111111100000000000000000000001111000000001111111111000000001110
11110000000000111111110000500011111111111100001111110111001111111111111111110000000000000000000000000000111100111111111111111100000000111111111111111100000011111111000000000000000000000000000011111111111100000000000000000000001111000500001111111111000000001110
11110000000011111111110000000011111111111111000011001100001111111111111111110000000000000000000000000000501100000000011111111100000000111111111100000000000000111111000000000000000000000000001111111111111111050505050500001111111111000000001111111111000000001110
11110000000011111111110000500011111111111111000011001100001111111111111111110000000000000000000000000000001100000000011111111100000000111111111100000000000000111111000000000000000000000000001111111111111111000000000000001111111111000500001111111111000000001110
11110000000011111111110000000011111100000000000000000000000011111111111111110000000000000000000000000000501100111111111111111100000000111111111100000000000000111111000000000000000000000000111100111111111111115050110501111111111111000000001111111111000000001110
11110000000011111111110000500011111100000000000000000000000011111111111111110000000000000000000000000000000100111111111111111100000000111111111100000000000000111111000000000000000000000000111100111111111111110000110000111111111111000500001111111111000000001110
11110000000011111111110000000011111100000000000000000000000011111111111111110000000000000000000000000000501110111111111111111100000000111111111100000000000000111111000000000000000000000000000000111111111111111111111111111111111111000000001111111111000000001110
11110000000011111111110000500011111100000000000000550000000011111111111111110000000000000000000000000000000000111111111111111100000000111111111100000000000000111111000000000000000000000000000000111111111111111111111111111111111111000500001111111111000000001110
11110000000011111111110000000011111100000000000000550000000011111111111111110000000000000000000000000000505050111111111111111100000000111111111100000000000000111111000000000000000000000000000000001111111111111111111111111111111111000000001111111111000000001110
11110000000011111111110000500011111100000000000000000000000011111111111111110000000000000000000000000000000000111111111111111100000000111111111100000000050000111111000000000000000000000000000000001111111111111111111111111111111111000500001111111111000000001110
11110000000011111111110000000011111100000000000000000000000000111111111111110000000000000000000000000000505000000011111111111100000000111111111100000000000011111111111111110000111111111100000000000011111111111111111111111111111111000000001111111111000000001110
11110000000011111111110000500011111100000000000000000000000000111111111111110000000000000000000000000000000000000011111111111100000000111111111100000000000011111111111111110000111111111100000000000011111111111111111111111111111111000500001111111111000000001110
11110000000011111111110000000011110000000000000000000000000000001111111111110000000000000000000000000000110000000011111111111100000000111111110000000000001111111111111111110000001111111111000000000011111111111111111111111111111111000000001111111111000000001110
11110000000011111111110000500011110000000000000000000000000000001111111111110000000000000000000000000000110000000011111111111100000000111111110000000000001111111111111111110000001111111111000000000011111111111111111111111111111111000500001111111111100000001110
11110000000011111111110000000011111100000000000000000000000000111111111111110000000000000000000000000000111100000000111111111100000000111100000000000000111111111111111111111100001111111111111100000011111111111111111111111111111111000000001111111111100000001110
11110000000011111111110000500011111100000000000000000000000000110011111111110000000000000000000000000000111100000000111111111100000111111100000000000000111111111111111111111100001111111111111100000011111111111111111111111111111111000500001111111111100000001110
11110000000011111111110000000000000000000000000000000000000000000000111111111111111111111111111111111111111111000000001111111100000100000000000000000011111111111111111111110000001111111111111111000000111111111111111111111111111111000000001111111111000000001110
11110000000011111111110000000000000000000000000000000000000000000000111111111111111111111111111111111111111111000000001111111101111100000000000000000011111111111111111111110000001111111111111111000000111111111111111111111111111111000000001111111111000000001110
11110000000011111111110000000000000000000000000000000000000000110011111111111111111111111111111111111111111111110000001111111111000000000000000000000011111111111111111111110000001111111111111111000000111111111111111111111111111111000000001111111111000000001110
11110000000011111111110000000000000000000000000000000000000000110011111111111111111111111111111111111111111111110000001111111111000000000000000000000011111111111111111111110000001111111111111111000000111111111111111111111111111111000000001111111111000000001110
11110000000011111111110000000000000000000000000000000000000000000000111100110011001100111111111111111111111111000000001111110000000000000000000000000011111111111111111111110000001111111111111111110000000011111111111111111111111111000000001111111111000000001110
11110000000011111111110000000000000000000000000000000000000000000000111100110011001100111111111111111111111111000000001111110000000000000000000000000011111111111111111111110000001111111111111111110000000011111111111111111111111111000000001111111111000000001110
11110000000011111111110000000000000000000000000000000000000000110000000000000000000000001111111111111111000000000000001111000000000011001111110000000011111111111111111111000000001111111111111111110000000011111111111111111111111111000000001111111111000000001110
11110000000011111111110000000000000000000000000000000000000000111100000000000000000000001111111111111111000000000000001111000000000011111111110000000011111111111111111111000000001111111111111111110000000011111111111111111111111111000000001111111111000000001110
11110000000011111111110000500011111100000000000000000000000000001100110000000000000000111111111111111111000000000000000000000000111111111111110000001111111111111111111111000000001111111111111111110000000000001111111111111111111111000500001111111111000000001110
11110000000011111111110000000011111100000000000000000000000000001100110000000000000000111111111111111111000000000000000000000000100000111111110000001111111111111111111111000000001111111111111111110000000000001111111111111111111111000000001111111111000000001110
11110000000011111111110000500011111100000000000000000000000000111111111100000000000000001111111111111111000000000000000000000011100000111111000000001111111111111111111111110000001111111111111111111111000000001111111111111111111111000500001111111111000000001110
11110000000011111111110000000011111100000000000000000000000000110011111100000000000000001111111111111111000000000000000000000110000000111111000000001111111111111111111111111100001111111111111111111111001111111111111111111111111111000000001111111111000000001110
11110000000011111111110000500011111111001111000000000000000000000000110000000000000000111111111111111111000000000000000000001100000000111111000000111111111111111111111111111100000000001111111111000000001000000000000000111111111111000500001111111111000000001110
11110000000011111111110000000011111111001111000000000000000000000000111000000000000000111111111111111111000000000000000000001100000000111111000000111111111111111111111111110000000000001111111111000000000000000000000000111111111111000000001111111111000000001110
11110000000011111111110000500011111111111111000000000000001100110000001100000000000000001111111111111111000000000000000000111100000000111111000000111111111111111111111111000000000000000011111111000000000000000000000000111111111111000500001111111111000000001110
11110000000011111111110000000011111111111111000000000000001100111100001100000000000000001111111111111111000000000000000000111100000000111111000000111111111111111111111111000000000000000011111111000000000000000000000000111111111111000000001111111111000000001110
11110000000011111111110000500011111111111111110011000000111100001100000000000000000000000000111111111111000000000000001111111100000000111111000000000000001111111111111100000000000000000000111111000011110000110000110000111111111111000500001111111111000000001110
11110000000011111111110000000011111111111111110011000000110000001100000000000000000000000000111111111111000000000000001111111100000000111111000000000000001111111111111100000000000000000000111111000011110000110000110000111111111111000000001111111111000000001110
11110000000011111111110000500011111111111111111110000011110000111111000000000000000000000011111111111100000000000000001111111100000000111111000000000000001111111111111100000000000000000000111111000000000000110000110000111111000000000500001111111111000000001110
11110000000011111111110000000011111111111111111110000011000000111111000000000000000000000011111111111100000000000000001111111100000000111111000000000000001111111111111100000000000000000000111111000000000000110000110000111111011111000000001111111111000000001110
11110000000011111111110000500011111111111111111111000001110011111100000000000000000000000000111111111100000000000000001111111100000000111111000000000000001111111111111100000000000000000000000001000000001111000011110000110000010001000500001111111111000000001110
11110000000011111111110000000011111111111111111111000001110011111100000000000000000000000000111111111100000000000000001111111100000000111111000000000000001111111111111100000000000000000000000001000000001111000011110000110111110000000000001111111111000000001110
11110000000011111111110000500011111111111111111111110011111111111111000000000000000000000011111111111111000000000000001111111100000000111111000000111111111111111111111100000000000000000000000001000000001111000011110000000100000000000500001111111111000000001110
11110000000011111111110000000011111111111111111111110011111111111111000000000000000000000011111111111111000000000000001111111100000000111111000000111111111111111111111100000000000000000000000001100000001111000011110000111100000000000000001111111111000000001110
11110000000011111111110000500011111111111111111111111111111111111100000000000000000000000000111100000100000000000000001111111100000000111111111111111111111111111111111100000000000000000000000000000000001100001111110000000000000000000500001111111111000000001110
11110000000011111111110000000011111111111111111111111111111111111100000000000000000000000000111100000100000000000000001111111100000000111111111111111111111111111111111100000000000000000000000000000000001100001111110000000000000000000000001111111111100000001110
11110000000011111111110000500011111111111111111111111111111111111111000000000000000000000011111100010100000000000000001111111100000000111111111111111111111111111111111100000000000000000000001111000011000000000000110000000000000011100500001111111111100000001110
11110000000011111111110000000011111111111111111111111111111111111111000000000000000000000011111100010100000000000000001111111100000000111111111111111111111111111111111100000000000000000000001111000011000000000000110000000000000011000000001111111111100000001110
11110000000011111111110000000011110000000000000000111111111111111100000000000000000000001111110000010000000000000000001111111100000000111111111111111100000000000000111111000000000000000011111111000011000011110000000000000000111111000000001111111111000000001110
11110000000011111111110000500011110000000000000000111111111111111100000000000000000000001111110000010000000000000000001111111100000000111111111111111100000000000000111111000000000000000011111111000011000011110000000000000000111111000500001111111111000000001110
11111111111111111111110000000011110000000000000000111111111111111100000000000000000011101100000000111111111111111100001111111100000000111111000000000000000000000000111111110000000000001111111111000011111111111111000000001111111111000000001111111111000000001110
11111111111111111111110000500011110000000000000000111111111111111100000000000000000011001100000000111111111111111111001111111100000000111111000000000000000000000000111111110000000000001111111111000111111111111111000000001111111111000500001111111111000000001110
11111111111111111111110000000011110000000000000000000000000000000000000000000000001111001111000011111111111111110011001111111100000000111111000000000000000000000000111111110000001111000011111111000000000000000000000000111111111111000000001111111111000000001110
11111111111111111111110000500011110000000000000000000000000000000000000000000000001111000011000011111111111111110000001111111100000000111111000000000000000000000000111111110000001111000011111111000000000000000000000000111111111111000500001111111111000000001110
11111111111111111111110000000011110000000000000000000000000000000000000000000000000011110000000000000011111111000000001111111100000000111111000000000000000000000000111111000000111111000000111111000000000000000000000000111111111111000000001111111111000000001110
11111111111111111111110000500011110000000000000000000000000000000000000000000000000011110000000000000011111111000000001111111100000000111111000000000000000000000000111111000000111111000000111111000000000000000000000000111111111111000500001111111111100000001110
11110000000011111111110000000011110000000000000000000000000000000000000000000000001111110000000000000011111100000011111111111100000000111111000000000000000000000000000001000000001111110000111111111111111111111111111111111111111111000000001111111111150000001110
11110000000011111111110000500011110000000000000000000000000000000000000000000000001111110000000000000011111100000011111111111100000000111111000000000000000000000000000000000000001111110000111111111111111111111111111111111111111111000500001111111111150000001110
11110000000011111111110000000011110000000000000000000000000000000000000000000000111111110000000000000011110000001111111111111100000000111111000000000000000000000000000000000000000011000000000011111111111111111111111111111111111111000000001111111111100000001110
11110000000011111111110000500011110000000000000000000000000000000000000000000000111111110000000000000011110000001111111111111100000000111111000000000000000000000000000000000000000011000000000011111111111111111111111111111111111111000500001111111111000000001110
11110000000011111111110000000011110000000000000000111111111111111111000000000000001111110000000000000011000000111111111111111100000000111111000000000000000000000000000000001100000001010000000000111111111111111111111111111111111111000000001111111111000000001110
11110000000011111111110000500011110000000000000000111111111111111111000000000000001111110000000000000011000000111111111111111100000000111111000000000000000000000000000000001100000000000000000000111111111111111111111111111111111111000500001111111111000000001110
11110000000011111111110000000011110000000000000000111111111111111100001100110011001111110000000000000000000011111111111111111100000000111111111111111100000000000000111111111111111100000000000000111111111111111111111111111111111111000000001111111111000000001110
11110000000011111111110000500011110000000000000000111111111111111100001100110011001111110000000000000000000011111111111111111100000000111111111111111100000000000000111111111111111100000001005000111111111111111111111111111111111111000500001111111111000000001110
11110000000011111111110000000011111111111111111111111111111111111111111111111111111111110000000000000000001111111111111111111100000000111111111111111100000000000000111111111111111111111111000000001111111111111111111111111111111111000000001111111111000000001110
11110000000011111111110000500011111111111111111111111111111111111111111111111111111111110000000000000000001111111111111111111100000000111111111111111100000000010000111111111111111111111111005000001111111111111111111111111111111111000500001111111111000000001110
11110000000011111111110000000011111111111111111111111111111111111111111111111111111111111111110000001111111111111111111111111100000000111111111111111111111111110000111111111111111111111111000000001111111111111111111111111111111111000000001111111111000000001110
11110000000011111111110000500011111111111111111111111111111111111111111111111111111111111111111000001111111111111111111111111100000000111111111111111111111111110000111111111111111111111111005050501111111111111111111111111111111111000500001111111111000000001110
11110000000011111111110000000000000000000000000000000000000000000000000000000000000000000000000000000000000000000000000000000000000000000000000000000000000000000000000000000000000000000000000000000000000000000000000000000000000000000000001111111111000000001110
11110000000011111111110000000000000000000000000000000000000000000000000000000000000000000000000000000000000000000000000000000000000000000000000000000000000000000000000000000000000000000000000000000000000000000000000000000000000000000000001111111111000000001110
11110000000011111111110000000000000000000000000000000000000000000000000000000000000000000000000000000000000000000000000000000000000000000000000000000000000000000000000000000000000000000000000000000000000000000000000000000000000000000000001111111111000000001110
11110000000011111111110000000050505050505050505050050505050505050505050000000050505050505050505050050505050505050505050000000000000000000000005050505050505050505005050505050505050505000000005050505050505050505005050505050505050505000000001111111111000000001110
11110000000011111111110000000000000000000000000000000000000000000000000000000000000000000000000000000000000000000000000000000000000000000000000000000000000000000000000000000000000000000000000000000000000000000000000000000000000000000000001111111111000000001110
11110000000011111111110000000000000000000000000000000000000000000000000000000000000000000000000000000000000000000000000000000000000000000000000000000000000000000000000000000000000000000000000000000000000000000000000000000000000000000000001111111111000000001110
11110000000011111111110000000000000000000000000000000000000000000000000000000000000000000000000000000000000000000000000000000000000000000000000000000000000000000000000000000000000000000000000000000000000000000000000000000000000000000000001111111111000000001110
11110000000011111111110000000000000000000000000000000000000000000000000000000000000000000000000000000000000000000000000000000000000000000000000000000000000000000000000000000000000000000000000000000000000000000000000000000000000000000000001111111111000000001110
11110000000011111111111111111111111111111111111100001111111111111111111111111111111111111111111111111111111111111111111111111111111111111111111111111111111111111111111111111111111111111111111111111111111111111111111111111111111111111111111111111111000000001110
11110000000011111111111111111111111111111111111100001111111111111111111111111111111111111111111111111111111111111111111111111111111111111111111111111111111111111111111111111111111111111111111111111111111111111111111111111111111111111111111111111111000000001110
11110000000011111111111111111111111111111111111100001111111111111111111111111111111111111111111111111111111111111111111111111111111111111111111111111111111111111111111111111111111111111111111111111111111111111111111111111111111111111111111111111111111111111110
11110000000011111111111111111111111111111111111100001111111111111111111111111111111111111111111111111111111111111111111111111111111111111111111111111111111111111111111111111111111111111111111111111111111111111111111111111111111111111111111111111111111111111110
11110000000011111111111111111111111111111111111100001111111111111111111111111111111111111111111111111111111111111111111111111111111111111111111111111111111111111111111111111111111111111111111111111111111111111111111111111111111111111111111111111111111111111110
11110000000011111111111111111111111111111111111100001111111111111111111111111111111111111111111111111111111111111111111111111111111111111111111111111111111111111111111111111111111111111111111111111111111111111111111111111111111111111111111111111111111111111110
11110000000011111111111111111111111111111111111100001111111111111111111111111111111111111111111111111111111111111111111111111111111111111111111111111111111111111111111111111111111111111111111111111111111111111111111111111111111111111111111111111111111111111110
11110000000011111111111111111111111111111111111100001111111111111111111111111111111111111111111111111111111111111111111111111111111111111111111111111111111111111111111111111111111111111111111111111111111111111111111111111111111111111111111111111111111111111110
11110000000011111111111111111111111111111111110000000011111111111111111111111111111111111111111111111111111111111111111111111111111111111111111111111111111111111111111111111111111111111111111111111111111111111111111111111111111111111111111111111111111111111110
11110000000011111111111111111111111111111111110000000011111111111111111111111111111111111111111111111111111111111111111111111111111111111111111111111111111111111111111111111111111111111111111111111111111111111111111111111111111111111111111111111111111111111110
11110000000000000000000000000000000000000000000000000000000000000000000000000000000000000000000000000000000000000000000000000000111111111111110000000000000000000000000000000000000000000000000000000000000000000000000000000000000000000000000000001111111111111110
11110000000000000000000000000000000000000000000000000000000000000000000000000000000000000000000000000000000000000000000000000000111111111111110000000000000000000000000000000000000000000000000000000000000000000000000000000000000000000000000000001111111111111110
11110000000000000000000000000000000000000000000000000000000000000000000000000000000000000000000000000000000000000000000000000000111111111111110000000000000000000000000000000000000000000000000000000000000000000000000000000000000000000000000000001111111111111110
11110000000000000000000000000000000000000000000000000000000000000000000000000000000000000000000000000000000000000000000000000000111111111111110000000000000000000000000000000000000000000000000000000000000000000000000000000000000000000000000000001111111111111110
11110000000000000000000000000000000000000000000000000000000000000000000000000000000000000000000000000000000000000000000000000000111111111111110000000000000000000000000000000000000000000000000000000000000000000000000000000000000000000000000000001111111111111110
11110000000000000000000000000000000000000000000000000000000000000000000000000000000000000000000000000000000000000000000000000000111111111111110000000000000000000000000000000000000000000000000000000000000000000000000000000000000000000000000000001111111111111110
11110000000000000000000000000000000000000000000000000000000000000000000000000000000000000000000000000000000000000000000000000000111111111111110000000000000000000000000000000000000000000000000000000000000000000000000000000000000000000000000000001111111111111110
11110000000000000000000000000000000000000000000000000000000000000000000000000000000000000000000000000000000000000000000000000000111111111111110000000000000000000000000000000000000000000000000000000000000000000000000000000000000000000000000000001111111111111110
11111111111111111111111111111111111111111111111111111111111111111111111111111111111111111111111111111111111111111111111111111111111111111111111111111111111111111111111111111111111111111111111111111111111111111111111111111111111111111111111111111111111111111110
11111111111111111111111111111111111111111111111111111111111111111111111111111111111111111111111111111111111111111111111111111111111111111111111111111111111111111111111111111111111111111111111111111111111111111111111111111111111111111111111111111111111111111110
11111111111111111111111111111111111111111111111111111111111111111111111111111111111111111111111111111111111111111111111111111111111111111111111111111111111111111111111111111111111111111111111111111111111111111111111111111111111111111111111111111111111111111110
11111111111111111111111111111111111111111111111111111111111111111111111111111111111111111111111111111111111111111111111111111111111111111111111111111111111111111111111111111111111111111111111111111111111111111111111111111111111111111111111111111111111111111110
