000000000000000000000000000000000000000000000000000000000000000000000000000000000000000000000000000000000000000000000000000000000000000000000000000000000000000000000000000000000000000000000000000000000000000000000000000000000000000000000000000000000000000000000000000000000000000000000000000000000000
111111111111111111111111111111111111111111111111111111111111111111111111111111111111111111111111111111111111111111111111111111111111111111111111111111111111111111111111111111111111111111111111111111111111111111111111111111111111111111111111111111111111111111111111111111111111111111111111111111111110
111111111111111111111111111111111111111111111111111111111111111111111111111111111111111111111111111111111111111111111111111111111111111111111111111111111111111111111111111111111111111111111111111111111111111111111111111111111111111111111111111111111111111111111111111111111111111111111111111111111110
111111111111111111111111111111111111111111111111111111111111111111111111111111111111111111111111111111111111111111111111111111111111111111111111111111111111111111111111111111111111111111111111111111111111111111111111111111111111111111111111111111111111111111111111111111111111111111111111111111111110
111111111111111111111111111111111111111111111111111111111111111111111111111111111111111111111111111111111111111111111111111111111111111111111111111111111111111111111111111111111111111111111111111111111111111111111111111111111111111111111111111111111111111111111111111111111111111111111111111111111110
111111111111111111111111111111111111111111111111111111111111111111111111111111111111111111111111111111111111111111111111111111111111111111111111111111111111111111111111111111111111111111111111111111111111111111111111111111111111111111111111111111111111111111111111111111111111111111111111111111111110
111111111111111111111111111111111111111111111111111111111111111111111111111111111111111111111111111111111111111111111111111111111111111111111111111111111111111111111111111111111111111111111111111111111111111111111111111111111111111111111111111111111111111111111111111111111111111111111111111111111110
111111111111111111111111111111111111111111111111111111111111111111111111111111111111111111111111111111111111111111111111111111111111111111111111111111111111111111111111111111111111111111111111111111111111111111111111111111111111111111111111111111111111111111111111111111111111111111111111111111111110
111111111111111111111111111111111111111111111111111111111111111111111111111111111111111111111111111111111111111111111111111111111111111111111111111111111111111111111111111111111111111111111111111111111111111111111111111111111111111111111111111111111111111111111111111111111111111111111111111111111110
111111111111111111111111111111111111111111111111111111111111111111111111111111111111111111111111111111111111111111111111111111111111111111111111111111111111111111111111111111111111111111111111111111111111111111111111111111111111111111111111111111111111111111111111111111111111111111111111111111111110
111111111111111111111111111111111111111111111111111111111111111111111111111111111111111111111111111111111111111111111111111111111111111111111111111111111111111111111111111111111111111111111111111111111111111111111111111111111111111111111111111111111100000000000000000000000011111111111111111111111110
111111111111111111111111111111111111111111111111111111111111111111111111111111111111111111111111111111111111111111111111111111111111111111111111111111111111111111111111111111111111111111111111111111111111111111111111111111111111111111111111111111111100000000000000000000000011111111111111111111111110
111111111111111111111111111111111111111111111111111111111111111111111111111111111111111111111111111111111111111111111111111111111111111111111111111111111111111111111111111111111111111111111111111111111111111111111111111111111111111111111111111111111100000000000000000000000011111111111111111111111110
111111111111111111111111111111111111111111111111111111111111111111111111111111111111111111111111111111111111111111111111111111111111111111111111111111111111111111111111111111111111111111111111111111111111111111111111111111111111111111111111111111111100000000000000000000000011111111111111111111111110
111111111111111111111111111111111111111111111111111111111111111111111111111111111111111111111111111111111111111111111111111111111111111111111111111111111111111111111111111111111111111111111111111111111111111111111111111111111111111111111111111111111100000000000000000000000011111111111111111111111110
111111111111111111111111111111111111111111111111111111111111111111111111111111111111111111111111111111111111111111111111111111111111111111111111111111111111111111111111111111111111111111111111111111111111111111111111111111111111111111111111111111111100000000000000000000000011111111111111111111111110
111111111111111111111111111111111111111111111111111111111111111111111111111111111111111111111111111111111111111111111111111111111111111111111111111111111111111111111111111111111111111111111111111111111111111111111111111111111111111111111111111111111100000000000000000000000011111111111111111111111110
111111111111111111111111111111111111111111111111111111111111111111111111111111111111111111111111111111111111111111111111111111111111111111111111111111111111111111111111111111111111111111111111111111111111111111111111111111111111111111111111111111111100000000001111000000000011111111111111111111111110
111111111111111111111111111111111111111111111111111111111111111111111111111111111111111111111111110000000000000000000000000000000000000000000000000000000000000000000000000000000000000000000000000000000001111111111111111111111111111111111111111111110000000000001111000000000000000000111111111111111110
111111111111111111111111111111111111111111111111111111111111111111111111111111111111111111111111110000000000000000000000000000000000000000000000000000000000000000000000000000000000000000000000000000000001111111111111111111111111111111111111111111110000000000001111000000000000000000111111111111111110
111111111111111111111111111111111111111111111111111111111111111111111111111111111111111111111111110000000000000000000000000000000000000000000000000000000000000000000000000000000000000000000000000000000001111111111111111111111111111111111111111111110000000000001111000000000000000000111111111111111110
111111111111111111111111111111111111111111111111111111111111111111111111111111111111111111111111110000000000000000000000000000000000000000111000000000000000000000000000000000000000000000000000000000000011111111111111111111111111111111111111111111100000000000001111000000000000000000111111111111111110
111111111111111111111111111111111111111111111111111111111111111111111111111111111111111111111111110000000000000000000000000000000000000000111000000000000000000000000000000000000000000000000000000000000011111111111111111111111111111111111111111111100000000000000000000000000000000000111111111111111110
111111111111111111111111111111111111111111111111111111111111111111111111111111111111111111111111110000000000000000000000000000000000000000000000000000000000000000000000000000000000000000000000000000000001111111111111111111111111111111111111111111110000000000000000000000000000000000111111111111111110
111111111111111111111111111111111111111111111111111111111111111111111111111111111111111111111111110000000000000000000000000000000000000000000000000000000000000000000000000000000000000000000000000000000000111111111111111111111111111111111111111111110000000000000000000000000000000000111111111111111110
111111111111111111111111111111111111111111111111111111111111111111111111111111111111111111111111110000000000000000000000000000000000000000000000000000000000000000000000000000000000000000000000000000000000111111111111111111111111111111111111111111110000000000000000000000000000000000111111111111111110
111111111111111111111111111111111111111111000111111111111111111111111111110000000000000000000000000000000000000000111111111111111111111111111111111111111100000000000000000000000000000000000000000000000000111111111111111111111111111111000000111000000000000000000000000000000000000000000000001111111110
111111111111111111111111111111111111111111001111111111111111111111111111110000000000000000000000000000000000000000111111111111111111111111111111111111111111100000000000000000000000000000000000000000000000111111111111111111111111111111000000111000000000000000000000000000000000000000000000001111111110
111111111111111111111111111111111111111111001111111111111111111111111111110000000000000000000000000000000000000011111111111111111111111111111111111111111111110000000000000000000000000000000000000000000001111111111111111111111111111111000000000000000000000000000000000000000000000000000000001111111110
111111111111111111111111111111111111111111001111111111111111111111111111110000000000000000000000000000000000000111111111111111111111111111111111111111111111111000000000000000000000000000000000000000011001111111111111111111111111111111000000000000000000000000000000000000000000011000000000001111111110
111111111111111111111111111111111111111111000111001111111111111111111111110000000000000000000000000000000000001111111111111111111111111111111111111111111111111100000000000000000000000000000000000000011000111111111111111111111111111111000000000000000000000000000000000000000000011100000000001111111110
111111111111111111111111111111111111111111000000001111111111111111111111110000000000000000000000000000000000011111111111111111111111111111111111111111111111111100000000000000000000000000000000000000000000111111111111111111111111111111000000000000000000000000000000000000000000011100000000001111111110
111111111111111111111111111111111111111111000000001111111111111111111111110000000000000000000000000000000000011111111111111111111111111111111111111111111111111100000000000000000000000000000000000000000000111111111111111111111111111111000000000000000000000000000000000000000000001000000000001111111110
111111111111111111111111111111111111111111000000001111111111111111111111110000000000000000000000000000000000011111111111111111111111111111111111111111111111111100000000000000000000000000000000000000000000111111111111111111111111111111000000000000000111111111111001111111111110000000000000001111111110
111111111111111111111111111111111111111111000000001111111111111111111111110000000011111111111111111111111111111111111111111111111110000000111111111111111111111100000000001111111111111111111111111111111111111111111111111111111111111111000000000000000111111111000000001111111110000000000000001111111110
111111111111111111111111111111111111111111000000001111111111111111111111110000000011111111111111111111111111111111111111111111111110000000111111111111111111111100000000001111111111111111111111111111111111111111111111111111111111111111000000000000000111111111000000001111111110000000000000001111111110
111111111111111111111111111111111111111111000000001111111111111111111111110000000011111111111111111111111111111111111111111100000000000000111111111111111111111100000000001111111111111111111111111111111111111111111111111111111111111111000000000111000111111111000000001111111110000000000000001111111110
111111111111111111111111111111111111111111000000001111111111111111111111110000000011111111111111111111111111111111111111111100000000000000111111111111111111111100000111101111111111111111111111111111111111111111111111111111111111111111000000000111000111111111000000001111111110000000000000001111111110
111111111111111111111111111111111111111111000000001111111111111111111111110000000011111111111111111111111111111111111111110000000000000000111111111111111111111100000111101111111111111111111111111111111111111111111111111111111111111111000000000111000111111111000000001111111110000000000000001111111110
111111111111111111111111111111111111111111000000001111111111111111111111110000000011111111111111111111111111111111111111110000000000000000111111111111111111111100000111101111111111111111111111111111111111111111111111111111111111111111000000000111000111111111000000001111111110000000000000001111111110
111111111111111111111111111111111111111111000000001111111111111111111111110000000011111111111111111111111111111111111111110000000000000000111111111111111111111100000111101111111111111111111111111111111111111111111111111111111111111111000000000111000111111111000000001111111110000000000000001111111110
111111111111111111111111111111111111111111000000001111111111111111111111110000000011111111111111111111111111111111111111110000000000000000111111111111111111111100000111101111111111111111111111111111111111111111111111111111111111111111111100000111000111111111111001111111111110000000000000001111111110
111111111111111111111111111111111111111111000000001111111111111111111111110000000011111111111111111111111111111111111111110000000000000000110000111111111111111100000111101111111111111111111111111111111111111111111111111111111111111111111100000111000111111111111001111111111110000000000000001111111110
111111111111111111111111111111111111111111000000001111111111111111111111110000000011111111111111111111111111111111111111110000000000000000110000111111111111111100000000001111111111111111111111111111111111111111111111111111111111111111111100000111000111111111111001111111111110000000000000001111111110
111111111111111111111111111111111111111111000000001111111111111111111111110000000011111111111111111111111111111111111111110000000000000000000000001111111111111100000000001111111111111111111111111111111111111111111111111111111111111111111110000111000111111111111001111111111110000000000000001111111110
111111111111111111111111111111111111111111000000001111111111111111111111110000000011111111111111111111111111111111111111110000000000000000000000001111111111111100000000001111111111111111111111111111111111111111111111111111111111111111111110000111000111111111111111111111111110000000000000001111111110
111111111111111111111111111111111111111111000000001111111111111111111111110000000011111111111111111111111111111111111111110000000000000000000111101111111111111100000000001111111111111111111111111111111111111111111111111111111111111111111110000000000111111111111111111111111110000000000000001111111110
111111111111111111111111111111111111111111000000001111111111111111111111110000000011111111111111111111111111111111111111110000000000000000000111101111111111111100000000001111111111111111111111111111111111111111111111111111111111111111111110000000000111111111111111111111111110000000000000001111111110
111111111111111111111111111111111111111111000000001111111111111111111111110000000011111111111111111111111111111111111111110000000000000000000111101111111111111100000000001111111111111111111111111111111111111111111111111111111111111111111110000000000111111111111111111111111110000000000000001111111110
111111111111111111111111111111111111111111000000001111111111111111111111110000000011111111111111111111111111111111111111110000000000000000000000001111111111111100000000001111111111111111111111111111111111111111111111111111111111111111111110000000000111111111111111111111111110000000000000001111111110
111111111111111111111111111111111111111111000000000000000000000000000000000000000011111111111111111110000110000001100000000000000000000000000000001111111111111100000000000000000010000001101111111111111111111111111111111111111111111111111110000000000111111111111111111111111110000000000000001111111110
111111111111111111111111111111111111111111000000000000000000000000000000000000000011111111111111111110000000000000000000000000000000000000000000001111111111111100000000000000000000000000001111111111111111111111111111111111111111111111111110000000000111111111111111111111111110000000000000001111111110
111111111111111111111111111111111111111111000000000000000000000000000000000000000011111111111111111110000000000000000000000000000000000000000000001111111111111100000000000000000000000000001111111111111111111111111111111111111111111111000000000000000111111111111111111111111110000000000000001111111110
111111111111111111111111111111111111111111000000000000000000000000000000000000000011111111111111111111110000000000000000000000000000000000000001111111111111111100000000000000000000000000001111111111111111111111111111111111111111111111000000000000000111111111111111111111111110000000000000001111111110
111111111111111111111111111111111111111111000000000000000000000000000000000000000011111111111111111111110000000000000000000000000000000000000001111111111111111100000000000000000000000000001111111111111111111111111111111111111111111111000000000000000111111111111111111111111110000000000000001111111110
111111111111111111111111111111111111111111000000000000000000000000000000000000000011111111111111111111110000000000000000000000000000000000000001111111111111111100000000000000000000000000001111111111111111111111111111111111111111111111000000000000000111111111111111111111111110000000000000001111111110
111111111111111111111111111111111111111111000000000000000000000000000000000000000011111111111111111111110000000000000000000000000000000000000000001111111111111100000000000000000000000000001111111111111111111111111111111111111111111111000000000000000111111111111111111111111110000000000000001111111110
111111111111111111111111111111111111111111000000000000000000000000000000000000000011111111111111111111110110000001100000000000000000000000000000001111111111111100000000000000000010000001101111111111111111111111111111111111111111111111000000000000000111111111111111111111111110000000000000001111111110
111111111111111111111111111111111111111111111111111111111110000001111111111111111111111111111111111111111111111111111111110000000011111111111111111111111111111100000000000000000011111111111111111111111111111111111111111111111111111111111111110000000111111111111111111111111110000000111111111111111110
111111111111111111111111111111111111111111111111111111111100000000111111111111111111111111111111111111111111111111111111110000000011111111111111111111111111111100000000000000000011111111111111111111111111111111111111111111111111111111111111110000000000000000000000000000000000000000111111111111111110
111111111111111111111111111111111111111111111111111111111100000000111111111111111111111111111111111111111111111111111111110000000011111111111111111111111111111100000000000000000011111111111111111111111111111111111111111111111111111111111111110000000000000000000000000000000000000000111111111111111110
111111111111111111111111111111111111111111111111111111111100000000111111111111111111111111111111111111111111111111111111110000000011111111111111111111111111111100000000000000000011111111111111111111111111111111111111111111111111111111111111110000000000000000000000000000000000000000111111111111111110
111111111111111111111111111111111111111111111111111111111100000000111111111111111111111111111111111111111111111111111111110000000011111111111111111111111111111100000000000000000011111111111111111111111111111111111111111111111111111111111111110000000000000000000000000000000000000000111111111111111110
111111111111111111111111111111111111111111111111111111111100000000111111111111111111111111111111111111111111111111111111110000000011111111111111111111111111111100000000000000000011111111111111111111111111111111111111111111111111111111111111110000000000000000000000000000000000000000111111111111111110
111111111111111111111111111111111111111111111111111111111100000000111111111111111111111111111111111111111111111111111111110000000011111111111111111111111111111100000000000000000011111111111111111111111111111111111111111111111111111111111111110000000000000000000000000000000000000000111111111111111110
111111111111111111111111111111111111111111111111111111111110000001111111111111111111111111111111111111111111111111111111110000000011111111111111111111111111111100000000000000000011111111111111111111111111111111111111111111111111111111111111110000000000000000000000000000000000000000111111111111111110
111111111111111111111111111111111111111111111111111111111110000001111111111111111111111111111111111111111111111111111111110000000011111111111111111111111111111100000000000000000011111111111111111111111111111111111111111111111111111111111111111111111100000000000000000000000011111111111111111111111110
111111111111111111111111111111111111111111111111111111111100000000111111111111111111111111111111111111111111111111111111110000000000111111111111111111111111111100000000000000000011111111111111111111111111111111111111111111111111111111111111111111111100000000000000000000000011111111111111111111111110
111111111111111111111111111111111111111111111111111111111100000000111111111111111111111111111111111111111111111111111111110000000000111111111111111111111111111100000000000000000011111111111111111111111111111111111111111111111111111111111111111111111100000000000000000000000011111111111111111111111110
111111111111111111111111111111111111111111111111111111111100000000111111111111111111111111111111111111111111111111111111110000000000001111111111111111111111111100000000000000000011111111111111111111111111111111111111111111111111111111111111111111111100000000000000000000000011111111111111111111111110
111111111111111111111111111111111111111111111111111111111100000000111111111111111111111111111111111111111111111111111111110000000000001111111111111111111111111100000000000000000011111111111111111111111111111111111111111111111111111111111111111111111100000000000000000000000011111111111111111111111110
111111111111111111111111111111111111111111111111111111111100000000111111111111111111111111111111111111111111111111111111110000000000000001111111111111111111111100000000000000111111111111111111111111111111111111111111111111111111111111111111111111111100000000000000000000000011111111111111111111111110
111111111111111111111111111111111111111111111111111111111100000000111111111111111111111111111111111111111111111111111111110000000000000000111111111111111111111100000000000000111111111111111111111111111111111111111111111111111111111111111111111111111100000000000000000000000011111111111111111111111110
111111111111111111111111111111111111111111111111111111111110000001111111111111111111111111111111111111111111111111111111110000000000000000111111111111111111111100000000000000111111111111111111111111111111111111111111111111111111111111111111111111111100000000000000000000000011111111111111111111111110
111111111111111111111111111111111111111111111111111111111110000001111111111111111111111111111111111111111111111111111111111111111100000000000000000000000000000000000000000000111111111111111111111111111111111111111111111111111111111111111111111111111111111111100000011111111111111111111111111111111110
111111111111111111111111111111111111111111111111111111111100000000111111111111111111111111111111111111111111111111111111111111111100000000000000000000000000000000000000000000111111111111111111111111111111111111111111111111111111111111111111111111111111111111000000001111111111111111111111111111111110
111111111111111111111111111111111111111111111111111111111100000000111111111111111111111111111111111111111111111111111111111111111100000000000000000000000000000000000000000000111111111111111111111111111111111111111111111111111111111111111111111111111111111111000000001111111111111111111111111111111110
111111111111111111111111111111111111111111111111111111111100000000111111111111111111111111111111111111111111111111111111111111111100000000000000000000000000000000000000000000111111111111111111111111111111111111111111111111111111111111111111111111111111111111000000001111111111111111111111111111111110
111111111111111111111111111111111111111111111111111111111100000000111111111111111111111111111111111111111111111111111111111111111100000000000000000000000000000000000000000000111111111111111111111111111111111111111111111111111111111111111111111111111111111111000000001111111111111111111111111111111110
111111111111111111111111111111111111111111111111111111111100000000111111111111111111111111111111111111111111111111111111111111111100000000000000000000000000000000000000000000111111111111111111111111111111111111111111111111111111111111111111111111111111111111000000001111111111111111111111111111111110
111111111111111111111111111111111111111111111111111111111100000000111111111111111111111111111111111111111111111111111111111111111100000000000000000000000000000000000000000000111111111111111111111111111111111111111111111111111111111111111111111111111111111111000000001111111111111111111111111111111110
111111111111111111111111111111111111111111111111111111111110000001111111111111111111111111111111111111111111111111111111111111111100000000000000000000000000000000000000000000111111111111111111111111111111111111111111111111111111111111111111111111111111111111100000011111111111111111111111111111111110
111111111111111111111111111111111111111111111111111111111100000000100000000000000011111111111111111111111111111111111111110000000000000000000000000000000000000000000000001111111111111111111111111111111111111111100000011111111111111111111111111111111111111111100000011111111111111111111111111111111110
111111111111111111111111111111111111111111111111111111111100000000000000000000000011111111111111111111111111111111111111110000000000000000000000000000000000000000000000001111111111111111111111111111111111111111100000011111111111111111111111111111111111111111000000001111111111111111111111111111111110
111111111111111111111111111111111111111111111111111111111100000000000000000000000011111111111111111111111111111111111111110000000000000000000000000000000000000000000000001111111111111111111111111111111111111111100000011111111111111111111111111111111111111111000000001111111111111111111111111111111110
111111111111111111111111111111111111111111111111111111111100000000000000000000000011111111111111111111111111111111111111110000000000000000000000000000000000000000000000001111111111111111111111111111111111111111100000000111111111111111111111111111111111111111000000001111111111111111111111111111111110
111111111111111111111111111111111111111111111111111111111100000000000000000000000011111111111111111111111111111111111111110000000000000000000000000000000000000000000000001111111111111111111111111111111100111111100000000001111111111111111111111111111111111111000000001111111111111111111111111111111110
111111111111111111111111111111111111111111111111111111111100000000000000000000000011111111111111111111111111111111111111110000000000000000000000000000000000000000000000001111111111111111111111111111111100001111100000000000111111111111111111111111111111111111000000001111111111111111111111111111111110
111111111111111111111111111111111111111111111111111111111100000000000000000000000011111111111111111111111111111111111111110000000000000000000000000000000000000000000000001111111111111111111111111111111100000111111000000000000011111111111111111111111111111111000000001111111111111111111111111111111110
111111111111111111111111111111111111111111111111111111111100000000100000000000000011111111111111111111111111111111111111110000000000000000000000000000000000000000000000001111111111111111111111111111111100000001111100000000000011111111111111111111111111111111100000011111111111111111111111111111111110
111111111111111111111111111111111111111111111111111111111111111111111111110000000011111111111111111111111111111111000011100000000000000000000000000000000000000000000000001111111111111111111111111111111100000000011000000000000000000000111111111111111111111111100000011111111111111111111111111111111110
111111111111111111111111111111111111111111111111111111111111111111111111110000000011111111111111111111111111111111000011100000000000000000000000000000000000000000000000001111111111111111111111111111111100000000000000000000000000000000111111111111111111111111000000001111111111111111111111111111111110
111111111111111111111111111111111111111111111111111111111111111111111111110000000011111111111111111111111111111111000000000000000000000000000000000000000000000000000000001111111111111111111111111111111100000000000000000000000000000000111111111111111111111111000000001111111111111111111111111111111110
111111111111111111111111111111111111111111111111111111111111111111111111110000000011111111111111111111111111111111000000000000000000000000000000000000000000000000000000001111111111111111111111111111111100000000000000000000000000000000111111111111111111111111000000001111111111111111111111111111111110
111111111111111111111111111111111111111111111111111111111111111111111111110000000011111111111111111111111111111111000000000000000001100000000000000000000000000000000000001111111111111111111111111111111100000000000000000000000000000000111111111111111111111111000000001111111111111111111111111111111110
111111111111111111111111111111111111111111111111111111111111111111111111110000000011111111111111111111111111111111000000000000000011111111000000000000000000000000000000001111111111111111111111111111111100000000000000000000000000000000111111111111111111111111000000001111111111111111111111111111111110
111111111111111111111111111111111111111111111111111111111111111111111111110000000011111111111111111111111111111111000000000000000011111111000000000000000000000000000001111111111111111111111111111111111100000000000000000000000000000000111111111111111111111111000000001111111111111111111111111111111110
111111111111111111111111111111111111111111111111111111111111111111111111110000000011111111111111111111111111111111000000000011110011111111000000000000000000000000000001111111111111111111111111111111111100000000000000000000000000000000111111111111111111111111100000011111111111111111111111111111111110
111111111111111111111111111111111111111111111111111111111111111111111111110000000011111111111111111111111111111111000000000011110011111111000000000000000000000000000001111111111111111111111111111111111100000000000111111110000000000000111111111111111111111111000000001111111111111111111111111111111110
111111111111111111111111111111111111111111111111111111111111111111111111110000000011111111111111111111111111111111000000000011110011111111111111111100000000000000000001111111111111111111111111111111111100000000000111111111000000000000111111111111111111111111000000001111111111111111111111111111111110
111111111111111111111111111111111111111111111111111111111111111111111111110000000011111111111111111111111111111111000000000011110011111111111111111110000000000000000000001111111111111111111111111111111100000000011111111111110000000000111111111111111111111111000000001111111111111111111111111111111110
111111111111111111111111111111111111111111111111111111111111111111111111110000000011111111111111111111111111111111000000000011110011111111111111111111000000000000000000001111111111111111111111111111111100000000011111111111111000000000111111111111111111111111000000001111111111111111111111111111111110
111111111111111111111111111111111111111111111111111111111111111111111111110000000011111111111111111111111111111111000000000011110000001111111111111111000000000000000000001111111111111111111111111111111100000000011111111111111000000000111111111111111111111111000000001111111111111111111111111111111110
111111111111111111111111111111111111111111111111111111111111111111111111110000000011111111111111111111111111111111000000000000000000011111111111111111100000000000000000001111111111111111111111111111111000000000011111111111111100000000111111111111111111111111000000000111111111111111111111111111111110
111111111111111111111111111111111111111111111111111111111111111111111111110000000011111111111111111111111111111111000000000000000000111111111111111111110000000000000000001111111111111111111111111111110000000000011111111111111100000000111111111111111111111111000000000111111111111111111111111111111110
111111111111111111111111111111111111111111111111111111111111111111111111110000000011111111111111111111111111111111000000000000000000111111111111111111110000000000000000001111111111111111111111111111100000000000011111111111111100000000111111111111111111111111000000000011111111111111111111111111111110
111111111111111111111111111111111111111111111111111111111111111111111111110000000011111111111111111111111111111111000000000000000000111111111111111111110000000100000000001000000100000000000000000000000000000000011111111111111100000000111111111111111111111111000000000011111111111111111111111111111110
111111111111111111111111111111111111111111111111111111111111111111111111110000000011111111111111111111111111111111000000000000000001111111111111111111110000001111000000000000000000000000000000000000000000000000011111111111111100000000111111111111111111111111000000000001111111111111111111111111111110
111111111111111111111111111111111111111111111111111111111111111111111111110000000011111111111111111111111111111111000000000000000011111111111111111111110000001111000000000000000000000000000000000000000000000000011111111111111100000000111111111111111111111111000000000000001111111111111111111111111110
111111111111111111111111111111111111111111111111111111111111111111111111110000000011111111111111111111111111111111000000000000000011111111111111111111110000000010000000000000000000000000000000000000000000000000011111111111111100000000111111111111111111111111000000000000001111111111111111111111111110
111111111111111111111111111111111111111111111111111111111111111111111111110000000011111111111111111111111111111111000000000000000011111111111111111111110000000000000000000000000000000000000000000000000000000000111111111111111100000000111111111111111111111111000000000000001111111111111111111111111110
111111111111111111111111111111111111111111111111111111111111111111111111110000111011111111111111111111111111111111000000000000000011111111111111111111110000000000000000000000000000000000000000000000000000000000111111111111111100000000111111111111111111111111000000000000001111111111111111111111111110
111111111111111111111111111111111111111111111111111111111111111111111111110000111111111111111111111111111111111111000000000000000001111111111111111111110000000000000000000000000000000000000000000000000000000000111111111111111100000000111111111111111111111111000000000000001111111111111111111111111110
111111111111111111111111111111111111111111111111111111111111111111111111110001111111111111111111111111111111111111000000000000000000111111111111111111110000000000000000001000000100000000000000000000000000000000111111111111111100000000111111111111111111111111000000000000011111111111111111111111111110
111111111111111111111111111111111100000000100000011000000110000001100000010001111000000000000000001111111111111111000000000000000000111111111111111111110000000000111111111111111111111111111111111111111111111111111111111111111100000000111111111111111100000000000000000000011111111111111111111111111110
111111111111111111111111111111111100000000000000000000000000000000000000000001111000000000000000001111111111111111000000000000000000011111111111111111110000000000111111111111111111111111111111111111111111111111111111111111111100001100111111111111111100000000000000000000011111111111111111111111111110
111111111111111111111111111111111100000000000000000000000000000000000000000000111000000000000000001111111111111111000000000000000000011111111111111111100000000000111111111111111111111111111111111111111111111111111111111111111100001100111111111111111100000000000000000001111111111111111111111111111110
111111111111111111111111111111111100000000000000000000000000000000000000000000000000000000000000001111111111111111000000000000000000011111111111111111000000000000111111111111111111111111111111111111111111111111111111111111111100001100111111111111111100000000000000000011111111111111111111111111111110
111111111111111111111111111111111100000000000000000000000000000000000000000000000000000000000000001111111111111111000000000000000000001111111111111111000000000000111111111111111111111111111111111111111111111111111111111111111100000000111111111111111100000000000000000111111111111111111111111111111110
111111111111111111111111111111111100000000000000000000000000000000000000000000000000000000000000001111111111111111000000000000000000000111111111111111000000000000111111111111111111111111111111111111111111111111111111111111111100000000111111111111111100000000000000000111111111111111111111111111111110
111111111111111111111111111111111100000000000000000000000000000000000000000000000000000000000000001111111111111111000000000000000000000011111111111100000000000000111111111111111111111111111111111111111111111111111111111111111100000000111111111111111100000000000000000111111111111111111111111111111110
111111111111111111111111111111111100000000100000011000000110000001100000010000000000000000000000001111111111111111000000000000000000000000000000000000000000000000111111111111111111111111111111111111111111111111111111111111111100000000111111111111111100000000000000000111111111111111111111111111111110
111111111111111111111111111111111110000001111111111111111111111111111111111111111111111111000000001111111111111111000000000000000000000000000000000000000000000000111111111111111111111111111111111111111111111111111111111111111100000000111111111111111110000001111111111111111111111111111111111111111110
111111111111111111111111111111111100000000111111111111111111111111111111111111111111111111000000001111111111111111000000000000000000000000000000000000000000000000111111111111111111111111111111111111111111111111111111111111111100000000111111111111111100000000111111111111111111111111111111111111111110
111111111111111111111111111111111100000000111111111111111111111111111111111111111111111111000000001111111111111111000000000000000000000000000000000000000000000000111111111111111111111111111111111111111111111111111111111111111100000000111111111111111100000000111111111111111111111111111111111111111110
111111111111111111111111111111111100000000111111111111111111111111111111111111111111111111000000001111111111111111011000000000000000000000000000000000000000000000111111111111111111111111111111111111111111111111111111111111111100000000111111111111111100000000111111111111111111111111111111111111111110
111111111111111111111111111111111100000000111111111111111111111111111111111111111111111111000000001111111111111111111000000000000000000000000000000000000000000000111111111111111111111111111111111111111111111111111111111111111100000000111111111111111100000000111111111111111111111111111111111111111110
111111111111111111111111111111111100000000111111111111111111111111111111111111111111111111000000001111111111111111111110000000000000000000000000000000000000000000111111111111111111111111111111111111111111111111111111111111111100000000111111111111111100000000111111111111111111111111111111111111111110
111111111111111111111111111111111100000000111111111111111111111111111111111111111111111111000000001111111111111111111111000000000000000000000000000000000000000000111111111111111111111111111111111111111111111111111111111111111100000000111111111111111100000000111111111111111111111111111111111111111110
111111111111111111111111111111111110000001111111111111111111111111111111111111111111111111000000001111111111111111111111000000000000000000000000000000000000000000111111111111111111111111111111111111111111111111111111111111111100000000111111111111111110000001111111111111111111111111111111111111111110
111111111111111111000110001000000100000000111111111111111111111111111111111111111111111111000000111111111111111111111111110000000000000000000000000000000000000000111111111111111111111111111111111111111111111111000000000000000000000000111111111111111110000001111111111111111111111111111111111111111110
111111111111111111000110000000000000000000111111111111111111111111111111111111111111111111000000111111111111111111111111110000000000000000000000000000000000000000111111111111111111111111111111111111111111111111000000000000000000000000111111111111111100000000111111111111111111111111111111111111111110
111111111111111111000110000000000000000000111111111111111111111111111111111111111111111111000000111111111111111111111111110000000000000000000000000000000000000000111111111111111111111111111111111111111111111111000000000000000000000000111111111111111100000000111111111111111111111111111111111111111110
111111111111111111000110000000000000000000111111111111111111111111111111111111111111111111000000111111111111111111111111110000000000000000000000000000000000011111111111111111111111111111111111111111111111111111000000000000000000000000111111111111111100000000111111111111111111111111111111111111111110
111111111111111111000110000001110000000000111111111111111111111111111111111111111111111111000000111111111111111111111111110000000000000000000000000000000000011111111111111111111111111111111111111111111111111111000000000000000000000000111111111111111100000000111111111111111111111111111111111111111110
111111111111111111000000000001110000000000111111111111111111111111111111111111111111111111000000111111111111111111111111110000000000000000000000000000000000011111111111111111111111111111111111111111111111111111000000000000000000000000111111111111111100000000111111111111111111111111111111111111111110
111111111111111111000000000000000000000000111111111111111111111111111111111111111111111111000000111111111111111111111111110000000011110000000000000000000000011111111111111111111111111111111111111111111111111111000000000000000000000011111111111111111100000000111111111111111111111111111111111111111110
111111111111111111000000001000000100000000111111111111111111111111111111111111111111111111000000111111111111111111111111110000000011110000000000000000000000011111111111111111111111111111111111111111111111111111000000000000000000111111111111111111111100000000111111111111111111111111111111111111111110
111111111111111111100000011111111111111111111111111111111111111111111111111111111111111111000000111111111111111111111111111111111111110000000000000000000011111111111111111111111100000000100000001111111111111111000000000111111111111111111111111111111110000001111111111111111111111111111111111111111110
111111111111111111000000001111111111111111111111111111111111111111111111111111111111111111000000111111111111111111111111111111111111110000000000000000000011111111111111111111111100000000000000001111111111111111000000001111111111111111111111111111111100000000111111111111111111111111111111111111111110
111111111111111111000000001111111111111111111111111111111111111111111111111111111111111111000000111111111111111111111111111111111111110000000000000000000011111111111111111111111100000000000000001111111111111111000000001111111111111111111111111111111100000000111111111111111111111111111111111111111110
111111111111111111000000001111111111111111111111111111111111111111111111111111111111111111000000111111111111111111111111111111111111110000000000000000000011111111111111111111111100000000000000001111111111111111000000001111111111111111111111111111111100000000111111111111111111111111111111111111111110
111111111111111111000000001111111111111111111111111111111111111111111111111111111111111111000000111111111111111111111111111111111111110000000000000000000011111111111111111111111100000000000000001111111111111111000000001111111111111111111111111111111100000000111111111111111111111111111111111111111110
111111111111111111000000001111111111111111111111111111111111111111111111111111111111111111000000111111111111111111111111111111111111110000000000000000000011111111111111111111111100000000000000001111111111111111000000001111111111111111111111111111111100000000111111111111111111111111111111111111111110
111111111111111111000000001111111111111111111111111111111111111111111111111111111111111111000000111111111111111111111111111111111111110000000000000000000011111111111111111111111100000000000000001111111111111111000000001111111111111111111111111111111100000000111111111111111111111111111111111111111110
111111111111111111100000011111111111111111111111111111111111111111111111111111111111111111000000111111111111111111111111111111111111110000000000000000000011111111111111111111111100000000100000001111111111111111000000001111111111111111111111111111111110000001111111111111111111111111111111111111111110
111111111111111111100000011111111111111111111111111111111111111111111111111111111111111111000000111111111111111111111111111111111111110000000000001111111111111111111111111111111110000001111111111111111111111111000000001111111111111111111111111111111110000001111111111111111111111111111111111111111110
111111111111111111000000001111111111111111111111111111111111111111111111111111111111111111000111111111111111111111111111111111111111110000000000001111111111111111111111111111111100000000111111111111111111111111000000001111111111111111111111111111111100000000111111111111111111111111111111111111111110
111111111111111111000000001111111111111111111111111111111111111111111111111111111111111111000111111111111111111111111111111111111111110000000000001111111111111111111111111111111100000000111111111111111111111111000000001111111111111111111111111111111100000000111111111111111111111111111111111111111110
111111111111111111000000001111111111111111111111111111111111111111111111111111111111111111000111111111111111111111111111111111111111110000000000001111111111111111111111111111111100000000111111111111111111111111000000001111111111111111111111111111111100000000111111111111111111111111111111111111111110
111111111111111111000000001111111111111111111111111111111111111111111111111111111111111110000111111111111111111111111111111111111111110000000000001111111111111111111111111111111100000000111111111111111111111111000000001111111111111111111111111111111100000000111111111111111111111111111111111111111110
111111111111111111000000001111111111111111111111111111111111111111111111111111111111111100001111111111111111111111111111111111111111110000000000001111111111111111111111111111111100000000111111111111111111111111000000000111111111111111111111111111111100000000111111111111111111111111111111111111111110
111111111111111111000000001111111111111111111111111111111111111111111111111111111111111000001111111111111111111111111111111111111111110000000000001111111111111111111111111111111100000000111111111111111111111111000000000111111111111111111111111111111100000000111111111111111111111111111111111111111110
111111111111111111100000011111111111111111111111111111111111111111111111111110000000000000001111111111111111111111111111111111111111110000000000001111111111111111111111111111111110000001111111111111111111111111001110000011111111111111111111111111111110000001111111111111111111111111111111111111111110
111111111111111111100000011111111111111111111111111111111111111111111111111110000000000000001111111111111111111111000000001000000100000000000000001111111111111111111111111111111110000001111111111111111111111111001110000001111111111111111111111111111100000000000000000000000011111111111111111111111110
111111111111111111000000001111111111111111111111111111111111111111111111111110000000000001111111111111111111111111000000000000000000000000000000001111111111111111111111111111111100000000111111111111111111111111001110000001111111111111111111111111111100000000000000000000000011111111111111111111111110
111111111111111111000000001111111111111111111111111111111111111111111111111110000000000011111111111111111111111111000000000000000000000000000000001111111111111111111111111111111100000000111111111111111111111111001110000001111111111111111111111111111100000000000000000000000011111111111111111111111110
111111111111111111000000001111111111111111111111111111111111111111111111111110000000000111111111111111111111111111000000000000000000001110000000001111111111111111111111111111111100000000111111111111111111111111001110000001111111111111111111111111111100000000000000000000000011111111111111111111111110
111111111111111111000000001111111111111111111111111111111111111111111111111110000000000111111111111111111111111111000000000000000000001110000000001111111111111111111111111111111100000000111111111111111111111111000000000000011111111111111111111111111100000000000000000000000011111111111111111111111110
111111111111111111000000001111111111111111111111111111111111111111111111111110000000000111111111111111111111111111000000000000000000000000000000001111111111111111111111111111111100000000111111111111111111111111000000000000011111111111111111111111111100000000000000000000000011111111111111111111111110
111111111111111111000000001111111111111111111111111111111111111111111111111110000000000111111111111111111111111111000000000000000000000000000000001111111111111111111111111111111100000000111111111111111111111111000000000000011111111111111111111111111100000000000000000000000011111111111111111111111110
111111111111111111100000011111111111111111111111111111111111111111111111111110000000000111111111111111111111111111000000001000000100000000000000001111111111111111111111111111111110000001111111111111111111111111000000000000000001111111111111111111111100000000000000000000000011111111111111111111111110
111111111100000001000000001000000011111111111111111111111111111111111111111111111111111111111111111111111111111111100000011111111111111111111111111111111111111111111111111111111100000000100000000000000000000000000000000000000001111111111111111111111100000000000000000000000000000000111111111111111110
111111111100000000000000000000000011111111111111111111111111111111111111111111111111111111111111111111111111111111000000001111111111111111111111111111111111111111111111111111111100000000000000000000000000000000000000000000000001111111111111111111111100000000000000000000000000000000111111111111111110
111111111100000000000000000000000011111111111111111111111111111111111111111111111111111111111111111111111111111111000000001111111111111111111111111111111111111111111111111111111100000000000000000000000000000000000000000000000001111111111111111111111100000000000000000000000000000000111111111111111110
111111111100000000000000000000000011111111111111111111111111111111111111111111111111111111111111111111111111111111000000001111111111111111111111111111111111111111111111111111111100000000000000000000000000000000000000000000000001111111111111111111111100000000000000000000000000000000111111111111111110
111111111100000000000000000000000011111111111111111111111111111111111111111111111111111111111111111111111111111111000000001111111111111111111111111111111111111111111111111111111100000000000000000000000000000000000000000000000001111111111111111111111100000000000000000000000000000000111111111111111110
111111111100000000000000000000000011111111111111111111111111111111111111111111111111111111111111111111111111111111000000001111111111111111111111111111111111111111111111111111111100000000000000000000000000000000000000000000000001111111111111111111111100000000000000000000000000000000111111111111111110
111111111100000000000000000000000011111111111111111111111111111111111111111111111111111111111111111111111111111111000000001111111111111111111111111111111111111111111111111111111100000000000000000000000000000000000000000000000001111111111111111111111100000000000000000000000000000000111111111111111110
111111111100000001000000001000000011111111111111111111111111111111111111111111111111111111111111111111111111111111100000011111111111111111111111111111111111111111111111111111111100000000100000000000000000000000000000000000000001111111111111111111111100000000000000000000000000000000111111111111111110
111111111111111111100000011111111111111111111111111111111111111111111111111111111111111111111111111111111111111111100000011111111111111111111111111111111111111111111111111111111110000001111111111111111100000000000000000000000001111111111111111111111111111111111111111000000000000000000000001111111110
111111111111111111000000001111111111111111111111111111111111111111111111111111111111111111111111111111111111111111000000001111111111111111111111111111111111111111111111111111111100000000111111111111111100000000000000000000011111111111111111111111111111111111111111111111100000000000000000001111111110
111111111111111111000000001111111111111111111111111111111111111111111111111111111111111111111111111111111111111111000000001111111111111111111111111111111111111111111111111111111100000000111111111111111100000000000000000001111111111111111111111111111111111111111111111111100000000000000000001111111110
111111111111111111000000001111111111111111111111111111111111111111111111111111111111111111111111111111111111111111000000001111111111111111111111111111111111111111111111111111111100000000111111111111111100000000000000000111111111111111111111111111111111111111111111111111110000000000000000001111111110
111111111111111111000000001111111111111111111111111111111111111111111111111111111111111111111111111111111111111111000000001111111111111111111111111111111111111111111111111111111100000000111111111111111100000000000000000111111111111111111111111111111111111111111111111111110000000000000000001111111110
111111111111111111000000001111111111111111111111111111111111111111111111111111111111111111111111111111111111111111000000001111111111111111111111111111111111111111111111111111111100000000111111111111111100000000000000000111111111111111111111111111111111111111111111111111110000000000000000001111111110
111111111111111111000000001111111111111111111111111111111111111111111111111111111111111111111111111111111111111111000000001111111111111111111111111111111111111111111111111111111100000000111111111111111100000000000000000011111111111111111111111111111111111111111111111111111000000000000000001111111110
111111111111111111100000011111111111111111111111111111111111111111111111111111111111111111111111111111111111111111100000011111111111111111111111111111111111111111111111111111111100000000111111111111111100000000000000000011111111111111111111111111111111111111111111111111111000000000000000001111111110
111111111100000001000000001000000110000001100000011000000110000001100000011000000110000001100000010000000010000001000000001111111111111111000000001000000110000000100000000000000000000000111111111111111111111111111111111111111111111111111111111111111111111111111111111111111000000000000000001111111110
111111111100000000000000000000000000000000000000000000000000000000000000000000000000000000000000000000000000000000000000001111111111111111000000000000000000000000000000000000000000000000111111111111111111111111111111111111111111111111111111111111111111111111111111111111111000000000000000001111111110
111111111100000000000000000000000000000000000000000000000000000000000000000000000000000000000000000000000000000000000000001111111111111111000000000000000000000000000000000000000000000000111111111111111111111111111111111111111111111111111111111111111111111111111111111111111000000000000000001111111110
111111111100000000000000000000000000000000000000000000000000000000000000000000000000000000000001111000000000000000000000001111111111111111000000000000000000000000000000000000000000000000111111111111111111111111111111111111111111111111111111111111111111111111111111111111111000000000000000001111111110
111111111100000000000000000000000000000000000000000000000000000000000000000000000000000000000001111000000000000000000000001111111111111111000000000000000000000000000000000000000000000000111111111111111111111111111111111111111111111111111111111111111111111111111111111111111000000000000000001111111110
111111111100000000000000000000000000000000000000000000000000000000000000000000000000000000000000000000000000000000000000001111111111111111000000000000000000000000000000000000000000000000111111111111111111111111111111111111111111111111111111111111111111111111111111111111111000000000000000001111111110
111111111100000000000000000000000000000000000000000000000000000000000000000000000000000000000000000000000000000000000000001111111111111111000000000000000000000000000000000000000000000000111111111111111111111111111111111111111111111111111111111111111111111111111111111111111000000000000000001111111110
111111111100000001000000001000000110000001100000011000000110000001100000011000000110000001100000010000000010000001000000001111111111111111000000001000000110000001100000000000000000000000111111111111111111111111111111111111111111111111111111111111111111111111111111111111111000000000000000001111111110
111111111111111111100000011111111111111111111111111111111111111111111111111111111111111111111111111000000111111111100000011111111111111111100000011111111111111111000000001111111111111111111111111111111111111111111111111111111111111111111111111111111111111111111111111111111000000000000000001111111110
111111111111111111000000001111111111111111111111111111111111111111111111111111111111111111111111110000000011111111000000001111111111111111000000001111111111111111000000001111111111111111111111111111111111111111111111111111111111111111111111111111111111111111111111111111111000000000000000001111111110
111111111111111111000000001111111111111111111111111111111111111111111111111111111111111111111111110000000011111111000000001111111111111111000000001111111111111111000000001111111111111111111111111111111111111111111111111111111111111111111111111111111111111111111111111111111000000000000000001111111110
111111111111111111000000001111111111111111111111111111111111111111111111111111111111111111111111110000000011111111000000001111111111111111000000001111111111111111000000001111111111111111111111111111111111111111111111111111111111111111111111111111111111111111111111111111111000000000000000001111111110
111111111111111111000000001111111111111111111111111111111111111111111111111111111111111111111111110000000011111111000000001111111111111111000000001111111111111111000000001111111111111111111111111111111111111111111111111111111111111111111111111111111111111111111111111111100000000000000000001111111110
111111111111111111000000001111111111111111111111111111111111111111111111111111111111111111111111110000000011111111000000001111111111111111000000001111111111111111000000001111111111111111111111111111111111111111111111111111111111111111111111111111111111111111111111111111100000000000110000001111111110
111111111111111111000000001111111111111111111111111111111111111111111111111111111111111111111111110000000011111111000000001111111111111111000000001111111111111111000000001111111111111111111111111111111111111111111111111111111111111111111111111111111111111111111111111100000000000000110000001111111110
111111111111111111100000011111111111111111111111111111111111111111111111111111111111111111111111110000000011111111000000001111111111111111100000011111111111111111000000001111111111111111111111111111111111111111111111111111111111111111111111111111111111111111111111111100000000000000110000001111111110
111111111100000001000000001000000011111111111111111111111111111111111111111111111111111111111111111111111111111111111111111111111111111111100000011111111111111111000000001111111111111111111111111111111111111111111111111111111111111111111111111111111100000000000000000000000000000000000000001111111110
111111111100000000000000000000000011111111111111111111111111111111111111111111111111111111111111111111111111111111111111111111111111111111000110001111111111111111000000001111111111111111111111111111111111111111111111111111111111111111111111111111111100000000000000000000000000000000000000001111111110
111111111100000000000000000000000011111111111111111111111111111111111111111111111111111111111111111111111111111111111111111111111111111111000110001111111111111111000000001111111111111111111111111111111111111111111111111111111111111111111111111111111100000000000000000000000000000000000000001111111110
111111111100000000000000000000000011111111111111111111111111111111111111111111111111111111111111111111111111111111111111111111111111111111000110001111111111111111000000001111111111111111111111111111111111111111111111111111111111111111111111111111111100000000000000000000000000000000000000001111111110
111111111100000000000000000000000011111111111111111111111111111111111111111111111111111111111111111111111111111111111111111111111111111111000000001111111111111111000000001111111111111111111111111111111111111111111111111111111111111111111111111111111100000000000000000000000000000000000000001111111110
111111111100000000000000000000000011111111111111111111111111111111111111111111111111111111111111111111111111111111111111111111111111111111000000001111111111111111000000001111111111111111111111111111111111111111111111111111111111111111111111111111111100000000000000000000000000000000000000001111111110
111111111100000001000000000000000011111111111111111111111111111111111111111111111111111111111111111111111111111111111111111111111111111111000000001111111111111111000000001111111111111111111111111111111111111111111111111111111111111111111111111111111100000000000000000000000000000000000000001111111110
111111111100000000000000001000000011111111111111111111111111111111111111111111111111111111111111111111111111111111111111111111111111111111100000011111111111111111000000001111111111111111111111111111111111111111111111111111111111111111111111111111111100000000000000000000000000000000000000001111111110
111111111111111111100000011111111111111111111111111111111111111111111111111111111111111111111111111111111111111111111111111111111111111111100000011111111111111111000000001111111111111111111111111111111111111111111111111111111100000000000000000000000000000000000000000000000000000000000000001111111110
111111111111111111000000001111111111111111111111111111111111111111111111111111111111111111111111111111111111111111111111111111111111111111000000001111111111111111000000001111111111111111111111111111111111111111111111111111111100000000000000000000000000000000000000000000000000000000000000001111111110
111111111111111111000000001111111111111111111111111111111111111111111111111111111111111111111111111111111111111111111111111111111111111111000000001111111111111111000000001111111111111111111111111111111111111111111111111111111100000000000000000000000000000000000000000000000000000000000000001111111110
111111111111111111000000001111111111111111111111111111111111111111111111111111111111111111111111111111111111111111111111111111111111111111000000001111111111111111000110001111111111111111111111111111111111111111111111111111111100000000000000000000000000000000000000000000000000000000000000001111111110
111111111111111111000000001111111111111111111111111111111111111111111111111111111111111111111111111111111111111111111111111111111111111111000000001111111111111111000110001111111111111111111111111111111111111111111111111111111100000000000000000000000000000000000000000000000000000000000000001111111110
111111111111111111000000001111111111111111111111111111111111111111111111111111111111111111111111111111111111111111111111111111111111111111000000001111111111111111000110001111111111111111111111111111111111111111111111111111111100000000000000000000000000000000000000000000000000000000000000001111111110
111111111111111111000000001111111111111111111111111111111111111111111111111111111111111111111111111111111111111111111111111111111111111111000000001111111111111111000000001111111111111111111111111111111111111111111111111111111100000000000000000000000000000001111111110000001111100001001111111111111110
111111111111111111100000011111111111111111111111111111111111111111111111111111111111111111111111111111111111111111111111111111111111111111100000011111111111111111000000001111111111111111111111111111111111111111111111111111111100000000000000000000000000000001111111111100001111100011001111111111111110
111111111100000001000000001000000011111111111111111111111111111111111111111111111111111111111111111111111100000000000000000000000000000000000000001111111111111111000000001111111111111111000000001111111111111111111111111111000000000000000000000000000000000001111111111100000111100011001111111111111110
111111111100000000000000000000000011111111111111111111111111111111111111111111111111111111111111111111111100000000000000000000000000000000000000001111111111111111000000001111111111111111000000001111111111111111111111111111000000000000000000000000000000000011111111111100000011000011001111111111111110
111111111100000000000000000000000011111111111111111111111111111111111111111111111111111111111111111111111100000000000000000000000000000000000000001111111111111111000000001111111111111111000000001111111111111111111111111111000000000000000000000000000000000111111111111110000000000011001111111111111110
111111111100000000000000000000000011111111111111111111111111111111111111111111111111111111111111111111111100000000000000000000000000000000000000001111111111111111000000001111111111111111000000001111111111111111111111111111000000000000000000000000000000000111111111111110000000000011001111111111111110
111111111100000000000000000000000011111111111111111111111111111111111111111111111111111111111111111111111100000000000000000000000000000000000000001111111111111111000000001111111111111111000000001111111111111111111111111111000000000000000000000000000000000111111111111111000000000111001111111111111110
111111111100000000000000000000000011111111111111111111111111111111111111111111111111111111111111111111111100000000000000000000000000000000000000001111111111111111000000001111111111111111000000001111111111111111111111111111000000000000000000000000000000001111111111111111111111111111001111111111111110
111111111100000000000000000000000011111111111111111111111111111111111111111111111111111111111111111111111100000000000000000000000000000000000000001111111111111111000000001111111111111111000000001111111111111111111111110000000000000000011111111111111111111111111111111111111111111111001111111111111110
111111111100000001000000001000000011111111111111111111111111111111111111111111111111111111111111111111111100000000000000000000000000000000000000001111111111111111000000001111111111111111100000011111111111111111111111110000000000000000111111111111111111111111111111111111111111111111001111111111111110
111111111111111111100000011111111111111111111111111111111100000000000000000000000000000000000000000000000000000000111111111111111111111111111111111111111111111111000000001111111111111110000000000000000011111111111111110000000000000001111111111111111111111111111111111111111111111111001111111111111110
111111111111111111000000001111111111111111111111111111111100000000000000000000000000000000000000000000000000000000111111111111111111111111111111111111111111111111000000001111111111111110000000000000000011111111111111110000000000000001111111111111111111111111111111111111111111111111001111111111111110
111111111111111111000000001111111111111111111111111111111100000000000000000000000000000000000000000000000000000000111111111111111111111111111111111111111111111111000000001111111111111110000000000000000011111111111111110000000000000011111111111111111111111111111111111111111111111111001111111111111110
111111111111111111000000001111111111111111111111111111111100000000000000000000000000000000000000000000000000000000111111111111111111111111111111111111111111111111000000001111111111111110000000000000000011111111111111110000000000000011111111111111111111111111111111111111111111111111001111111111111110
111111111111111111000000001111111111111111111111111111111100000000000000000000000000000000000000000000000000000000111111111111111111111111111111111111111111111111000000000111111111111110000000000000000011111111111111110000000000001111111111111111111111111111111111111111111111111111001111111111111110
111111111111111111000000001111111111111111111111111111111100000000000000000000000000000000000000000000000000000000111111111111111111111111111111111111111111111111000000000011111111111100000000000000000011111111111111110000000000011111111111111111111111111111111111111111111111111111001111111111111110
111111111111111111000000001111111111111111111111111111111100000000000000000000000000000000000000000000000000000000111111111111111111111111111111111111111111111111000000000000111111111000000000000000000011111111111111110000000000111111111111111111111111111111111111111111111111111111001111111111111110
111111111111111111100000011111111111111111111111111111111100000000000000000000000000000000000000000000000000000000111111111111111111111111111111111111111111111111000000000000000000000000000000000000000011111111111111110000000011111111111111111111111111111111111111111111111111111111001111111111111110
111111111100000001000000001000000011111111111111111111111100000000000011111111111111111111111111111111111111111111111111111111111111111111111111111111111111111111000000000000000000000000000000000000000000000000000000000000000111111111111111111111111111111111111111111111111111111111001111111111111110
111111111100000000000000000000000011111111111111111111111100000000000111111111111111111111111111111111111111111111111111111111111111111111111111111111111111111111000000000000000000000000000000000000000000000000000000000000001111111111111111111111111111111111111111111111111111111111001111111111111110
111111111100000000000000000000000011111111111111111111111100000000001111111111111111111111111111111111111111111111111111111111111111111111111111111111111111111111000000000000000000000000000000000000000000000000000000000000001111111111111111111111111111111111111111111111111111111111001111111111111110
111111111100000000000000000000000011111111111111111111111100000000011111111111111111111111111111111111111111111111111111111111111111111111111111111111111111111111000000000000000000000000000000000000000000000000000000000000001111111111111111111111111111111111111111111111111111111111001111111111111110
111111111100000000000000000000000011111111111111111111111100000000011111111111111111111111111111111111111111111111111111111111111111111111111111111111111111111111000000000000000000000000000000000000000000000000000000000000111111111111111111111111111111111111111111111111111111111111001111111111111110
111111111100000000000000000000000011111111111111111111111100000000011111111111111111111111111111111111111111111111111111111111111111111111111111111111111111111111000000000000000000000000000000000000000000000000000000000001111111111111111111111111111111111111111111111111111111111111001111111111111110
111111111100000000000000000000000011111111111111111111111100000000111111111111111111111111111111111111111111111111111111111111111111111111111111111111111111111111000000000000000000000000000000000000000000000000000000000011111111111111111111111111111111111111111111111111111111111111001111111111111110
111111111100000001000000001000000011111111111111111111111100000000111111111111111111111111111111111111111111111111111111111111111111111111111111111111111111111111000000000000000000000000000000000000000000000000000000001111111111111111111111111111111111111111111111111111111111111111001111111111111110
111111111111111111100000011111111111111111111111111111111100000000111111111111111111111111111111111111111111111111111111110000000000000000000000001111111111111111000000000000000000000000000000000000000000000000000000001111111111111111111111111111111111111111111111111111111111111111001111111111111110
111111111111111111000000001111111111111111111111111111111100000000111111111111111111111111111111111111111111111111111111110000000000000000000000001111111111111111000000000000000000000000000000000000000000000000000000011111111111111111111111111111111111111111111111111111111111111111001111111111111110
111111111111111111000000001111111111111111111111111111111100000000111111111111111111111111111111111111111111111111111111100000000000000000000000001111111111111111000000000000000000000000000000000000000000000000000000111111111111111111111111111111111111111111111111111111111111111111001111111111111110
111111111111111111000000001111111111111111111111111111111100000000011111111111111111111111111111111111111111111111111111100000000000000000000000001111111111111111000000000000000000000000000000000000000000000000000000111111111111111111111111111111111111111111111111111111111111111111001111111111111110
111111111111111111000000001111111111111111111111111111111100000000011111111111111111111111111111111111111111111111111110000000000000000000000000001111111111111111000000000000000000000000000000000000000000000000000011111111111111111111111111111111111111111111111111111111111111111110001111111111111110
111111111111111111000000001111111111111111111111111111111100000000011111111111111111111111111111111111111111111111111000000000000000000000000000001111111111111111000000000000000000000000000000000000000000000000001111111111111111111111111111111111111111111111111111111111111111111000001111111111111110
111111111111111111000000001111111111111111111111111111111100000000001111111111111111111111111111111111111111111111100000000000000000000000000000001111111111111111000000000000000000000000000000000000000000000000011111111111111111111111111111111111111111111111111111111111111100000000111111111111111110
111111111111111111100000011111111111111111111111111111111100000000001111100000000000000000000000000000000000000000000000000000000000000000000000001111111111111111000000000000000000000000000000000000000000000001111111111111111111111111111111111111111111111111111111111111110000000001111111111111111110
111111111100000001000000001000000011111111111111111111111100000000001111100000000000000000000000000000000000000000000000011111111111111111000000001000000011111111111111111111111100000000000000000000000000000001111111111111111111111111111111111111111111111111111111111111110001111111111111111111111110
111111111100000000000000000000000011111111111111111111111100000000000111100000000000000000000000000000000000000000000000111111111111111111000000000000000011111111111111111111111100000000000000000000000000000011111111111111111111111111111111111111111111111111111111111111110011111111111111111111111110
111111111100000000000000000000000011111111111111111111111100000000000000000000000000000000000000000000000000000000000111111111111111111111000000000000000011111111111111111111111100000000000000000000000000000011111111111111111111111111111111111111111111111111111111111111110011111111111111111111111110
111111111100000000000000000000000011111111111111111111111100000000000000000000000000000000000000000000000000000000001111111111111111111111000000000000000011111111111111111111111100000000000000000000000000000011111111111111111111111111111111111111111111111111111111111111110011111111111111111111111110
111111111100000000000000000000000011111111111111111111111100000000000000001110000000000000000000000000000000000000001111111111111111111111000000000000000011111111111111111111111100000000000000000000000000000011111111111111111111111111111111111111111111111111111111111111110011111111111111111111111110
111111111100000000000000000000000011111111111111111111111100000000000000001110000000000000000000000000000000000000001111111111111111111111000000000000000011111111111111111111111100000000000000000000000000000011111111111111111111111111111111111111111111111111111111111111110011111111111111111111111110
111111111100000000000000000000000011111111111111111111111100000000000000000000000000000000000000000000000000000000011111111111111111111111000000000000000011111111111111111111111100000000000000000000000000000011111111111111111111111111111111111111111111111111111111111111110011111111111111111111111110
111111111100000001000000001000000011111111111111111111111100000000000000000000000000000000000000000000000000000000011111111111111111111111000000001000000011111111111111111111111100000000000000000000000000000011111111111111111111111111111111111111111111111111111111111111110011111111111111111111111110
111111111111111111100000011111111111111111111111111111111100000000000000000000000000000000000000000000000000000000011111111111111111111111100000011111111111111111111111111111111111111111111111110000000000000011111111111111111111111111111111111111111111111111111111111111110011111111111111111111111110
111111111111111111000000001111111111111111111111111111111100000000000000000000000000000000000000000000000000000000011111111111111111111111000000001111111111111111111111111111111111111111111111110000000000000011111111111111111111111111111111111111111111111111111111111111110011111111111111111111111110
111111111111111111000000001111111111111111111111111111111100000000000000000000000000000000000000000000000000000000011111111111111111111111000000001111111111111111111111111111111111111111111111110000000000000011111111111111111111111111111111111111111111111111111111111111110011111111111111111111111110
111111111111111111000000001111111111111111111111111111111100000000000000000000000000000000000000000000000000000000011111111111111111111111000000001111111111111111111111111111111111111111111111110000000000000011111111111111111111111111111111111111111111111111111111111111110011111111111111111111111110
111111111111111111000000001111111111111111111111111111111100000000000000000000000000000000000000000000000000000000011111111111111111111111000000001111111111111111111111111111111111111111111111110000000000000011111111111111111111111111111111111111111111111111111111111111110011111111111111111111111110
111111111111111111000000001111111111111111111111111111111100000000000000000000000000000000000000000000000000000000011111111111111111111111000000001111111111111111111111111111111111111111111111110000000000000011111111111111111111111111111111111111111111111111111111111111100011111111111111111111111110
111111111111111111000000001111111111111111111111111111111100000000000000000000000000000000000000000000000000000111111111111111111111111111000000001111111111111111111111111111111111111111111111110000000000000011111111111111111111111111111111111111111111111111111111111111100011111111111111111111111110
111111111111111111100000011111111111111111111111111111111100000000000000000000000000000000000000000000000000000111111111111111111111111111100000011111111111111111111111111111111111111111111111110000000000000011111111111111111111111111111111111111111111111111111111111111100111111111111111111111111110
111111111100000001000000001000000011111111111111111111111111111111111111111111000000000000000000000000000000000111111111111111111111111111000000001000000011111111111111111111111111111111111111110000000000000011111111111111111111111111111111111111111111111111111111111111100111111111111111111111111110
111111111100000000000000000000000011111111111111111111111111111111111111111111000000000000000000000000000000000000011111111111111111111111000000000000000011111111111111111111111111111111111111110000000000000011111111111111111111111111111111111111111111111111111111111111000111111111111111111111111110
111111111100000000000000000000000011111111111111111111111111111111111111111111100000000000000000000000000000000000011111111111111111111111000000000000000011111111111111111111111111111111111111110000000000000011111111111111111111111111111111111111111111111111111111111111000111111111111111111111111110
111111111100000000000000000000000011111111111111111111111111111111111111111111111000000000000000000011110000000000011111111111111111111111000000000000000011111111111111111111111111111111111111110000000000000011111111111111111111111111111111111111111111111111111111111110001111111111111111111111111110
111111111100000000000000000000000011111111111111111111111111111111111111111111111000000000000000000111111000000000001111111111111111111111000000000000000011111111111111111111111111111111111111110000000000001111111111111111111111111111111111111111111111111111111111111110011111111111111111111111111110
111111111100000000000000000000000011111111111111111111111111111111111111111111111000110000000000000111111000000000001111111111111111111111000000000000000011111111111111111111111111111111111111110000000000001111111111111111111111111111111111111111111111111111111111111100011111111111111111111111111110
111111111100000000000000000000000011111111111111111111111111111111111111111111111100110000000000000111111000000000000111111111111111111111000000000000000011111111111111111111111111111111111111110000000001111111111111111111111111111111111111111111111111111111111111111100111111111111111111111111111110
111111111100000001000000001000000011111111111111111111111111111111111111111111111100110000000000000111111000000000000000001111111111111111000000001000000011111111111111111111111111111111111111110000000111111111111111111111111111111111111111111111111111111111111111111000111111111111111111111111111110
111111111111111111100000011111111111111111111111111111111111111111111111111111111111111111111111111111111000000000000000001111111111111111100000011111111111111111111111110000000011111111111111110000000111111111111111111111111111111111111111111111111111111111111111110001111111111111111111111111111110
111111111111111111000000001111111111111111111111111111111111111111111111111111111111111111111111111111111000000000000000001111111111111111000000001111111111111111111111110000000011111111111111110000000111111111111111111111111111111111111111111111111111111111111111100001111111111111111111111111111110
111111111111111111000000001111111111111111111111111111111111111111111111111111111111111111111111111111111000000000000000001111111111111111000000001111111111111111111111110000000011111111111111110000001111111111111111111111111111111111111111111111111111111111111111000011111111111111111111111111111110
111111111111111111000000001111111111111111111111111111111111111111111111111111111111111111111111111111111000111000000000111111111111111111000000001111111111111111111111110000000011111111111111110000001111111111111111111111111111111111111111111111111111111111111110000111111111111111111111111111111110
111111111111111111000000001111111111111111111111111111111111111111111111111111111111111111111111111111111000111000000011111111111111111111000000001111111111111111111111110000000011111111111111110000001111111111111111111111111111111111111111111111111111111111111100001111111111111111111111111111111110
111111111111111111000000001111111111111111111111111111111111111111111111111111111111111111111111111111111000111000000011111111111111111111000000001111111111111111111111110000000011111111111111110000001111111111111111111111111111111111111111111111111111111111111000011111111111111111111111111111111110
111111111111111111000000001111111111111111111111111111111111111111111111111111111111111111111111111111111000110000000011111111111111111111000000001111111111111111111111110000000011111111111111110000001111111111111111111111111111111111111111111111111111111111110000111111111111111111111111111111111110
111111111111111111100000011111111111111111111111111111111111111111111111111111111111111111111111111111111000000000000011111111111111111111100000011111111111111111111111111000000111111111111111110000011111111111111111111111111111111111111111111111111111111111000001111111111111111111111111111111111110
111111111100000001000000001000000011111111111111111111111111111111111111111111111111111111111111111111111000000000000011111111111111111111000000001000000110000001100000010000000000000000000000000000111111111111111111111111111111111111111111111111111111111100000111111111111111111111111111111111111110
111111111100000000000000000000000011111111111111111111111111111111111111111111111111111111111111111111111111111111111111111111111111111111000000000000000000000000000000000000000000000000000000000000111111111111111111111111111111111111111111111111111111111000111111111111111111111111111111111111111110
111111111100000000000000000000000011111111111111111111111111111111111111111111111111111111111111111111111111111111111111111111111111111111000000000000000000000000000000000000000000000000000000000000111111111111111111111111111111111111111111111111111110000000111111111111111111111111111111111111111110
111111111100000000000000000000000011111111111111111111111111111111111111111111111111111111111111111111111111111111111111111111111111111111000000000000000000000000000000000000000000000000000000000000000000000000000000000000000000000000000000000000000000000011111111111111111111111111111111111111111110
111111111100000000000000000000000011111111111111111111111111111111111111111111111111111111111111111111111111111111111111111111111111111111000000000000000000000000000000000000000000000000000000000000000000000000000000000000000000000000000000000000000000111111111111111111111111111111111111111111111110
111111111100000000000000000000000011111111111111111111111111111111111111111111111111111111111111111111111111111111111111111111111111111111000000000000000000000000000000000000000000000000000000000000011111111111111111111111111111111111111111111111111111111111111111111111111111111111111111111111111110
111111111100000000000000000000000011111111111111111111111111111111111111111111111111111111111111111111111111111111111111111111111111111111000000000000000000000000000000000000000000000000000000000000011111111111111111111111111111111111111111111111111111111111111111111111111111111111111111111111111110
111111111100000001000000001000000011111111111111111111111111111111111111111111111111111111111111111111111111111111111111111111111111111111000000001000000110000001100000010000000000000000000000000000001111111111111111111111111111111111111111111111111111111111111111111111111111111111111111111111111110
111111111111111111100000011111111111111111111111111111111111111111111111111111111111111111111111111111111111111111111111111111111111111111100000011111111111111111111111110000000000000000000000000000000111111111111111111111111111111111111111111111111111111111111111111111111111111111111111111111111110
111111111111111111000000001111111111111111111111111111111111111111111111111111111111111111111111111111111111111111111111111111111111111111000000001111111111111111111111110000000000000000000000000000000001111111111111111111111111111111111111111111111111111111111111111111111111111111111111111111111110
111111111111111111000000001111111111111111111111111111111111111111111111111111111111111111111111111111111111111111111111111111111111111111000000001111111111111111111111110000000000000000000000000000000000001111111111111111111111111111111111111111111111111111111111111111111111111111111111111111111110
111111111111111111000000001111111111111111111111111111111111111111111111111111111111111111111111111111111111111111111111111111111111111111000000001111111111111111111111110000000000000000000000000000000000000111111111111111111111111111111111111111111111111111111111111111111111111111111111111111111110
111111111111111111000000001111111111111111111111111111111111111111111111111111111111111111111111111111111111111111111111111111111111111111000000001111111111111111111111110000000000000000000000000000000000000111111111111111111111111111111111111111111111111111111111111111111111111111111111111111111110
111111111111111111000000001111111111111111111111111111111111111111111111111111111111111111111111111111111111111111111111111111111111111111000000001111111111111111111111110000000000000000000000000000000000000111111111111111111111111111111111111111111111111111111111111111111111111111111111111111111110
111111111111111111000000001111111111111111111111111111111111111111111111111111111111111111111111111111111111111111111111111111111111111111000000001111111111111111111111110000000000000000000000000000000000000111111111111111111111111111111111111111111111111111111111111111111111111111111111111111111110
111111111111111111000000001111111111111111111111111111111111111111111111111111111111111111111111111111111111111111111111111111111111111111000000001111111111111111111111110000000000000000000000000000000000000111111111111111111111111111111111111111111111111111111111111111111111111111111111111111111110
111111111111111111111111111111111111111111111111111111111111111111111111111111111111111111111111111111111111111111111111111111111111111111111111111111111111111111111111111111111111111111111111111111111111111111111111111111111111111111111111111111111111111111111111111111111111111111111111111111111110
111111111111111111111111111111111111111111111111111111111111111111111111111111111111111111111111111111111111111111111111111111111111111111111111111111111111111111111111111111111111111111111111111111111111111111111111111111111111111111111111111111111111111111111111111111111111111111111111111111111110
111111111111111111111111111111111111111111111111111111111111111111111111111111111111111111111111111111111111111111111111111111111111111111111111111111111111111111111111111111111111111111111111111111111111111111111111111111111111111111111111111111111111111111111111111111111111111111111111111111111110
111111111111111111111111111111111111111111111111111111111111111111111111111111111111111111111111111111111111111111111111111111111111111111111111111111111111111111111111111111111111111111111111111111111111111111111111111111111111111111111111111111111111111111111111111111111111111111111111111111111110
111111111111111111111111111111111111111111111111111111111111111111111111111111111111111111111111111111111111111111111111111111111111111111111111111111111111111111111111111111111111111111111111111111111111111111111111111111111111111111111111111111111111111111111111111111111111111111111111111111111110
111111111111111111111111111111111111111111111111111111111111111111111111111111111111111111111111111111111111111111111111111111111111111111111111111111111111111111111111111111111111111111111111111111111111111111111111111111111111111111111111111111111111111111111111111111111111111111111111111111111110
111111111111111111111111111111111111111111111111111111111111111111111111111111111111111111111111111111111111111111111111111111111111111111111111111111111111111111111111111111111111111111111111111111111111111111111111111111111111111111111111111111111111111111111111111111111111111111111111111111111110
111111111111111111111111111111111111111111111111111111111111111111111111111111111111111111111111111111111111111111111111111111111111111111111111111111111111111111111111111111111111111111111111111111111111111111111111111111111111111111111111111111111111111111111111111111111111111111111111111111111110
111111111111111111111111111111111111111111111111111111111111111111111111111111111111111111111111111111111111111111111111111111111111111111111111111111111111111111111111111111111111111111111111111111111111111111111111111111111111111111111111111111111111111111111111111111111111111111111111111111111110
111111111111111111111111111111111111111111111111111111111111111111111111111111111111111111111111111111111111111111111111111111111111111111111111111111111111111111111111111111111111111111111111111111111111111111111111111111111111111111111111111111111111111111111111111111111111111111111111111111111110
