000000000000000000000000000000000000000000000000000000000000000000000000000000000000000000000000000000000000000000000000000000000000000000000000000000000000000000000000000000000000000000000000000000000000000000000000000000000000000000000000
111111111111111111111111111111111111111111111111111111111111111111111111111111111111111111111111111111111111111111111111111111111111111111111111111111111111111111111111111111111111111111111111111111111111111111111111111111111111111111111110
111111111111111111111111111111111111111111111111111111111111111111111111111111111111111111111111111111111111111111111111111111111111111111111111111111111111111111111111111111111111111111111111111111111111111111111111111111111111111111111110
111111111111111111111111111111111111111111111111111111111111111111111111111111111111111111111111111111111111111111111111111111111111111111111111111111111111111111111111111111111111111111111111111111111111111111111111111111111111111111111110
111111111111111111111111111111111111111111111111111111111111111111111111111111111111111111111111111111111111111111111111111111111111111111111111111111111111111111111111111111111111111111111111111111111111111111111111111111111111111111111110
111111111111111111111111111111111111111111111111111111111111111111111111111111111111111111111111111111111111111111111111111111111111111111111111111111111111111111111111111111111111111111111111111111111111111111111111111111111111111111111110
111111111111111111111111111111111111111111111111111111111111111111111111111111111111111111111111111111111111111111111111111111111111111111111111111111111111111111111111111111111111111111111111111111111111111111111111111111111111111111111110
111111111111111111111111111111111111111111111111111111111111111111111111111111111111111111111111111111111111111111111111111111111111111111111111111111111111111111111111111111111111111111111111111111111111111111111111111111111111111111111110
111111111111111111111111111111111111111111111111111111111111111111111111111111111111111111111111111111111111111111111111111111111111111111111111111111111111111111111111111111111111111111111111111111111111111111111111111111111111111111111110
111111111111111111111111111111111111111111111111111111111111111111111111111111111111111111111111111111111111111111111111111111111111111111111111111111111111111111111111111111111111111111111111111111111111111111111111111111111111111111111110
111111111111111111111111111111111111111111111111111111111111111111111111111111111111111111111111111111111111111111111111111111111111111111111111111111111111111111111111111111111111111111111111111111111111111111111111111111111111111111111110
111111111111111111111111111111111111111111111111111111111111111111111111111111111111111111111111111111111111111111111111111111111111111111111111111111111111111111111111111111111111111111111111111111111111111111111111111111111111111111111110
111111111111111111111111111111111111111111111111111111111111111111111111111111111111111111111111111111111111111111111111111111111111111111111111111111111111111111111111111111111111111111111111111111111111111111111111111111111111111111111110
111111111111111111111111111111111111111111111111111111111111111111111111111111111111111111111111111111111111111111111111111111111111111111111111111111111111111111111111111111111111111111111111111111111111111111111111111111111111111111111110
111111111111111111111111111111111111111111111111111111111111111111111111111111111111111111111111111111111111111111111111111111111111111111111111111111111111111111111111111111111111111111111111111111111111111111111111111111111111111111111110
111111111111111111111111111111111111111111111111111111111111111111111111111111111111111111111111111111111111111111111111111111111111111111111111111111111111111111111111111111111111111111111111111111111111111111111111111111111111111111111110
111111111111111111111111111111111111111111111111111111111111111111111111111111111111111111111111111111111111111111111111111111111111111111111111111111111111111111111111111111111111111111111111111111111111111111111111111111111111111111111110
111111111111111111111111111111111111111111111111111111111111111111111111111111111111111111111111111111111111111111111111111111111111111111111111111111111111111111111111111111111111111111111111111111111111111111111111111111111111111111111110
111111111111111111111111111111111111111111111111111111111111111111111111111111111111111111111111111111111111111111111111111111111111111111111111111111111111111111111111111111111111111111111111111111111111111111111111111111111111111111111110
111111111111111111111111111111111111111111111111111111111111111111111111111111111111111111111111111111111111111111111111111111111111111111111111111111111111111111111111111111111111111111111111111111111111111111111111111111111111111111111110
111111111111111111111111111111111111111111111111111111111111111111111111111111111111111111111111111111111111111111111111111111111111111111111111111111111111111111111111111111111111111111111111111111111111111111111111111111111111111111111110
111111111111111111111111111111111111111111111111111111111111111111111111111111111111111111111111111111111111111111111111111111111111111111111111111111111111111111111111111111111111111111111111111111111111111111111111111111111111111111111110
111111111111111111111111111111111111111111111111111111111111111111111111111111111111111111111111111111111111111111111111111111111111111111111111111111111111111111111111111111111111111111111111111111111111111111111111111111111111111111111110
111111111111111111111111111111111111111111111111111111111111111111111111111111111111111111111111111111111111111111111111111111111111111111111111111111111111111111111111111111111111111111111111111111111111111111111111111111111111111111111110
111111111111111111111111111111111111111111111111111111111111111111111111111111111111111111111111111111111111111111111111111111111111111111111111111111111111111111111111111111111111111111111111111111111111111111111111111111111111111111111110
111111111111111111111111111111111111111111111111111111111111111111111111111111111111111111111111111111111111111111111111111111111111111111111111111111111111111111111111111111111111111111111111111111111111111111111111111111111111111111111110
111111111111111111111111111111111111111111111111111111111111111111111111111111111111111111111111111111111111111111111111111111111111111111111111111111111111111111111111111111111111111111111111111111111111111111111111111111111111111111111110
111111111111111111111111111111111111111111111111111111111111111111111111111111111111111111111111111111111111111111111111111111111111111111111111111111111111111111111111111111111111111111111111111111111111111111111111111111111111111111111110
111111111111111111111111111111111111111111111111111111111111111111111111111111111111111111111111111111111111111111111111111111111111111111111111111111111111111111111111100000000000000000000000000000000000000000011111111111111111111111111110
111111111111111111111111111111000000000000000000000000000000000000000001111111111111111111111111111111111111111111111111111111111111111111111111111111111111111111111111000000000000000000000000000000000000000000001111111111111111111111111110
111111111111111111111111111110000000000000000000000000000000000000000001111111111111111111111111111111111111111111111111111111111111111111111111111111111111111111111111000000000000000000000000000000000011100000001111111111111111111111111110
111111111111111111111111111100000000000000000000000000000000000000000001111111111111111111111111111111111111111111111111111111111111111111111111111111111111111111111111000000000000000000011000000000000011100000001111111111111111111111111110
111111111111111111111111111100000000000000000000000000000000000000000001111111111111111111111111111111111111111111111111111111111111111111111111111111111111111111111111000000000000000000011000000000000000000000001111111111111111111111111110
111111111111111111111111111100000000000000000000000000000000000000000001111111111111111111111111111111111111111111111111111111111111111111111111111111111111111111111111000000000000000000011000000000000000000000001111111111111111111111111110
111111111111111111111111111100000011110000000000000000000000000000000001111111111111111111111111111111111111111111111111111111111111111111111111111111111111111111111111000000000000000000000000000000000000000011001111111111111111111111111110
111111111111111111111111111100000111110000000000000000000000000000000000111111111111111111111111111111111111111111111111111111111111111111111111111111111111111111111111000000000000000000000000000001100000000011001111111111111111111111111110
111111111111111111111111111100000111110000000000000000000000000000111100000000000000000000000000000000000000000000000000000000000000000000000000000000000000000000000000000000000000000000000000000001100000000011001111111111111111111111111110
111111111111111111111111111100000111110000000000000000000000000000111110000000000000000000000000000000000000000000000000000000000000000000000000000000000000000000000000000000000110000000000000000000000000000000001111111111111111111111111110
111111111111111111111111111100000111110000000000000000000000000001111110000000000000000000000000000000000000000000000000000000000000000000000000000000000000000000000000000000001111000000000000000000000000000000001111111111111111111111111110
111111111111111111111111111100000000000000000000000000000000000000111100000000000000000000000000000000000000000000000000000000000000000000000000000000000000000000000000000000001111100000000010000000000000000000001111111111111111111111111110
111111111111111111111111111100000000000000000000000000000000000000111100000000000000000000000000000000000000000000000000000000000000000000000000000000000000000000000000000010001111100000000000000000000011100000001111111111111111111111111110
111111111111111111111111111100000000000000000000000000000000000000000000000000000000000000000000000000000000000000000000000000000000000000000000000000000000000000000000000000001111000000110000000000000011100000001111111111111111111111111110
111111111111111111111111111100000000000001111000000000000000000000000000000000000000000000000000000000000000000000000000000000000000000000000000000000000000000000000000000111100000000000110000000000000000000000001111111111111111111111111110
111111111111111111111111111100000000000001111000000000000000000000000000000000000000000000000000000000000000000000000000000000000000000000000000000000000000001111111111111111110000000000000000000000000000000000001111111111111111111111111110
111111111111111111111111111100000000000001111000000000000000000000000000000000000000000000000000000000000000000000000000000000000000000000000000000000000000011111111111111111110000000000000000000000000000000000001111111111111111111111111110
111111111111111111111111111100000000000000000000000000000000000000000000000000000000000000000000000000000000000000000001111111100000000000000000000000000000111111111111111111110000000001000000000000000000000000001111111111111111111111111110
111111111111111111111111111100000000000000110000000000000000000000000000000000000000000000000000000000000000000000000011111111110000000000000011110000000001111111111111111111111000000001000000000000001111000000001111111111111111111111111110
111111111111111111111111111100000000000000110000001110000000000000000000000000000000000000000000000000000011000000000111111111111000000000000011110000000001111111111111111111110000000000000000000000011111000000001111111111111111111111111110
111111111111111111111111111100000000000001100000011111000000000000000000000000000000000000000000000000001111000000000111111111111100000000000011110000000001111111111111111111111000000000000000000000011111000000001111111111111111111111111110
111111111111111111111111111100000000000001100000011111000000000000000000000000000000000000000000000000001111000000001111111111111100000000000011110000000001111111111111111111111000000000000000000000001111000000001111111111111111111111111110
111111111111111111111111111100000000000000000000011111000000000011000000000000000000000000000000000000001111100000011111111111111100000000000000000000000001111111111111111111111000000000000000000000000000000000001111111111111111111111111110
111111111111111111111111111100000000001100000000011111000011000011000000000000000000000000000000000000001111100000011111111111111110000000000000000000000001111111111111111111111110000000000000000000000000000000001111111111111111111111111110
111111111111111111111111111100000000001100000000000000000011111111111111111111100000000111111110000000000000000000011111111111111110000000000000000000000001111111111111111111111111111111111110000000000000000000001111111111111111111111111110
111111111111111111111111111100000000000000000000000000000000111111111111111111100000000111111111000000000000000000011111111111111110000000000000000000000001111111111111111111111111111111111111000000000000000000001111111111111111111111111110
111111111111111111111111111100000000000000000000000000000000111111111111111111100000000111111111100000000000000000011111111111111110000000000000000000000001111111111111111111111111111111111111000000000000000000001111111111111111111111111110
111111111111111111111111111100000000000000000000000000000000111111111111111111100000000111111111100000000000000000001111111111111100000000000000000000000001111111111111111111111111111111111111000000000000000000001111111111111111111111111110
111111111111111111111111111100000000000011000000000000000000111111111111111111100000000111111111100000000000000000001111111111111100000000000000000000000001111111111111111111111111111111111111000000000000000000001111111111111111111111111110
111111111111111111111111111100000000000011000000000000000000111111111111111111111111111111111111100000000000000000001111111111111000000000000000000000000001111111111111111111111111111111111111000000011000000000001111111111111111111111111110
111111111111111111111111111100000000000000000000000000000001111111111111111111111111111111111111100000000000000000000111111111111000010000000000000000000001111111111111111111111111111111111111000000011000000000001111111111111111111111111110
111111111111111111111111111100000000000000000000000000011111111111111111111111111111111111111111110000000000000000000111111111110000000000000000000000000001111111111111111111111111111111111111000000011000000000001111111111111111111111111110
111111111111111111111111111100000000000000000000000001111111111111111111111111111111111111111111111111100000000000000111111111100000000000000000000000000001111111111111111111111111111111111111000000111000000000001111111111111111111111111110
111111111111111111111111111100000000000000000000000011111111111111111111111111111111111111111111111111110000000000000110000000000000000000000000000000000001111111111111111111111111111111111111000000011000000000001111111111111111111111111110
111111111111111111111111111111110000000000000000000011111111111111111111111111111111111111111111111111110000000000000000000000000000000000000000000000000001111111111111111111111111111111111111000000011000000000001111111111111111111111111110
111111111111111111111111111111111000000000000000000011111111111111111111111111111111111111111111111111110000000000000000011100000000000001000000000000000001111111111111111111111111111111111111000000000000000000001111111111111111111111111110
111111111111111111111111111111111110000000000000000011111111111111111111111111111111111111111111111111110000000000000000011100000000000111000000000000000001111111111111111111111111111111111111000000000000111111111111111111111111111111111110
111111111111111111111111111111111111000000000000000011111111111111111111111111111111111111111111111111110000000000000000011100000010000111000000000000000001111111111111111111111111111111111111000000000000111111111111111111111111111111111110
111111111111111111111111111111111111000000000000000011111111111111111111111111111111111111111111111111110000000000000000000000000100000000000000010001100001111111111111111111111111111111111111000000000000111111111111111111111111111111111110
111111111111111111111111111111111111100000000000000011111111111111111111111111111111111111111111111111110000000000000000000000000000000000001111110001111111111111111111111111111111111111111111000000000000111111111111111111111111111111111110
111111111111111111111111111111111111100000000000000011111111111111111111111111111111111111111111111111110000000000000000000000000000000000011111110000111111111111111111111111111111111111111111000000000000111111111111111111111111111111111110
111111111111111111111111111111111111100000000000000011111111111111111111111111111111111111111111111111110000000000000000000000000000000000011111110000111111111111111111111111111111111111111111000000000000111111111111111111111111111111111110
111111111111111111111111111111111111100000000000000011111111111111111111111111111111111111111111111111110000000000000000000000000000000000011111110000111111111111111111111111111111111111111111000000000000111111111111111111111111111111111110
111111111111111111111111111111111111100000000000000011111111111111111111111111111111111111111111111111110000000000000000000000000000000000011111110000111111111111111111111111111111111111111111000000000000111111111111111111111111111111111110
111111111111111111111111111111111111100110000000000011111111111111111111111111111111111111111111111111110000000000000000000000000000000000011111110000111111111111111111111111111111111111111111000000000000111111111111111111111111111111111110
111111111111111111111111111111111111101111000000000011111111111111111111111111111111111111111111111111110000000000000000000000000000000000011111110000111111111111111111111111111111111111111111000000000000111111111111111111111111111111111110
111111111111111111111111111111111111101111000000000011111111111111111111111111111111111111111111111111110000000000000000000000000000000000011111110000111111111111111111111111111111111111111111000000000000111111111111111111111111111111111110
111111111111111111111111111111111111101111000000000011111111111111111111111111111111111111111111111111110000000000000000000000000000000000011111110000111111111111111111111111111111111111111111000000000000111111111111111111111111111111111110
111111111111111111111111111111111111101111000000000011111111111111111111111111111111111111111111111111110000000110000000000000000000000000011111110000111111111111111111111111111111111111111111000000000000111111111111111111111111111111111110
111111111111111111111111111111111111100000000000000011111111111111111111111111111111111111111111111111110000000110000000000000000000000000011111110000111111111111111111111111111111111111111111000000000000111111111111111111111111111111111110
111111111111111111111111111111111111100000000000000011111111111111111111111111111111111111111111111111110000000110000000000000000000000000011111110000111111111111111111111111111111111111111111000000000000111111111111111111111111111111111110
111111111111111111111111111111111111100000000000000011111111111111111111111111111111111111111111111111110000000111011000000000000000000000011111110000111111111111111111111111111111111111111110000000000000111111111111111111111111111111111110
111111111111111111111111111111111111100000000000000011111111111111111111111111111111111111111111111110000000011111011000000000000111111110011111110000111111111111111111111111111100000000000000000000000000111111111111111111111111111111111110
111111111111111111111111111111111111100000000000000011111111111111111111111111111111111111111111111110000000011111000000000000000111111110011111110000111111111111111111111111111000000000000000000000000000111111111111111111111111111111111110
111111111111111111111111111111111111100000000000000011111111111111111111111111111111111111111111111110000000011111000000000000011111111110011111110000111111111111111111111111110000000000000000000000000000111111111111111111111111111111111110
111111111111111111111111111111111111100000000000000011111111111111111111111111111111111111111111111110000000011111000000000000011111111111111111110000111111111111111111111111110000000000000000000000000000111111111111111111111111111111111110
111111111111111111111111111111111111100000000000000011111111111111111111111111111111111111111111111110000000000000000000000000000111111111111111110000111111111111111111111111110000000000000000000000000000111111111111111111111111111111111110
111111111111111111111111111111111111100000000000000011111111111111111111111111111111111111111111110000000000000000000000000000000000111111111111110000111111111111111111111111110000000000000000000000000000111111111111111111111111111111111110
111111111111111111111111111111111111100000000000000011111111111111111111111111111111111111111111110000000000000000000000000000000000111111111111110000111111111111111111111111110000000000000000000000000000111111111111111111111111111111111110
111111111111111111111111111111111111100000000010000011111111111111111111111111111111111111111111110000000000000000000000000000000000111111111111110000111111111111111111111100011100000000010000000000000000111111111111111111111111111111111110
111111111111111111111111111111111111100000000000000011111111111111111111111111111111111111111111111110000000000000000000000000000000111111111111110000111111111111111111111100011100000000000000000000000000111111111111111111111111111111111110
111111111111111111111111111111111111100000000000000011111111111111111111111111111111111111111111111110000000000000000000000000000000111111111111110000111111111111111111111100001100000000000000000000000000111111111111111111111111111111111110
111111111111111111111111111111111111100000000000000011111111111111111111111111111111111111111111110000000000000000000000000000000000111111111111110000111111111111111111111100011100000000000000000000000000111111111111111111111111111111111110
111111111111111111111111111111111111100000000000000011111111111111111111111111111111111111111111111111111111111111111111111111111111111111111111110000111111111111111111111100011100000000000000000000000000111111111111111111111111111111111110
111111111111111111111111111111111111100000000000000011111111111111111111111111111111111111111111111111111111111111111111111111111111111111111111110000111111111111111111111100000000000000000000000000000000111111111111111111111111111111111110
111111111111111111111111111111111111100000000000000011111111111111111111111111111111111111111111111111111111111111111111111111111111111111111111110000111111111111111111111100000000000000000000000000000000111111111111111111111111111111111110
111111111111111111111111111111111111100000000000000011111111111111111111111111111111111111111111111111111111111111111111111111111111111111111111110000111111111111111111111100001100000000000000000000000000111111111111111111111111111111111110
111111111111111111111111111111111111100000000000000001111111111111111111111111111111111111111111111111111111111111111111111111111111111111111111110000111111111111111111111100001111000000000000000000000000111111111111111111111111111111111110
111111111111111111111111111111111111100000000000000000111111111111111111111111111111111111111111111111111111111111111111111111111111111111111111110000111111111111111111111111111111000000000000000000000000111111111111111111111111111111111110
111111111111111111111111111111111111100000000000000000000000000001111111111111111111111111111111111111111111111111111111111111111111111111111111110000111111111111111111111111111111000000001111000000000000111111111111111111111111111111111110
111111111111111111111111111111111111100000000000000000000000000000111111111111111111111111111111111111111111111111111111111111111111111111111111110000111111111111111111111111111111000000001111100000000000111111111111111111111111111111111110
111111111111111111111111111111111111100000000000000000000000000000111111111111111111111111111111111111111111111111111111111111111111111111111111110000111111111111111111111111111111000000011111100000000000111111111111111111111111111111111110
111111111111111111111111111111111111100000000000000000000000000000111111111111111111111111111111111111111111111111111111111111111111111111111111110000111111111111111111111111111111111000001111000000000000111111111111111111111111111111111110
111111111111111111111111111111111111100000000000000000000000000000111111111111111111111111111111111111111111111111111111111111111111111111111111110000111111111111111111111111111111111100000111000000000000111111111111111111111111111111111110
111111111111111111111111111111111111100000000000000000000000000000111111111111111111111111111111111111111111111111111111111111111111111111111111110000111111111111111111111111111111111100000000000000000000111111111111111111111111111111111110
111111111111111111111111111111111111100000000001111111110000000000011111111111111111111111111111111111111111111111111111111111111111111111111111110000111111111111111111111111111111111100000000000100000000111111111111111111111111111111111110
111111111111111111111111111111111111100000000011111111111100000000001110000000000111111111111111111111111111111111111111111111111111111111111111110000111111111111111111111111111111111100000000000000000000111111111111111111111111111111111110
111111111111111111111111111111111111100000000111111111111100000000000100000000000011111111111111111111111111111111111111111111111111111111111111110000111111111111111111111111111111111100000000000000000000111111111111111111111111111111111110
111111111111111111111111111111111111100000001111111111111100000000000000000000011001111111111111111111111111111111111111111111111111111111111111110000111111111111111111111111111111111100000000000000000000111111111111111111111111111111111110
111111111111111111111111111111111111100000001111111111111100000000000000000000011100111111111111111111111111111111111111111111111111111111111111110000111111111111111111111111111111111100000000000000000000111111111111111111111111111111111110
111111111111111111111111111111111111100000011111111111111100000000000000000000111100111111111111111111111111111111111111111111111111111111111111110000111111111111111111111111111111111100000000000000000000111111111111111111111111111111111110
111111111111111111111111111111111111100000011111111111111100000000000000000000111100111111111111111111111111111111111111111111111111111111111111110000111111111111111111111111111111111100000000000000011000111111111111111111111111111111111110
111111111111111111111111111111111111100000011111111111111100000000000000000000000000111111111111111111111111111111111111111111111111111111111111110000111111111111111111111111111111111100000000000000011000111111111111111111111111111111111110
111111111111111111111111111111111111100000011111111111111100000000000000000000000000111111111111111111111111111111111111111111111111111111111111110000111111111111111111111111111111111100000000000000000000111111111111111111111111111111111110
111111111111111111111111111111111111100000011111111111111100000000000000000000000000111111111111111111111111111111111111111111000000001111111111110000111111111111111111111111111111111100000000000000000000111111111111111111111111111111111110
111111111111111111111111111111111111100000011111111111111100000000000000000000000000111111111111111111111111111111000000000000000000000000000000000000111111111111111111111111111111111100000000000000000011111111111111111111111111111111111110
111111111111111111111111111111111111100000011111111111111100000000000000000000000001111111111111111111111111111111000000000000000000000000000000000000111111111111111111111111111111111100000000000000000111111111111111111111111111111111111110
111111111111111111111111111111111111100000001111111111111100000000000001111111100011111111111111111111111111111111000000011111110000000000000000000000111111111111111111111111111111111100000000000000000000111111111111111111111111111111111110
111111111111111111111111111111111111100000000111111111111100000000000111111111111111111111111111111111111111111111000000111111111000000000000000000000111111111111111111111111111111111100000000000000000000111111111111111111111111111111111110
111111111111111111111111111111111111100000000011111111111000000000001111111111111111111111111111111111111111111111000001111111111100000000000011000000111111111111111111111111111111111100000100000000000000111111111111111111111111111111111110
111111111111111111111111111111111111100000000000111000000000000000001111111111111111111111111111111111111111111111000011111111111000000000000011000000111111111111111111111111111111111100000000000000000000111111111111111111111111111111111110
111111111111111111111111111111111111100000000000111000000000000000001111111111111111111111111111111111111111111111000111111111111100000000000000000000111111111111111111111111111111111100000000000000000000111111111111111111111111111111111110
111111111111111111111111111111111111100000000000111000000000011110001111111111111111111111111111111111111111111111000111111111111100000000000000000000111111111111111111111111111111111100000000000000000000111111111111111111111111111111111110
111111111111111111111111111111111111100000000000000000000000011110001111111111111111111111111111111111111111111111000111111111111100000000000000000000111111111111111111111111111111111100000011000000000000111111111111111111111111111111111110
111111111111111111111111111111111111100000000000000000000000011110011111111111111111111111111111111111111111111111000111111111111100001000000000000000000011111111111111111111111111111100000011000000000000111111111111111111111111111111111110
111111111111111111111111111111111111100000000000000000000000000000111111111111111111111111111111111111111111111111000111111111111100001100000000000000000011111111111111111111111111111100000111100000000000111111111111111111111111111111111110
111111111111111111111111111111111111100000000000000000111100000000111111111111111111111111111111111111111111111111000011111111111100001100000000000000000011111111111111111111111111111100000111100000000000111111111111111111111111111111111110
111111111111111111111111111111111111100000000000000001111100000000111111111111111111111111111111111111111111111111000011111111111100000000011001000000000001111111111111111111111111111100000111100000000000111111111111111111111111111111111110
111111111111111111111111111111111111100000000000000111111100000000111111111111111111111111111111111111111111111111000001111111111100000000011000000000000001111111111111111111111111111100000111100000000000111111111111111111111111111111111110
111111111111111111111111111111111111100000000000000111111100000000111111111111111111111111111111111111111111111111000000111111111000100000000000000000000011111111111111111111111111111110000000010000000000111111111111111111111111111111111110
111111111111111111111111111111111111100000000000000111111100000000111111111111111111111111111111111111111111111111000000011111110000100000000000000100000011111111111111111111111111000110000000000000000000111111111111111111111111111111111110
111111111111111111111111111111111111100000000000000111111111111111111111111111111111111111111111111111111111111111000000000000000000000001100110011100000011111111111111000000000000000000000000000000000000111111111111111111111111111111111110
111111111111111111111111111111111111100000000000000111111111111111111111111111111111111111111111111111111111111111100000000000000000000001100111111111111111111111111111000000000000000000000000000000000000111111111111111111111111111111111110
111111111111111111111111111111111111100000000000000111111111111111111111111111111111111111111111111111111111111111110000000000000000000001000011111111111111111111111111000000000000000000000000000000000000111111111111111111111111111111111110
111111111111111111111111111111111111100000000000000111111111111111111111111111111111111111111111111111111111111111111000000001111111111111000011111111111111111111111111000000000000000000000000011110000000111111111111111111111111111111111110
111111111111111111111111111111111111100000000000000111111111111111111111111111111111111111111111111111111111111111111000000001111111111111000011111111111111111111111111000000000000000000000000011000000000111111111111111111111111111111111110
111111111111111111111111111111111111100000000000000111111111111111111111111111111111111111111111111111111111111111111000000001111111111111000011111111111111111111111111000000110000000000000000000000000000111111111111111111111111111111111110
111111111111111111111111111111111111100000000000000111111111111111111111111111111111111111111111111111111111111111111000000001111111111111000011111111111111111111111111000001111000000000000000000000000000111111111111111111111111111111111110
111111111111111111111111111111111111100000000000000111111111111111111111111111111111111111111111111111111111111111111111001111111111111111000011111111111111111111111111000001111000000000000000000000000000111111111111111111111111111111111110
111111111111111111111111111111111111100000000000000111111111111111111111111111111111111111111111111111111111111111111111111111111111111111000011111111111111111111111111000000000000000000000000000000000000111111111111111111111111111111111110
111111111111111111111111111111111111100000000000000111111111111111111111111111111111111111111111111111111111111111111111111111111111111111000011111111111111111111111111000000000000000000000000000000000000111111111111111111111111111111111110
111111111111111111111111111111111111100000000000000111111111111111111111111111111111111111111111111111111111111111111111111111111111111111000011111111111111111111111111000000000000000000000100000000000000111111111111111111111111111111111110
111111111111111111111111111111111111100000000000000111111111111111111111111111111111111111111111111111111111111111111111111111111111111111000011111111111111111111111111110000000000000000000000000000000000111111111111111111111111111111111110
111111111111111111111111111111111111100000000000000111111111111111111111111111111111111111111111111111111111111111111111111111111111111111000011111111111111111111111111110000000000000000000110000000000000111111111111111111111111111111111110
111111111111111111111111111111111111100000000000000111111111111111111111111111111111111111111111111111111111111111111111111111111111111111000011111111111111111111111111110000000000000000000110000000000000111111111111111111111111111111111110
111111111111111111111111111111111111100000000000000111111111111111111111111111111111111111111111111111111111111111111111111111111111111111000011111111111111111111111111000000000000000000000000000000000000111111111111111111111111111111111110
111111111111111111111111111111111111100000000000000111111111111111111111111111111111111111111111111111111111111111111111111111111111111111000011111111111111111111111111000000000000000000001111000000000000111111111111111111111111111111111110
111111111111111111111111111111111111100000000000000111111111111111111111111111111111111111111111111111111111111111111111111111111111111111000011111111111111111111111111000000000000000000011111000000000000111111111111111111111111111111111110
111111111111111111111111111111111111100000000000000111111111111111111111111111111111111111111111111111111111111111111111111111111111111111000011111111111111111111111111100000000000000000011111000000000000111111111111111111111111111111111110
111111111111111111111111111111111111100000000000000111111111111111111111111111111111111111111111111111111111111111111111111111111111111111000011111111111111111111111111111111111111100000011111000000000000111111111111111111111111111111111110
111111111111111111111111111111111111100000000000000111111111111111111111111111111111111111111111111111111111111111111111111111111111111111000011111111111111111111111111111111111111111000001111000000000000111111111111111111111111111111111110
111111111111111111111111111111111111100000000000000011111111111111111111111111111111111111111111111111111111111111111111111111111111111111000011111111111111111111111111111111111111111100000011000000000000111111111111111111111111111111111110
111111111111111111111111111111111111100000000000000011111111111111111111111111111111111111111111111111111111111111111111111111111111111111000011111111111111111111111111111111111111111100000000000000000000111111111111111111111111111111111110
111111111111111111111111111111111111100000000000000001111111111111111111111111111111111111111111111111111111111111111111111111111111111111000011111111111111111111111111111111111111111100000000000000000000111111111111111111111111111111111110
111111111111111111111111111111111111100000000000000000011111111111111111111111111111111111111111111111111111111111111111100000000000000001000011111111111111111111111111111111111111111100000000000000000000111111111111111111111111111111111110
111111111111111111111111111111111111100000000000000000000000000000011111111111111111111111111111111111111111111111111111000000000000011101000011110111111111111111111111111111111111111100000000000000000000111111111111111111111111111111111110
111111111111111111111111111111111111100000000000000000000000000000011111111111111111111111111111111111111111111111111111011000000000011101100011000111111111111111111111111111111111111100000000000000000000111111111111111111111111111111111110
111111111111111111111111111111111111100000000000000000001111000000011111111111111111111111111111111111111111111111111111000110000000011101100011000011111111111111111111111111111111111100000000000000000000111111111111111111111111111111111110
111111111111111111111111111111111111100000000000000000001111100110011111111111111111111111111111111111111111111111111111010000000000000000000000001011111111111111111111111111111111111100000000000000000000111111111111111111111111111111111110
111111111111111111111111111111111111100000000000000000011111101111011111111111111111111111111111111111111111111111111111000000000000000011000000000011111111111111111111111111111111111100000000000000000000111111111111111111111111111111111110
111111111111111111111111111111111111100000000000000000011111001111011111111111111111111111111111111111111111111111111111010000000000000011000000000011111111111111111111111111111111111100000000000000000000111111111111111111111111111111111110
111111111111111111111111111111111111100000000000000000001111000000011111111111111111111111111111111111111111111111111111000000000000000000000000000011111111111111111111111111111111111100000000000000000000111111111111111111111111111111111110
111111111111111111111111111111111111100000000000000000000000000000011111111111111111111111111111111111111111111111111111000000000001111100000000000011111111111111111111111111111110000000000000000000000000111111111111111111111111111111111110
111111111111111111111111111111111111100000000000000000000000000000011111111111111111111111111111111111111111111111111111000000011001111110000000000011111111111111111111111111111110000000000000000000000000111111111111111111111111111111111110
111111111111111111111111111111111111100000000000000000000000000000011111111111111111111111111111111111111111111111111111000000000001111110000000000011111111111111111111111111111110000000000000000000000000111111111111111111111111111111111110
111111111111111111111111111111111111100000000000000000000000000000011111111111111111111111111111111111111111111111111111000000000001111100000000000011111111111111111111111111111110000000000000011000000000111111111111111111111111111111111110
111111111111111111111111111111111111100000000000000011111111111111111111111111111111111111111111111111111111111111111111000000000000011100000000000011111111111111111111111111111110000000000000011000000000111111111111111111111111111111111110
111111111111111111111111111111111111100000000000000111111111111111111111111111111111111111111111111111111111111111111111000000000000011100000000000011111111111111111111111111111110000000000000000000000000111111111111111111111111111111111110
111111111111111111111111111111111111100000000000001111111111111111111111111111111111111111111111111111111111111111111111000000000000011000000000000011111111111111111111111111111110000000000000000000000000111111111111111111111111111111111110
111111111111111111111111111111111111100000000000001111111111111111111111111111111111111111111111111111111111111111111110000000000000000000000000000000111111111111111111111111111110000000000000000000000000111111111111111111111111111111111110
111111111111111111111111111111111111100000000000001111111111111111111111111111111111111111111111111111111111111111111100000000000000000000000000000000000000000000011111111111111111111100000000000000000000111111111111111111111111111111111110
111111111111111111111111111111111111100000000000001111111111111111111111111111111111111111111111111111111111111111000000000000000000000000000000000000000000000000001111111111111111111100000000000000000000111111111111111111111111111111111110
111111111111111111111111111111111111100000000000001111111111111111111111111111111111111111111111111111111111111110000000000000000000000000000000000000000000000000001111111111111111111100000000000000000000111111111111111111111111111111111110
111111111111111111111111111111111111100000000000001111111111111111111111111111111111111111111111111111111111111110000000000000000000000000000000000000000000000000001111111111111111111100000000000000000000111111111111111111111111111111111110
111111111111111111111111111111111111100000000000001111111111111111111111111111111111111111111111111111111111111110000000000000000000000000000000000000000000000000001111111111111111111100000000000000000000111111111111111111111111111111111110
111111111111111111111111111111111111100000000000001111111111111111111111111111111111111111111111111111111111111110000000000000000000000000000000000000000000000000001111111111111111111100011000000000000000111111111111111111111111111111111110
111111111111111111111111111111111111100000000000001111111111111111111111111111111111111111111111111111111111111110000000000000000000000000000000000000000000000000001111111111111111111100011000000000000000011111111111111111111111111111111110
111111111111111111111111111111111111100000000000000111111111111111111111111111111111111111111111111111111111111110000000000000000000000000000000000000000000000000001111111111111111111100000000000000000000001111111111111111111111111111111110
111111111111111111111111111111111111000000000000000111111111111111111111111111111111111111111111111111111111111110000000000000000000000000000000000000000000000000001111111111111111111100000000000000000000000000011111111111111111111111111110
111111111111111111111111111110000000000000000000000111111111111111111111111111111111111111111111111111111111111110000000000000000001000000000000000000000000000000001111111111111111111100000000000000000000000000001111111111111111111111111110
111111111111111111111111111110000000000000000000000111111111111111111111111111111111111111111111111111111111111110000000000000000000000000000000000000000000000000001111111111111111111100000000000000000000000000001111111111111111111111111110
111111111111111111111111111110000000000000000000000111111111111111111111111111111111111111111111111111111111111110000000000000000000000000000000000000000000000000001111111111111111111100000000000000000000000000001111111111111111111111111110
111111111111111111111111111110000000000000000000000111111111111111111111111111111111111111111111111111111111111110000000000000001100000000000000000000000000000000001111111111111111111100000000000000001111000000001111111111111111111111111110
111111111111111111111111111110000000000000000000000111111111111111111111111111111111111111111111111111111111111110000000000000001100000000000000000000000000000000001111111111111111111100000000000000001111000000001111111111111111111111111110
111111111111111111111111111110000000000000000000000111111111111111111111111111111111111111111111111111111111111110000000000000000000000000000000000000000000000000001111111111111111111100000000000000001111000000001111111111111111111111111110
111111111111111111111111111110000000000000000000000011111111111111111111111111111111111111111111111111111111111110000000000000000000000000000000000000000000000000000111111111111111111000000000000000001111000000001111111111111111111111111110
111111111111111111111111111110000000000000000000000000000000000111111111111111111111111111111111000000000000000000000000000000000000000000000000000000000000000000000000000000000000000000000000000000001011000000001111111111111111111111111110
111111111111111111111111111110000000000000000000000000000000001111111111111111111111111111111111000000000000011100000000000000000000000000000000000000000000000000000000000000000000000000000000000000001011000000001111111111111111111111111110
111111111111111111111111111110000000000000000000000000000000001111111111111111111111111111111111000000000000011100000000000000000000000000000000000000000000000000000000000000000000000000000000000000000000000000001111111111111111111111111110
111111111111111111111111111110001111000000000000000000000000000111111111111111110011111111111111000000000000011100000000000000000000000000000000000000000000000000000000000000000000000000000000000000000000000000001111111111111111111111111110
111111111111111111111111111110001111100000000000000000000000000111111111111110000000011111111111000000000000000000111100000000000000000000000000000000000000000000000000000000000000000000000000000000000000000000001111111111111111111111111110
111111111111111111111111111110001111100000000001111100000000000000001111111110000000011111111111000000000000000000111110000000000000000000000000000000000110000000000000001111000000000000000000000000000000000000001111111111111111111111111110
111111111111111111111111111110001111000000000001111100000000000000001111111110000000011111111110000000000000000000111110000000000000000000000000000000001111000000000000111111100000000000000000000000000000000000001111111111111111111111111110
111111111111111111111111111110000000000000000001111100000000000000000111111110000000011111111100000000000000000000111100000000000000000000000000000000001111100000000000111111100000000000000000000000000000000000001111111111111111111111111110
111111111111111111111111111110000000000000000001111100000000000000001110000000000000000000000000000000000000000000000000000000000000000000000000000000001111100000000000111111100000000000000000000000000000000000001111111111111111111111111110
111111111111111111111111111110000000000000000000000000000000000000001110000000000000000000000000000000000000000000000000000000000000000000000000000000001111000000000000001111000000000000000000000000000000000000001111111111111111111111111110
111111111111111111111111111110000000000000000000000000000000000000011110000000000000000000000000000000000000000000000000000000000000000000000000000000000000000000000000000000000000000000000000000000000000000000001111111111111111111111111110
111111111111111111111111111110000000000000000000000000000000000000011000000000000000000000000000000000000000000000000000000000000000000000000000000000000000000000000000000000000000000000000000000011000000000000001111111111111111111111111110
111111111111111111111111111110000000000000000000000000000000000000000000000000000000000000000000000000000000000000000000000000000000000000000000000000000000000000000000000000000000000000000000000011000000000000001111111111111111111111111110
111111111111111111111111111110000000000000000000000000000000000000000000000000000000000000000000000000000000000000000000000000000000000000000000000000000000000000000000000000000000000000000000000000000000000000001111111111111111111111111110
111111111111111111111111111110000000000110000000000000000000000000000000000000000000000000000000000000000000000000000000000000000000000000000000000000000000000000000000000000000000000000111111000110011000000000001111111111111111111111111110
111111111111111111111111111110000000000110000000000000000000000000000000000000000000000000000000000000000000000000000000000000000000000000000000000000000000000000000000000000000000000000111111000110000000000000001111111111111111111111111110
111111111111111111111111111110000000000000000000000000000001100000000000000000000000000000000000000000000000000000000000000000000000000000000000000000000000000000000000000000000000000000111111000000000000000000001111111111111111111111111110
111111111111111111111111111110000000000000000000000000000001100000000000000000000000000000000000000000000000000000000000000000000000000000000000000000000000000000000000000000000000000000001111000000000000000000001111111111111111111111111110
111111111111111111111111111110000000000000000000000000000001111000000000000000000000000000000000000000000000000000000000000000000000000000000000000000000000000000000000000000000000000000001110000000000000000000001111111111111111111111111110
111111111111111111111111111110000000000000000000000000000001111100000000000000000000000000000000000000000000000000000000000000000000000000000000000000000000000000000000000000000000000000000000000000000000000000001111111111111111111111111110
111111111111111111111111111110000000000000000000000000000001111100000000111111111111111111111111111111111111111111111111111111111111111111111111111111111111111111111111000000000000000000000000000000000000000000001111111111111111111111111110
111111111111111111111111111110000000000000000000000000000001111100000000111111111111111111111111111111111111111111111111111111111111111111111111111111111111111111111111000000000000000000000000000000000000000000001111111111111111111111111110
111111111111111111111111111110000000000000000000000000000001111000000000111111111111111111111111111111111111111111111111111111111111111111111111111111111111111111111111000000000000000000000000000000000000000000001111111111111111111111111110
111111111111111111111111111110000000000000000000000000000000000000000000111111111111111111111111111111111111111111111111111111111111111111111111111111111111111111111111000000000000000000000000000000000000000000001111111111111111111111111110
111111111111111111111111111110000000000000000000000000000000000000000000111111111111111111111111111111111111111111111111111111111111111111111111111111111111111111111111000000000000000000000000000000000000000000001111111111111111111111111110
111111111111111111111111111110000000000000000000000000000000000000000001111111111111111111111111111111111111111111111111111111111111111111111111111111111111111111111111000000000000000000000000000000000000000000001111111111111111111111111110
111111111111111111111111111110000000000000000000000000000000000000000001111111111111111111111111111111111111111111111111111111111111111111111111111111111111111111111111100000000000000000000000000000000000000000011111111111111111111111111110
111111111111111111111111111111000000000000000000000000000000000000000011111111111111111111111111111111111111111111111111111111111111111111111111111111111111111111111111111111111111111111111111111111111111111111111111111111111111111111111110
111111111111111111111111111111111111111111111111111111111111111111111111111111111111111111111111111111111111111111111111111111111111111111111111111111111111111111111111111111111111111111111111111111111111111111111111111111111111111111111110
111111111111111111111111111111111111111111111111111111111111111111111111111111111111111111111111111111111111111111111111111111111111111111111111111111111111111111111111111111111111111111111111111111111111111111111111111111111111111111111110
111111111111111111111111111111111111111111111111111111111111111111111111111111111111111111111111111111111111111111111111111111111111111111111111111111111111111111111111111111111111111111111111111111111111111111111111111111111111111111111110
111111111111111111111111111111111111111111111111111111111111111111111111111111111111111111111111111111111111111111111111111111111111111111111111111111111111111111111111111111111111111111111111111111111111111111111111111111111111111111111110
111111111111111111111111111111111111111111111111111111111111111111111111111111111111111111111111111111111111111111111111111111111111111111111111111111111111111111111111111111111111111111111111111111111111111111111111111111111111111111111110
111111111111111111111111111111111111111111111111111111111111111111111111111111111111111111111111111111111111111111111111111111111111111111111111111111111111111111111111111111111111111111111111111111111111111111111111111111111111111111111110
111111111111111111111111111111111111111111111111111111111111111111111111111111111111111111111111111111111111111111111111111111111111111111111111111111111111111111111111111111111111111111111111111111111111111111111111111111111111111111111110
111111111111111111111111111111111111111111111111111111111111111111111111111111111111111111111111111111111111111111111111111111111111111111111111111111111111111111111111111111111111111111111111111111111111111111111111111111111111111111111110
111111111111111111111111111111111111111111111111111111111111111111111111111111111111111111111111111111111111111111111111111111111111111111111111111111111111111111111111111111111111111111111111111111111111111111111111111111111111111111111110
111111111111111111111111111111111111111111111111111111111111111111111111111111111111111111111111111111111111111111111111111111111111111111111111111111111111111111111111111111111111111111111111111111111111111111111111111111111111111111111110
111111111111111111111111111111111111111111111111111111111111111111111111111111111111111111111111111111111111111111111111111111111111111111111111111111111111111111111111111111111111111111111111111111111111111111111111111111111111111111111110
111111111111111111111111111111111111111111111111111111111111111111111111111111111111111111111111111111111111111111111111111111111111111111111111111111111111111111111111111111111111111111111111111111111111111111111111111111111111111111111110
111111111111111111111111111111111111111111111111111111111111111111111111111111111111111111111111111111111111111111111111111111111111111111111111111111111111111111111111111111111111111111111111111111111111111111111111111111111111111111111110
111111111111111111111111111111111111111111111111111111111111111111111111111111111111111111111111111111111111111111111111111111111111111111111111111111111111111111111111111111111111111111111111111111111111111111111111111111111111111111111110
111111111111111111111111111111111111111111111111111111111111111111111111111111111111111111111111111111111111111111111111111111111111111111111111111111111111111111111111111111111111111111111111111111111111111111111111111111111111111111111110
111111111111111111111111111111111111111111111111111111111111111111111111111111111111111111111111111111111111111111111111111111111111111111111111111111111111111111111111111111111111111111111111111111111111111111111111111111111111111111111110
111111111111111111111111111111111111111111111111111111111111111111111111111111111111111111111111111111111111111111111111111111111111111111111111111111111111111111111111111111111111111111111111111111111111111111111111111111111111111111111110
111111111111111111111111111111111111111111111111111111111111111111111111111111111111111111111111111111111111111111111111111111111111111111111111111111111111111111111111111111111111111111111111111111111111111111111111111111111111111111111110
111111111111111111111111111111111111111111111111111111111111111111111111111111111111111111111111111111111111111111111111111111111111111111111111111111111111111111111111111111111111111111111111111111111111111111111111111111111111111111111110
111111111111111111111111111111111111111111111111111111111111111111111111111111111111111111111111111111111111111111111111111111111111111111111111111111111111111111111111111111111111111111111111111111111111111111111111111111111111111111111110
111111111111111111111111111111111111111111111111111111111111111111111111111111111111111111111111111111111111111111111111111111111111111111111111111111111111111111111111111111111111111111111111111111111111111111111111111111111111111111111110
111111111111111111111111111111111111111111111111111111111111111111111111111111111111111111111111111111111111111111111111111111111111111111111111111111111111111111111111111111111111111111111111111111111111111111111111111111111111111111111110
111111111111111111111111111111111111111111111111111111111111111111111111111111111111111111111111111111111111111111111111111111111111111111111111111111111111111111111111111111111111111111111111111111111111111111111111111111111111111111111110
111111111111111111111111111111111111111111111111111111111111111111111111111111111111111111111111111111111111111111111111111111111111111111111111111111111111111111111111111111111111111111111111111111111111111111111111111111111111111111111110
111111111111111111111111111111111111111111111111111111111111111111111111111111111111111111111111111111111111111111111111111111111111111111111111111111111111111111111111111111111111111111111111111111111111111111111111111111111111111111111110
111111111111111111111111111111111111111111111111111111111111111111111111111111111111111111111111111111111111111111111111111111111111111111111111111111111111111111111111111111111111111111111111111111111111111111111111111111111111111111111110
111111111111111111111111111111111111111111111111111111111111111111111111111111111111111111111111111111111111111111111111111111111111111111111111111111111111111111111111111111111111111111111111111111111111111111111111111111111111111111111110
111111111111111111111111111111111111111111111111111111111111111111111111111111111111111111111111111111111111111111111111111111111111111111111111111111111111111111111111111111111111111111111111111111111111111111111111111111111111111111111110
