000000000000000000000000000000000000000000000000000000000000000000000000000000000000000000000000000000000000000000000000000000000000000000000000000000000000000000000000000000000000000000000000000000000000000000000000000000000000000000000000000000000000000000000000000000000000000000000000000000000000
111111111111111111111111111111111111111111111111111111111111111111111111111111111111111111111111111111111111111111111111111111111111111111111111111111111111111111111111111111111111111111111111111111111111111111111111111111111111111111111111111111111111111111111111111111111111111111111111111111111110
111111111111111111111111111111111111111111111111111111111111111111111111111111111111111111111111111111111111111111111111111111111111111111111111111111111111111111111111111111111111111111111111111111111111111111111111111111111111111111111111111111111111111111111111111111111111111111111111111111111110
111111111111111111111111111111111111111111111111111111111111111111111111111111111111111111111111111111111111111111111111111111111111111111111111111111111111111111111111111111111111111111111111111111111111111111111111111111111111111111111111111111111111111111111111111111111111111111111111111111111110
111111111111111111111111111111111111111111111111111111111111111111111111111111111111111111111111111111111111111111111111111111111111111111111111111111111111111111111111111111111111111111111111111111111111111111111111111111111111111111111111111111111111111111111111111111111111111111111111111111111110
111111111111111111111111111111111111111111111111111111111111111111111111111111111111111111111111111111111111111111111111111111111111111111111111111111111111111111111111111111111111111111111111111111111111111111111111111111111111111111111111111111111111111111111111111111111111111111111111111111111110
111111111111111111111111111111111111111111111111111111111111111111111111111111111111111111111111111111111111111111111111111111111111111111111111111111111111111111111111111111111111111111111111111111111111111111111111111111111111111111111111111111111111111111111111111111111111111111111111111111111110
111111111111111111111111111111111111111111111111111111111111111111111111111111111111111111111111111111111111111111111111111111111111111111111111111111111111111111111111111111111111111111111111111111111111111111111111111111111111111111111111111111111111111111111111111111111111111111111111111111111110
111111111111111111111111111111111111111111111111111111111111111111111111111111111111111111111111111111111111111111111111111111111111111111111111111111111111111111111111111111111111111111111111111111111111111111111111111111111111111111111111111111111111111111111111111111111111111111111111111111111110
111111111111111111111111111111111111111111111111111111111111111111111111111111111111111111111111111111111111111111111111111111111111111111111111111111111111111111111111111111111111111111111111111111111111111111111111111111111111111111111111111111111111111111111111111111111111111111111111111111111110
111111111111111111111111111111111111111111111111111111111111111111111111111111111111111111111111111111111111111111111111111111111111111111111111111111111111111111111111111111111111111111111111111111111111111111111111111111111111111111111111111111111111111111111111111111111111111111111111111111111110
111111111111111111111111111111111111111111111111111111111111111111111111111111111111111111111111111111111111111111111111111111111111111111111111111111111111111111111111111111111111111111111111111111111111111111111111111111111111111111111111111111111111111111111111111111111111111111111111111111111110
111111111111111111111111111111111111111111111111111111111111111111111111111111111111111111111111111111111111111111111111111111111111111111111111111111111111111111111111111111111111111111111111111111111111111111111111111111111111111111111111111111111111111111111111111111111111111111111111111111111110
111111111111111111111111111111111111111111111111111111111111111111111111111111111111111111111111111111111111111111111111111111111111111111111111111111111111111111111111111111111111111111111111111111111111111111111111111111111111111111111111111111111111111111111111111111111111111111111111111111111110
111111111111111111111111111111111111111111111111111111111111111111111111111111111111000000001111111111111111111111111111111111111111111111111111111111111111111111111111111111111111111111111111111111111111111111111111111111111111111111111111111111111111111111111111111111111111111111111111111111111110
111111111111111111111111111111111111111111111111111111111111111111111111111111111111000000001111111111111111111111111111111111111111111111111111111111111111111111111111111111111111111111111111111111111111111111111111111111111111111111111111111111111111111111111111111111111111111111111111111111111110
111111111111111111111111111111111111111111111111111111111111111111111111111111111111000000000001111111111111111111111111111111111111111111111111111111111111111111111111111111111111111111111111111111111111111111111111111111111111111111111111111111111111111111111111111111111111111111111111111111111110
111111111111111111111111111111111111111111111111111111111111111111111111111111111111001100000000000001111111111111111111111111111111111111111111111111111111111111111111111111111111111111111111111111111111111111111111111111111111111111111111111111111111111111111111111111111111111111111111111111111110
111111111111111111111111111111111111111111111111111111111111111111111111111111111111000100000000000000000011111111111111111111111111111111111111111111111111111111111111111111111111111111111111111111111111111111111111111111111111111111111111111111111111111111111111111111111111111111111111111111111110
111111111111111111111111111111111000001111111111111111111111111111111111111111111111000000000000000000000011111111111111111111111111111111111111111111111111111111111111111111111111111111111111111111111111111111111111111111111111111111111111111111111111111111111111111111111111111111111111111111111110
111111111111111111111111111111111000001111111111111111111111111111111111111111111111000000000011000000000011111111111111111111111111111111111111111111111111111111111111111111111111111111111111111111111111111111111111111111111111111111111111111111111111111111111111111111111111111111111111111111111110
111111111111111111111111111111110000001111111111111111111111111111111111111111111111000000000001000000000011111111111111111111111111111111111111111111111111111111111111111111111111111111111111111111111111111111111111111111111111111111111111111111111111111111111111111111111111111111111111111111111110
111111111111111111111111111111110000000000111111111111111111111111111111111111111100000000000000000000000000111111111111111111111111111111111111111111111111111111111111111111111111111111111111111111111111111111111111111111111111111111111111111111111111111111111111111111111111111111111111111111111110
111111111111111111111111111111110000000000111111111111111111111111111111111111111100000000000000000000000000011111111111111111111111111111111111111111111111111111111111111111111111111111111111111111111111111111111111111111111111111111111111111111111111111111111111111111111111111111111111111111111110
111111111111111111111111111111000000000000111111111111111111111111111111111111111100000000000000000000000000001111111111111111111111111111111111111111111111111111111111111111111111111111111111111111111111111111111111111111111111111111111111111111111111111111111111111111111111111111111111111111111110
111111111111111111111111111000000000000000111111111111111111111111111111111111111100000000000000000000000000000000111111111111111111111111111111111111111111111111111111111111111111111111111111111111111111111111111111111111111111111111111111111111111111111111111111111111111111111111111111111111111110
111111111111111111111111111000000000000000111111111111111111111111111111111111111100000000000000000000000000000000011111111111111111111111111111111111111111111111111111111111111111111111111111111111111111111111111111111111111111111111111111111111111111111111111111111111111111111111111111111111111110
111111111111111111111111111000000000000000111111111111111111111111111111111111111100000000000000000000000000000000011111111111111111111111111111111111111111111111111111111111111111111111111111111111111111111111111111111111111111111111111111111111111111111111111111111111111111111111111111111111111110
111111111111111111111111111000000000000000111111111111111111111111111111111111111000000000000000000000000000000000011111111111111111111111111111111111111111111111111111111111111111111111111111111111111111111111111111111111111111111111111111111111111111111111111111111111111111111111111111111111111110
111111111111111111111111111000000000000000111111111111111111111111111111111111111000000000000000000000000000000000011111111111111111111111111111111111111111111111111111111111111111111111111111111111111111111111111111111111111111111111111111111111111111111111111111111111111111111111111111111111111110
111111111111111111111111111000000000000000111111111111111111111111111111111111111000000000000000000000000000000000011111111111111111111111111111111111111111111111111111111111111111111111111111111111111111111111111111111111111111111111111111111111111111111111111111111111111111111111111111111111111110
111111111111111111111111111000001100000000111111111111111111111111111111111111111000000000000000000000000011000000011111111111111111111111111111111111111111111111111111111111111111111111111111111111111111111111111111111111111111111111111111111111111111111111111111111111111111111111111111111111111110
111111111111111111111111111000001100000000111111111111111111111111111111111111111000000000000000000000000011000000000111111111111111111111111111111111111111111111111111111111111111111111111111111111111111111111111111111111111111111111111111111111111111111111111111111111111111111111111111111111111110
111111111111111111111111111000000000000000111111111111111111111111111111111110000000000000000000000000000000000000000111111111111111111111111111111111111111111111111111111111111111111111111111111111111111111111111111111111111111111111111111111111111111111111111111111111111111111111111111111111111110
111111111111111111111111111000000000000000111111111111111111111111111111110000000000000000000000000000000000000000001111101111111111111111000000000000000000011111111111111111111111111111111111111111111111111111111111111111111111111111111111111111111111111111111111111111111111111111111111111111111110
111111111111111111111111111000000000000000111111111111111111111111111111110000000000000000000000000000000000000000001111101111111111111110000000000000000000011111111111111111111111111111111111111111111111111111111111111111111111111111111111111111111111111111111111111111111111111111111111111111111110
111111111111111111111111111000000000000000111111111111111111111111111111110000000000000000000000000000000000000000001111101111111111111110000000000000000000011111111111111111111111111111111111111111111111111111111111111111111111111111111111111111111111111111111111111111111111111111111111111111111110
111111111111111111111111111000000000000000011111111111111111111111111111110000000000000000000000000000000000000000000111100111111111111110000000000000000000111111111111111111111111111111111111111111111111111111111111111111111111111111111111111111111111111111111111111111111111111111111111111111111110
111111111111111111111111111000000000000000001111111111111111111111111111110000000000000000000000000000000000000000000000000111111111111110000000000000000001111111111111111111111111111111111111111111111111111111111111111111111111111111111111111111111111111111111111111111111111111111111111111111111110
111111111111111111111111000000000000000000000111111111111111111111111111110000000000000000000000000000000000000000000000000011111111111100011000000000000011111111111111111111111111111111111111111111111111111111111111111111111111111111111111111111111111111111111111111111111111111111111111111111111110
111111111111111111111100000011000000000000000111111111111111111111111110000000000000000000000000000000000000000000000000000000111111110000011000000000000011111111111111111111111111111111111111111111111111111111111111111111111111111111111111111111111111111111111111111111111111111111111111111111111110
111111111111111111111000000010000000000000000000011111111111111111111110000000000000000000000000000000000000000000000000000000000000000000000000000000000011111111111000000011111000000000000011111111111111111111111111111111111111111111111111111111111111111111111111111111111111111111111111111111111110
111111111111111111000000000000000000000000000000001111111111111111111111000000000000000000000000000111100000000000000000000000000000000000000000000000000011111111110000000011111100000000000011111111111111111111111111111111111111111111111111111111111111111111111111111111111111111111111111111111111110
111111111111111111000000000000000000000000000000001111111111111111111111100000000000000000000000001111110000000000000000000000000000000000000000000000000011111111110000000111111100000000000011111111111111111111111111111111111111111111111111111111111111111111111111111111111111111111111111111111111110
111111111111111111000000000000000000000000000000000111111111111111111111100000000000000000000000001111111000000000000000000000000000000000000000000000000011111111110000000111111100000000000000000111111111111111111111111111111111111111111111111111111111111111111111111111111111111111111111111111111110
111111111111111111000000000000000000000000000000000111111111111111111111100000000000000000000000001111111000000000000000000000000000000000000000000000000011111111000000000111111100000000000000000011111111111111111111111111111111111111111111111111111111111111111111111111111111111111111111111111111110
111111111111111111000000000000000000000000000000000111111111111111111111100000000000000000011000001111110000000000000000000000000000000000000000000000000011111111000000000011111100000000000000000011111111111111111111111111111111111111111111111111111111111111111111111111111111111111111111111111111110
111111111111111111000000000000000000000000000000000111111111111100111111100000000000000000011000001111110000000000000000000000000000000000000000000000000011111111000000000001111000000000000000000011111111111111111111111111111111111111111111111111111111111111111111111111111111111111111111111111111110
111111111111111111000000000000000000000000000000000111111111110000011111000000000000000000000000001111110000000000000000000000000000000000000000000000000011111111000000000000000000000000000000000011111111111111111111111111111111111111111111111111111111111111111111111111111111111111111111111111111110
111111111111111111000000000000000000000000000000000000011111000000000000000000000000000000000000000000000000000000000000000000000000000000000000000000000011111111000000000000000000000000000000000011111111111111111111111111111111111111111111111111111111111111111111111111111111111111111111111111111110
111111111111111111000000000000000000000000001100000000000000000000000000000000000000000000000000000000000000000000000000000000000000000000000000000000000111111111000000000000000000000000000000000011111111111111111111111111111111111111111111111111111111111111111111111111111111111111111111111111111110
111111111111111111001111100000000000000000001100000000000000000000000000000000000000000011000000000000000000000000000000000000000000000000000000000000001111111111000011000000000000000000000000000111111111111111111111111111111111111111111111111111111111111111111111111111111111111111111111111111111110
111111111111111111111111110000000000000000000000000000000000000000000000000000000000000001000000000000000000000000000000000000000000000000000000110000001111111111000011000000000000000000000000000111111111111111111111111111111111111111111111111111111111111111111111111111111111111111111111111111111110
111111111111111111111111110000000000000000000000000000000000000000000000000111111100000000000000000000000000000000000000000000000000000000000000100000011111111110000000000000000000000000000000001111111111111111111111111111111111111111111111111111111111111111111111111111111111111111111111111111111110
111111111111111111111111110000000000000000000000000000000000000000000000111111111111000000000000000000000000000000000000000000000000000000000000000000111111111100000000000000000000000000000000001111111111111111111111111111111111111111111111111111111111111111111111111111111111111111111111111111111110
111111111111111111111111110000000000000000000000000000000000000000000001111111111111110000000000000000000000000000000000000000000000000000000000000001111111111100000000000000000000000000000000001111111111111111111111111111111111111111111111111111111111111111111111111111111111111111111111111111111110
111111111111111111111111110000000000000000000000000000000000000001100001111111111111111000000000000000000000000000000000000000000000000000000000000011111111111000000000000000000000000000000000001111111111111111111111111111111111111111111111111111111111111111111111111111111111111111111111111111111110
111111111111111111000000000000000000000000000000000000000000000001000011111111111111111000000000000000000000000000000000000000000000000000000000000111111111110000000000000000000000000000000000011111111111111111111111111111111111111111111111111111111111111111111111111111111111111111111111111111111110
111111111111111111000000000000000000000000000000000000000000000000000111111111111111111000000000000000000000000000000000000000000000000000000000001111111111100000000000110000000000000000000000111111111111111111111111111111111111111111111111111111111111111111111111111111111111111111111111111111111110
111111111111111111000000000000000000000000000000000000000000000000000111111111111111111000000000000000000000000000000000000000000000000000000000011111111111000000000000100000000000000000000000111111111111111111111111111111111111111111111111111111111111111111111111111111111111111111111111111111111110
111111111111111111000000000000000000000000000000000000000000000000000111111111111111111000000000000000000000000000000000000000000000000000000000111111111111000000000000000000000000000000000001111111111111111111111111111111111111111111111111111111111111111111111111111111111111111111111111111111111110
111111111111111111000000000000000000000000000110000000000000000000000111111111111111111000000000000000000000000000000000000000000000000000000011111111111111000000000000000000000000000000000011111111111111111111111111111111111111111111111111111111111111111111111111111111111111111111111111111111111110
111111111111111111000000000000000000000000000110000000000000000000000111111111111111111000000000000000000000000000000000000000000000000000000111111111111100000000000000000000000000000000000011111111111111111111111111111111111111111111111111111111111111111111111111111111111111111111111111111111111110
111111111111111111000000000000000000000000000000000000000000000000000111111111111111111000000000000000000000000000000000000000000000000000001111111111111100000000000000000000000000000000000011111111111111111111111111111111111111111111111111111111111111111111111111111111111111111111111111111111111110
111111111111111111000000000000000000000000000000000000000000000000000111111111111111111000000000000000000000000000000000000000000000000000011111111111111000000000000000000000000011000001111111111111111111111111111111111111111111111111111111111111111111111111111111111111111111111111111111111111111110
111111111111111111000000000000000000000000000000000000000000000000000011111111111111111000000000000000000000000000000001111000000000000000111111111111111000000000000000000000000011000001111111111111111111111111111111111111111111111111111111111111111111111111111111111111111111111111111111111111111110
111111111111111111000000000000000000000000000000000000000000000000000011111111111111111000000000000000000000000000000001111100000000000001111111111111000000000000000000000000000011000001111111111111111111111111111111111111111111111111111111111111111111111111111111111111111111111111111111111111111110
111111111111111111000000000000000000000000000000000000000000000000000011111111111111110000000000000000000000000000000001111111000000000011111111111111000000000000000000000000000001000001111111111111111111111111111111111111111111111111111111111111111111111111111111111111111111111111111111111111111110
111111111111111111000000000000000000000000000000000000000000000000000001111111111111100000000000000110000000000000000001111111000000000011111111111111000000000000000000000000000001000001111111111111111111111111111111111111111111111111111111111111111111111111111111111111111111111111111111111111111110
111111111111111111000000000000000000000000000000000000000000000000000000111111111110000000110000000100000000000000000001111100000000000111111111111111000000000000000000000000000001000001111111111111111111111111111111111111111111111111111111111111111111111111111111111111111111111111111111111111111110
111111111111111111000000000000000000000000000000000000000000000000000000000000000000000000100000000000000000000000000001111100000000001111111111111100000000000000000000000000000001000001111111111111111111111111111111111111111111111111111111111111111111111111111111111111111111111111111111111111111110
111111111111111111000000000000000000000000000000000000000000000000000000000000000000000000000000000000000000000000000001111100000000011111111111110000000000000000000000000000000001000001111111111111111111111111111111111111111111111111111111111111111111111111111111111111111111111111111111111111111110
111111111111111111000000000000000000000000000000000000000000000000000000000000000000000000000000000000000000000000000000111100000000011111111111100000000000000000000000000000000001000001111111111111111111111111111111111111111111111111111111111111111111111111111111111111111111111111111111111111111110
111111111111111111000000000000000000000000000000000000000000000000000000000000000000000000000000000000000000000000000000000000000000111111111111000000000000000000000000000000011111000001111111111111111111111111111111111111111111111111111111111111111111111111111111111111111111111111111111111111111110
111111111111111111100000000000000000000000000000000000000000000000000000000000000000000000000000000000000000000000000000000000000000111111111111000000000000000000000000000000111111000001111111111111111111111111111111111111111111111111111111111111111111111111111111111111111111111111111111111111111110
111111111111111111100000000000000000000000000000000000000000000000000000000000000000000000000000000000000000000000000000000000000000111111111110000000000000000000000000000000111111000001111111111111111111111111111111111111111111111111111111111111111111111111111111111111111111111111111111111111111110
111111111111111111000000000000000000000000000000000000000000000000000000000000000000000000000000000000000000000000000000000000000000111111111110000000000000001111000000000011111111000001111111111111111111111111111111111111111111111111111111111111111111111111111111111111111111111111111111111111111110
111111111111111111000000000000000000000000000000000000000110000000000000000000000000000000000001100000000000000000000000000000000000111111111110000000000000011111100000001111111111000001111111111111111111111111111111111111111111111111111111111111111111111111111111111111111111111111111111111111111110
111111111111111111000000000000000000000000000000000000000110000000000000000000000000000000000000100000000000000000000000000000000000111111110000000000000000011111110000111111111111000001111111111111111111111111111111111111111111111111111111111111111111111111111111111111111111111111111111111111111110
111111111111111111000000000000000000000000000000000000000000000000000000000000000000000000000000000000000000000000000000000000000001111111110000000000000000111111110001111111111111000001111111111111111111111111111111111111111111111111111111111111111111111111111111111111111111111111111111111111111110
111111111111111111000000000000000000000000000000000000000000000000000000000000000000000000000000000000000000000000000000000001111111111111110000000000000000111111110011111111111111000001111111111111111111111111111111111111111111111111111111111111111111111111111111111111111111111111111111111111111110
111111111111111111000000000000000000000000000000000000000000000000000000000000000000000000000000000000000000000000000000000011111111111111110000000000000000011111110111111111111111000001111111111111111111111111111111111111111111111111111111111111111111111111111111111111111111111111111111111111111110
111111111111111111000000000000000000000000000000000000000000000000000000000000000000000000000000000000000000000000000000000111111111111111110000000000000000011111111111111111111111000001111111111111111111111111111111111111111111111111111111111111111111111111111111111111111111111111111111111111111110
111111111111111111000000000000000000000000000000000000000000000000000000000000000000000000000000000000110000000000000000001111111111111111110000000000000000000001111111111111111111000001111111111111111111111111111111111111111111111111111111111111111111111111111111111111111111111111111111111111111110
111111111111111111000000000000000000000000000000000000000000001000000000000000000000000000000000000000100000000000000000001111111111111111110000000000000000000001111111111111111111000001111111111111111111111111111111111111111111111111111111111111111111111111111111111111111111111111111111111111111110
111111111111111111000000000000000000000000000000000000000000001100000000000000000000000000000000000000000000000000000000011111111111111111100001100000000000000011111111111111111111000001111111111111111111111111111111111111111111111111111111111111111111111111111111111111111111111111111111111111111110
111111111111111111000000000000000000000000000000000000000000000000000000000000000000000000000000000000000000000000000000011111111111111111100001000000000000111111111111111111111111000001111111111111111111111111111111111111111111111111111111111111111111111111111111111111111111111111111111111111111110
111111111111111111000000000000000000000000000000000000000000000000000000000000000000000000000000000000000000000000000000111111111111111111100000000000000001111111111111111111111111000001111111111111111111111111111111111111111111111111111111111111111111111111111111111111111111111111111111111111111110
111111111111111111100000000000000000000000000000000001100000000000000000000000000000000000000000000000000000000000000000111111111111111111100000000000000111111111111111111111111111000001111111111111111111111111111111111111111111111111111111111111111111111111111111111111111111111111111111111111111110
111111111111111111110000000000000000000000000000000001100000000000000000000000000000000000000000000000000000000000000001111111111111111100000000000000000111111111111111111111111111000001111111111111111111111111111111111111111111111111111111111111111111111111111111111111111111111111111111111111111110
111111111111111111110000000000000000000000000000000000000000000000000000000000000000000000000000000000000000000000000011111111111111111100000000000000001111111111111111111111111111000001111111111111111111111111111111111111111111111111111111111111111111111111111111111111111111111111111111111111111110
111111111111111111110000000000000000000000000000000000000000000000000000000000000000000000000000000000000000000000000111111111111111111100000000000000001111111111111111111111111111000001111111111111111111111111111111111111111111111111111111111111111111111111111111111111111111111111111111111111111110
111111111111111111111000000000000000110000000000000000000000000000000000000000000000000000000000000000000000000000000111111111111111111100000000000000001111111111111111111111111111000001111111111111111111111111111111111111111111111111111111111111111111111111111111111111111111111111111111111111111110
111111111111111111111100000011000000110000000000000000000000000000000000000000000000000000000000000000000000000000001111111111111111111100000000000000001111111111111111111111111111000001111111111111111111111111111111111111111111111111111111111111111111111111111111111111111111111111111111111111111110
111111111111111111111111111111000000000000000000000000000000000000000000000000000000000000000000000000000000000000011111111111111111111100000000000000001111111111111111111111111111000001111111111111111111111111111111111111111111111111111111111111111111111111111111111111111111111111111111111111111110
111111111111111111111111111111000000000000000000000000000000000000000000000000000000000000000000000000000000000001111111111111111111111110000000000000111111111111111111111111111111000001111111111111111111111111111111111111111111111111111111111111111111111111111111111111111111111111111111111111111110
111111111111111111111111111111000000000000000000000000000000000000000000000000000000000000000000000000000000000111111111111111111111111110000000000000111111111111111111111111111111000001111111111111111111111111111111111111111111111111111111111000011111111111111111111111111111111111111111111111111110
111111111111111111111111111111000000000000000000000000000000000000000000000000000000000000000000000000000000000111111111111111111111111110000000000000111111111111111111111111111111000001111111111111111111111111111111111111111111111111111111110000011111111111111111111111111111111111111111111111111110
111111111111111111111111111111000000000000011000000000000000000000000000000000000000000000000000000000000000001111111111111111111111111110000000000011111111111111111111111111111111000001111111111111111111111111111111111111111111111001111111100000000000001111111111111111111111111111111111111111111110
111111111111111111111111111111000000000000011000000000000000000000000000000000000000000000000000000000000000011111111111111110000111100000000000000011111111111111111111111111111111000001111111111111111111111111111111111111111101100000111110000000000000001111111111111111111111111111111111111111111110
111111111111111111111111111111100000000000000000000000000000000000000000000000000000000000000000000000000001111111111111111000000000000000000000001111111111111111111111111111111111000001111111111111111111111111111111111111110000000000011000000000000000001111111111111111111111111111111111111111111110
111111111111111111111111111111100000000000000000000000000000000000000000000000000000000001100000000000000001111111111111111000000000000000000000111111111111111111111111111111111111000001111111111111111111111111111111111111100000000000010000000000000000001111111111111111111111111111111111111111111110
111111111111111111111111111111110000000000000000000000000000000000000000000000000000000001100000000000000001111111111100000000000000000000000000111111111111111111111111111111111111000001111111111111111111111111111111111111100000000000000000000000000000000111111111111111111111111111111111111111111110
111111111111111111111111111111111000000000000000000000000000000000000000000000000000000000000000000000000011111111111000000000000000000000000000111111111111111111111111111111111111000001111111111111111111111111111111111111000000000000000000000000000000000111111111111111111111111111111111111111111110
111111111111111111111111111111111100000000000000000000000000000000000000000000000000000000000000000000000111111111111000000000000000000000000000111111111111111111111111111111111111000001111111111111111111111111111111111100000000000000000000000000000000000111111111111111111111111111111111111111111110
111111111111111111111111111111111111000000000000000000000000000000000000000000000000000000000000000000001111111111111000000000000000000000000000111111111111111111111111111111111111000001111111111111111111111111111111111100000000000000000000000000000000000111111111111111111111111111111111111111111110
111111111111111111111111111111111111100000000000000000000000000000000000000000000000000000000000000000001111111111111000000000000000000000000001111111111111111111111111111111111111000001111111111111111111111111111111111100000000000000000000000000000000000111111111111111111111111111111111111111111110
111111111111111111111111111111111111110000000000000000000000000000000000000000000000000000000000000000001111111111111000000000000000000000000011111111111111111111111111111111111111000001111111111111111111111111111111111100000000000000000000000000000000000111111111111111111111111111111111111111111110
111111111111111111100011111111111111110000000000000000000000001111100000000000000000000000000011000000001111111111111000000000000000000000001111111111111111111111111111111111111111000001111111111111111111111111111111111100000000000000000000000000000000001111111111111111111111111111111111111111111110
111111111111111111000001111111111111111000000000000000000000001111100000000000000000000000000011000000001111111111111000000000000000000011111111111111111111111111111111111111111111000001111111111111111111111111111111111000000000000000000000000011000000001111111111111111111111111111111111111111111110
111111111111111110000000111111111111111110000000000000000000001111100000000000000000000000000000000000000111111111111100000000000000001111111111111111111111111111111111111111111111000001111111111111111111111111111111000000000000000000000000000111000000001111111111111111111111111111111111111111111110
111111111111111100000000111111111111111111000000000000000000001111100000000000000000000000000000000000000111111111111100000000000000011111111111111111111111111111111111111111111111000001111111111111111111111111111111000000000000000000000000001111000000001111111111111111111111111111111111111111111110
111111111111111100000000111111111111111111110000000000000000001111100000000000000000000000000000000000000111111111111100000000000000111111111111111111111111111111111111111111111111000001111111111111111111111111111100000000000000000000000000111111000000001111111111111111111111111111111111111111111110
111111111111111100000000011111111111111111111000000000000000000111000000000000000000000000000000000000000111111111111100000000000011111111111111111111111111111111111111111111111111000001111111111111111111111111111100000000000000000000000001111111000000001111111111111111111111111111111111111111111110
111111111111111100000000001111111111111111111110000000000000000000000000000000000000000000000000000000000111111111000000000000000111111111111111111111111111111111111111111111111111000001111111111111111111111111111100000000000000000000000111111111000000001111111111111111111111111111111111111111111110
111111111111111100000000000111111111111111111111111111110000000000000000000000000000000000000000000000000111111110000000000000001111111111111111111111111111111111111111111111111111000001111111111111111111111111111000000000000000000000001111111111000000001111111111111111111111111111111111111111111110
111111111111111100000000000000111111111111111111111111111000000000000000000000000000000000000000000000000111111100000000000000001111111111111111111111111111111111111111111111111111000001111111111111111111111111110000000000000000000000111111111111000000001111111111111111111111111111111111111111111110
111111111111111100000000000000011111111111111111111111111110000000000000000000000000000000000000000000000111111000000000000000001111111111111111111111111111111111111111111111111111000001111111111111111111111111110000000000000000000011111111111111000000001111111111111111111111111111111111111111111110
111111111111111100000000000000001111111111111111111111111111000000000000000000000000000000000000000000000111111000000000000000011111111111111111111111111111111111111111111111111111000001111111111111111111111111110000000000000000000011111111111111000000001111111111111111111111111111111111111111111110
111111111111111100000000000000001111111111111111111111111111000000000000000000000000000000000000000000000011110000000000000000111111111111111111111111111111111111111111111111111111000001111111111111111111111111110000000000000000001111111111111111000000001111111111111111111111111111111111111111111110
111111111111111100000000000000000111111111111111111111111111100000000000000000000000000000000000000000000011150000000000000000111111111111111111111111111111111111111111111111111111000001111111111111111111111111110000000000000011111111111111111111000000001111111111111111111111111111111111111111111110
111111111111111100000000000000000011111111111111111111111111110000000000000000000000000000000000000000000055550000000000000000111111111111111111111111111111111111111111111111111111000001111111111111111111111111110000000000001111111111111111111111000000001000111111111111111111111111111111111111111110
111111111111111100000000000000000000011111111111111111111111110000000000000000000000000000000000000000000005500000000000000001111111111111111111111111111111111111111111111111111111000001111111111111111111111111110000000000011111111111111111110001000000001000111111111111111111111111111111111111111110
111111111111111100000000000000000000000111111111111111111111110000000000000000000000000000000000000000000000000000000000000011111111111111111111111111111111111111111111111111111111000001111111111111111111111111110000000000111111111111111111110001000000001000111111111111111111111111111111111111111110
111111111111111100000000000000000000000001111111111111111111110000000000000000000000000000000000000000000000000000000000000111111111111111111111111111111111111111111111111111111111000001111111111111111111111111100000000001111111111111111111110001000000001000111111111111111111111111111111111111111110
111111111111111100000000000000000000000000011111111111111111110000000000000000000000000000000000000000000000000000000000011111111111111111111111111111111111111111111111111111111111000001111111111111111111111111000000000011111111111111111000000001000000001000000000001111111111111111111111111111111110
111111111111111100000000000000000000000000000000000011111111110000000000000000000000000000000000000000000000000000000000111111111111111111111111111111111111111111111111111111111111000001111111111111111111111110000000000111111111111110000000000001000000001000000000001111111111111111111111111111111110
111111111111111100000000000000000000000000000000000000111111110000000000000000000000000000000000000000000000000000000001111111111111111111111111111111111111111111111111111111111111000001111111111111111111111100000000001111111111111000000000000001000000001000000000001111111111111111111111111111111110
111111111111111100000001100000000000000000000000000000011111110000000000000000000000000000000000000000000000000000000011111111111111111111111111111111111111111111111111111111111111000001111111111111111111111100000000011111111111110000000000000001000000001000000000001111111111111111111111111111111110
111111111111111100000001100000000000000000000000000000011111110000000000000000000000000000000000000000000000000000000111111111111111111111111111111111111111111111111111111111111111000001111111111111111111111000000000111111111111100000000000000001000000001000000000001111111111111111111111111111111110
111111111111111100000000000000000000000000111000111100011111100000000000000000000000000000000000000000000000000000001111111111111111111111111111111111111111111111111111111111111111000001111111111111111111110000000001111111111111000000000000000001000000001000000000001111111111111111111111111111111110
111111111111111100000000000000000000000000111101111110011111100000000000000000000000000000000000000000000000000000011111111111111111111111111111111111111111111111111111111111111111000001111111111111111111100000000111111111111110000000000000000001000000001000000000001111111111111111111111111111111110
111111111111111100000000000000000000000000111101111111000111000000000000000000000000000000000000000000000000000000011111111111111111111111111111111111111111111111111111111111111111000001111111111111111110000000011111111111111100000000000000000001000000001000000000000111111111111111111111111111111110
111111111111111100000000000010000000000000111101111111000011000000000000000000000000000000000000000000000000000000001111111111111111111111111111111111111111111111111111111111111111000001111111111111111100000000111111111111111000000000000000000001000000001000000000000111111111111111111111111111111110
111111111111111100000000000000000000000000011101111111000000000000000000000000000000000000000000000000000000000000000111111111111111111111111111111111111111111111111111111111111111000001111111111111111000000001111111111111100000000000000000000001000000001000000000000111111111111111111111111111111110
111111111111111100000000000000000000000000000000011110000000000000000000000000000000000000000000000000000000000000000111111111111111111111111111111111111111111111111111111111111111000001111111111111110000000011111111111111000000000000000000000000000000000000000000000111111111111111111111111111111110
111111111111111100000000000000000000000000000000000000000000000000000000000000000000000000000000000000000000000000001111111111111111111111111111111111111111111111111111111111111111000001111111111111000000000111111111111111000000000000000000000000000000000000000000000000111111111111111111111111111110
111111111111111100000000000000000000000000000000000000000000000000000000000000000000000000000000000100000000000000111111111111111111111111111111111111111111111111111111111111111111000001111111111111000000001111111111111100000000000000000000000000000000000000000000000000000111111111111111111111111110
111111111111111100000000000000000000000000000000000000000000000000000000000000000000000000000000001110000000000001111111111111111111111111111111111111111111111111111111111111111111000001111111111110000000011111111111111000000000000000000000000000000000000000000000000000000111111111111111111111111110
111111111111111100000000000000000000000000000000000000011000000000000000000000000000000000111111111110000000000001111111111111111111111111111111111111111111111111111111111111111111000001111111111100000000111111111111100000000000000000000000000000000000000000000000000000000111111111111111111111111110
111111111111111100000000000000000000000000000000000000011000000000000000000000000011111111111111111111000000000011111111111111111111111111111111111111111111111111111111111111111111000001111110000000000001111111111100000000000000000000000000000000000000000000000000000000000111111111111111111111111110
111111111111111100000000000000000000000000000000000000000000000000000000000000000111111111111111111111000000000111111111111111111111111111111111111111111111111111111111111111111111000001100000000000000011111111111000000000000000000000000000000000000000000000000000000000000111111111111111111111111110
111111111111111100000000000000000000000000000000000000000000000000000000000000011111111111111111111111100001111111111111111111111111111111111111111111111111111111111111111111111111000001100000000000000111111111110000000000000000000000000000000000000000000000000000000000000000111111111111111111111110
111111111111111100000000000000000000000000000000000000000000000000000000000000111111111111111111111111110111111111111111111111111111111111111111111111111111111111111111111111111100000000000000000000001111111111110000000000000000000000000000000000000000000000000000000000000000011111111111111111111110
111111111111111100000000000000000000000000000000000000000000000000000000000001111111111111111111111111111111111111111111111111111111111111111111111111111111111111111111111111111000000000000000000000111111111111100000000000000000000000000000000000000000000000000000000000000000001111111111111111111110
111111111111111100000000000000000000000000000000000000000000000000000000000011111111111111111111111111111111111111111111111111111111111111111111111111111111111111111111111111111000000000000000000000111111111111000000000000000000000000000000000000000000000000000000000000000000000000011111111111111110
111111111111111100000000000000000000000000000000000000000000000000000000000011111111111111111111111111111111111111111111111111111111111111111111111111111111111111111111111111111000000000000000000001111111111100000000000000000000110000000000000000000000000000000000000000000000000000011111111111111110
111111111111111100000000000000000000000000000000000000000000000000000000000011111111111111111111111111111111111111111111111111111111111111111111111111111111111111111111111111111000000000000000000111111111111100000000000000000000110000000000111100000000000000000000000000000000000000011111111111111110
111111111111111100000110000000000000000000000000000000000000000000000000000011111111111111111111111111111111111111111111111111111111111111111111111111111111111111111111111111111000000000000000001111111111111000000000000000000000000000000000111100000000000000000000000000000000010000011111111111111110
111111111111111110000110000000000000000000000000000000000000000000000000000111111111111111111111111111111111111111111111111111111111111111111111111111111111111111111111111111111000000000000000001111111111110000000000000000000000000000000000111100000000000000000000000000000000110000011111111111111110
111111111111111111111110000000000000000000000000000000000000000000000000001111111111111111111111111111111111111111111111111111111111111111111111111111111111111111111111111111110000000000000000011111111111110000000000000000111110000000000000111100000000000000000000000000000000000000011111111111111110
111111111111111111111110000000000000000000000000000000000000000000000000111111111111111111111111111111111111111111111111111111111111111111111111111111111111111111111111111111110000000000000000111111111111100000000000000001111111000000000000111100000000000000000000000000000000000000011111111111111110
111111111111111111111110000000000000000000000000000000000000000000000000111111111111111111111111111111111111111111111111111111111111111111111111111111111111111111111111111111110000000000000001111111111111000000110000000001111111000000000000000000000000000000000000000000000000000000011111111111111110
111111111111111111111111000000000000000000000000000000000000000000000001111110000011111111111111111111111111111111111111111111111111111111111111111111111111111111111111111111110000000000000011111111111110000000110000000001111111000000000000000000000000000000000000000000000000000000011111111111111110
111111111111111111111111000000000000000000000000000000000000000000000111111100000011111111111111111111111111111111111111111111111111111111111111111111111111111111111111111111110000000000000011111111111110000000000000000001111111000000000000000000000000000000000000000000000000000000111111111111111110
111111111111111111111111110000000000000000000000000000000000000000000001110000000001111111111111111111111111111111111111111111111111111111111111111111111111111111111111111111110000000000000111111111111100000000000000000001111111000000000000000000000000000000000000000000000000001111111111111111111110
111111111111111111111111111000000000000000000000000000000000000000000000000000000000111111111111111111111111111111111111111111111111111111111111111111111111111111111111111111110000000000001111111111110000000000000000000000111110000000000000000000000000000000000000000000000000111111111111111111111110
111111111111111111111111111110000000000000000000000000000000000000000000000000000000111111111111111111111111111111111111111111111111111111111111111111111111111111111111111111110000000000001111111111000000000000000000000000000000000000000000000000000000000000000000000000000000111111111111111111111110
111111111111111111111111111111100000000000000000000000000000000000000000000000000000011111111111111111111111111111111111111111111111111111111111111111111111111111111111111111110000000000001111111111000000000000000000000000000000000000000000000000000000000000000111000000000001111111111111111111111110
111111111111111111111111111111110000000000000000000000000000000000000000000000000000011111111111111111111111111111111111111111111111111111111111111111111111111111111111111111110000000000001111111111000000000000000000000000000000000000000000000000000000000000001111100000000001111111111111111111111110
111111111111111111111111111111111100000000011000000000000000000000000000000000000000011111111111111111111111111111111111111111111111111111111111111111111111111111111111111111110000000000011111111110000000000000000000000000000000000000000000000000000000000000001111100000000001111111111111111111111110
111111111111111111111111111111111111111000000000000000000000000000000000000000000000011111111111111111111111111111111111111111111111111111111111111111111111111111111111111111111111111111111111111110000000000000000000000000000000000000000000000000000000000000001111100000000001111111111111111111111110
111111111111111111111111111111111111111000000000000000000000000000000000000000000000011111111111111111111111111111111111111111111111111111111111111111111111111111111111111111111111111111111111111110000000000000000000000000000000000000000000000000000000000001111111111110000011111111111111111111111110
111111111111111111111111111111111111111000000000000110000000000000000000000000000000011111111111111111111111111111111111111111111111111111111111111111111111111111111111111111111111111111111111111100000000000000000000000000000000000000000000000000000000000001111111111111000011111111111111111111111110
111111111111111111111111111111111111111100000000001110000000000000000000000000000000011111111111111111111111111111111111111111111111111111111111111111111111111111111111111111111111111111111111111100000000000000001000000000000000000000000000000000000000000001111111111111000011111111111111111111111110
111111111111111111111111111111111111111110000000011110000000000000000000000000000000011111111111111111111111111111111111111111111111111111111111111111111111111111111111111111111111111111111111111000000000000000001100000000000000000000000000000000000000000000111111111111000011111111111111111111111110
111111111111111111111111111111111111111111111111111111100000000000000000000000000000011111111111111111111111111111111111111111111111111111111111111111111111111111111111111111111111111111111111111000000000000000000000000000000000000000000000000000000000000000000011111111000011111111111111111111111110
111111111111111111111111111111111111111111111111111111110000000011100000000000000000011111111111111111111111111111111111111111111111111111111111111111111111111111111111111111111111111111111111111000000000000000000000000000000000000000000000000000000000000000000000111110000011111111111111111111111110
111111111111111111111111111111111111111111111111111111111000000111110001000000000000011111111111111111111111111111111111111111111111111111111111111111111111111111111111111111111111111111111111110000000000000000000000000000000000000000000000000000000000000000000000111100000011111111111111111111111110
111111111111111111111111111111111111111111111111111111001100001100011011000000000011111111111111111111111111111111111111111111111111111111111111111111111111111111111111111111111111111111111111110000000000000000000000000000000000000000000000000000000000000000000000000000000011111111111111111111111110
111111111111111111111111111111111111111111111111111110000111111000001110000000000011111111111111111111111111111111111111111111111111111111111111111111111111111111111111111111111111111111111111110000000000000000000000000000000000000000000000000000000000000000000000000000000111111111111111111111111110
111111111111111111111111111111111111111111111111100000000000000000000000000000000011111111111111111111111111111111111111111111111111111111111111111111111111111111111111111111111111111111111111110000000000000000000000000000000000000000000000000000000000000000000000000000011111111111111111111111111110
111111111111111111111111111111111111111110000000000000000000000000000000000000000000000111111111111111111111111111111111111111111111111111111111111111111111111111111111111111111111111111111111110000000000000000000000000000000000000000000000000000000000000000000000000001111111111111111111111111111110
111111111111111111111111111111111111111110000000000000000000000000000000000000000000000000011111111111111111111111111111111111111111111111111111111111111111111111111111111111111111111111111111110000000000000000000000000000000000000000000000000000000000000000000000000011111111111111111111111111111110
111111111111111111111111111111111111111110000000000000000000000000000000000000000000000000000001111111111111111111111111111111111111111111111111111111111111111111111111111111111111111111111111110000000000000000000000000000000000000000000000000000000000000000000000000011111111111111111111111111111110
111111111111111111111111111111111111111110000000000000000000000000000000000000000000000000000000000111111111111110000000111111111111111111111111111111111111111111111111111111111111111111111111110000110000000000000000000000000000000000000000000000000000000000000000000111111111111111111111111111111110
111111111111111111111111111111111111111110000000000000000000000000000000000000001110000000000000000000011111111100000000011111111111111111111111111111111111111111111111111111111111111111111111110000100000000000000000000000000000000000000000000000000000110000000000000111111111111111111111111111111110
111111111111111111111111111111111111111110000000001111100000000000000000001110001111100000000000000000000001111110000000001111111111111111111111111111111111111111111111111111111111111111111111110000000000000000000000000000000000000000000000000000000000110000000000000111111111111111111111111111111110
111111111111111111111111111111111111111111111111111111110000000000000000011111111111111110000000000000000000001110000000000001111111111111111111111111111111111111111111111111111111111111111111000000000000000000000000000000000000000000000000000000000000000000000000011111111111111111111111111111111110
111111111111111111111111111111111111111111111111111111111111111100000000011111111111111111111000000000000000000000000000000001111111111111111111111111111111111111111111111111111111111111111110000000000000000000000000000000000000000000000000000000000000000000000001111111111111111111111111111111111110
111111111111111111111111111111111111111111111111111111111111111100000000011111111111111111111111100000000000000000000000000011111111111111111111111111111111111111111111111111111111111111111110000000000000000000000000000000110000000000000000000000000000000000000111111111111111111111111111111111111110
111111111111111111111111111111111111111111111111111111111111111111111111111111111111111111111111111110000000000000000000000011111111111111111111111111111111111111111111111111111111111111111110000000000000000000000000000000100000000100000000000000000000000000001111111111111111111111111111111111111110
111111111111111111111111111111111111111111111111111111111111111111111111111111111111111111111111111111110000000000000000000011111111111111111111111111111111111111111111111111111111111111111111000000000000000000000000000000000000000000000000000000000000000000011111111111111111111111111111111111111110
111111111111111111111111111111111111111111111111111111111111111111111111111111111111111111111111111111111111011000000000000111111111111111111111111111111111111111111111111111111111111111111111000000000000000000000000000000000000000000000000000000000000000000011111111111111111111111111111111111111110
111111111111111111111111111111111111111111111111111111111111111111111111111111111111111111111111111111111111111000000000000111111111111111111111111111111111111111111111111111111111111111111111000000000000000000000000000000000000000000000000000000000000000000011111111111111111111111111111111111111110
111111111111111111111111111111111111111111111111111111111111111111111111111111111111111111111111111111111111111000000000000111111111111111111111111111111100111111111111111111111111111111111111000000000000000000000000000000000000000000000000000000000000000000011111111111111111111111111111111111111110
111111111111111111111111111111111111111111111111111111111111111111111111111111111111111111111111111111111111100000000000000111111111111111111111111111111100011101111111111111111111111111111111111100000000000000000000000000000000000000000000000000000000000000011111111111111111111111111111111111111110
111111111111111111111111111111111111111111111111111111111111111111111111111111111111111111111111111111111111100000000000001111111111111111111111111111111100000001111111111111111111111111111111111100000000000000000000000000000000000000000000000000000000000000011111111111111111111111111111111111111110
111111111111111111111111111111111111111111111111111111111111111111111111111111111111111111111111111111111111100000000000001111111111111111111111111111111100000000000000000000000000000000000000000000000000000000000000000000000000000000000000000000000000000000011111111111111111111111111111111111111110
111111111111111111111111111111111111111111111111111111111111111111111111111111111111111111111111111111111111110000000000001111111111111111111111111111111100000000000000000000000000000000000000000000000000000000000000000000000000000000000000000000000000000000011111111111111111111111111111111111111110
111111111111111111111111111111111111111111111111111111111111111111111111111111111111111111111111111111111111111000000000011111111111111111111111111111111100000000000000000000000000000000000000000000000000000000000000000000000000000000000000000000000000000000011111111111111111111111111111111111111110
111111111111111111111111111111111111111111111111111111111111111111111111111111111111111111111111111111111111111110000000011111111111111111111111111111111100000000000000000000000000000000000000000000000000000000000000000000000000000000000000000000000000000000011111111111111111111111111111111111111110
111111111111111111111111111111111111111111111111111111111111111111111111111111111111111111111111111111111111111111111111111111111111111111111111111111111100000001111000000000000000000000000000111100000000000000000000000000000010000000000000001100000000000000011111111111111111111111111111111111111110
111111111111111111111111111111111111111111111111111111111111111111111111111111111111111111111111111111111111111111111111111111111111111111111111111111111100000001111111111111111111111111111111111100000000000000000000000000000000000000000000001100000000000000011111111111111111111111111111111111111110
111111111111111111111111111111111111111111111111111111111111111111111111111111111111111111111111111111111111111111111111111111111111111111111111111111111111000001111111111111111111111111111111111100000000000000000000000000000000000000000000000000000000000000011111111111111111111111111111111111111110
111111111111111111111111111111111111111111111111111111111111111111111111111111111111111111111111111111111111111111111111111111111111111111111111111111111111000011111111111111111111111111111111000000000000000000000000000000000000000000000000000000000000000000011111111111111111111111111111111111111110
111111111111111111111111111111111111111111111111111111111111111111111111111111111111111111111111111111111111111111111111111111111111111111111111111111111111111111111111111111111111111111111100000000000000111100000000000000000000000000000000000000000000000111111111111111111111111111111111111111111110
111111111111111111111111111111111111111111111111111111111111111111111111111111111111111111111111111111111111111111111111111111111111111111111111111111111111111111111111111111111111111111111100000000000000111100000000000000000000000000000000000000000000000111111111111111111111111111111111111111111110
111111111111111111111111111111111111111111111111111111111111111111111111111111111111111111111111111111111111111111111111111111111111111111111111111111111111111111111111111111111111111111111100000000000000111100000000000000000000000000000000000000000000000001111111111111111111111111111111111111111110
111111111111111111111111111111111111111111111111111111111111111111111111111111111111111111111111111111111111111111111111111111111111111111111111111111111111111111111111111111111111111111111100000000000111111100000000000000000000000000000000000000000000000001111111111111111111111111111111111111111110
111111111111111111111111111111111111111111111111111111111111111111111111111111111111111111111111111111111111111111111111111111111111111111111111111111111111111111111111111111111111111111111100000000000111000000000000000000000000000000000000000000000000000001111111111111111111111111111111111111111110
111111111111111111111111111111111111111111111111111111111111111111111111111111111111111111111111111111111111111111111111111111111111111111111111111111111111111111111111111111111111111111111111000000000111000000000000000000000000000000000000000000000000000001111100000000000001111111111111111111111110
111111111111111111111111111111111111111111111111111111111111111111111111111111111111111111111111111111111111111111111111111111111111111111111111111111111111111111111111111111111111111111111111111111111111111000000000000000000000000000000000000011000000000001111100000000000001111111111111111111111110
111111111111111111111111111111111111111111111111111111111111111111111111111111111111111111111111111111111111111111111111111111111111111111111111111111111111111111111111111111111111111111111111111111111111111000000000000000000000000000000000000011110000000000111000000000000001111111111111111111111110
111111111111111111111111111111111111111111111111111111111111111111111111111111111111111111111111111111111111111111111111111111111111111111111111111111111111111111111111111111111111111111111111111111111000111000000000000000000000000000000000000001110000000000000000000000000001111111111111111111111110
111111111111111111111111111111111111111111111111111111111111111111111111111111111111111111111111111111111111111111111111111111111111111111111111111111111111111111111111111111111111111111111111111111111100000000000000000000000000000000000000000001111000000000000000000000000001111111111111111111111110
111111111111111111111111111111111111111111111111111111111111111111111111111111111111111111111111111111111111111111111111111111111111111111111111111111111111111111111111111111111111111111111111111111111100000000000000000000000000000000000000000000111000000000000000000000000001111111111111111111111110
111111111111111111111111111111111111111111111111111111111111111111111111111111111111111111111111111111111111111111111111111111111111111111111111111111111111111111111111111111111111111111111111111111111110000000000000000000000000000000000000000000111000000000000000000000000001111111111111111111111110
111111111111111111111111111111111111111111111111111111111111111111111111111111111111111111111111111111111111111111111111111111111111111111111111111111111111111111111111111111111111111111111111111111111110000000000000000011100000000000000000000000111000000000000000000000000001111111111111111111111110
111111111111111111111111111111111111111111111111111111111111111111111111111111111111111111111111111111111111111111111111111111111111111111111111111111111111111111111111111111111111111111111111111111111110000000000000000111110000000000000000000000000000000000000000000000000011111111111111111111111110
111111111111111111111111111111111111111111111111111111111111111111111111111111111111111111111111111111111111111111111111111111111111111111111111111111111111111111111111111111111111111111111111111111111110000000000000000111110000000000000000000000000000000000000000000000000011111111111111111111111110
111111111111111111111111111111111111111111111111111111111111111111111111111111111111111111111111111111111111111111111111111111111111111111111111111111111111111111111111111111111111111111111111111111111110000000000000000111110000000000000000000000000000000000000000000000000011111111111111111111111110
111111111111111111111111111111111111111111111111111111111111111111111111111111111111111111111111111111111111111111111111111111111111111111111111111111111111111111111111111111111111111111111111111111111110000000000000000111110000000000000000000000000011111000000000000000000011111111111111111111111110
111111111111111111111111111111111111111111111111111111111111111111111111111111111111111111111111111111111111111111111111111111111111111111111111111111111111111111111111111111111111111111111111111111111110000000000000000011100000000000000000000000011111111110000000000000000011111111111111111111111110
111111111111111111111111111111111111111111111111111111111111111111111111111111111111111111111111111111111111111111111111111111111111111111111111111111111111111111111111111111111111111111111111111111111111111111111111110000000000000000000000000000111111111111100000000000000011111111111111111111111110
111111111111111111111111111111111111111111111111111111111111111111111111111111111111111111111111111111111111111111111111111111111111111111111111111111111111111111111111111111111111111111111111111111111111111111111111110000000000000000000000000001111111111111110000000000000011111111111111111111111110
111111111111111111111111111111111111111111111111111111111111111111111111111111111111111111111111111111111111111111111111111111111111111111111111111111111111111111111111111111111111111111111111111111111111111111111111110000000000000000000000000011111111111111111000000000000011111111111111111111111110
111111111111111111111111111111111111111111111111111111111111111111111111111111111111111111111111111111111111111111111111111111111111111111111111111111111111111111111111111111111111111111111111111111111110000000000000000000000000000000000000000111111111111111111000000000000011111111111111111111111110
111111111111111111111111111111111111111111111111111111111111111111111111111111111111111111111111111111111111111111111111111111111111111111111111111111111111111111111111111111111111111111111111111111111110000000000000000000000000000000000000000111111111111111111000000000001111111111111111111111111110
111111111111111111111111111111111111111111111111111111111111111111111111111111111111111111111111111111111111111111111111111111111111111111111111111111111111111111111111111111111111111111111111111111111110000000000000000000000000000000000000000111111111111111111000000000011111111111111111111111111110
111111111111111111111111111111111111111111111111111111111111111111111111111111111111111111111111111111111111111111111111111111111111111111111111111111111111111111111111111111111111111111111111111111111110000000000000000000000000000000000000000111111111111111111000000111111111111111111111111111111110
111111111111111111111111111111111111111111111111111111111111111111111111111111111111111111111111111111111111111111111111111111111111111111111111111111111111111111111111111111111111111111111111111111111110000000000000000000000000000000000000000111111111111111111000000111111111111111111111111111111110
111111111111111111111111111111111111111111111111111111111111111111111111111111111111111111111111111111111111111111111111111111111111111111111111111111111111111111111111111111111111111111111111111111111110000000000000000000000000000000000000000111111111111111111000000111111111111111111111111111111110
111111111111111111111111111111111111111111111111111111111111111111111111111111111111111111111111111111111111111111111111111111111111111111111111111111111111111111111111111111111111111111111111111111111110000001111111110000000000000000000000000111111111111111111000000111111111111111111111111111111110
111111111111111111111111111111111111111111111111111111111111111111111111111111111111111111111111111111111111111111111111111111111111111111111111111111111111111111111111111111111111111111111111111111111110000001111111110000000000000000000000000111111111111111111000000111111111111111111111111111111110
111111111111111111111111111111111111111111111111111111111111111111111111111111111111111111111111111111111111111111111111111111111111111111111111111111111111111111111111111111111111111111111111111111111110000001111111110000000000000000000000000011111111111111111000000111111111111111111111111111111110
111111111111111111111111111111111111111111111111111111111111111111111111111111111111111111111111111111111111111111111111111111111111111111111111111111111111111111111111111111111111111111111111111111111110000001110000000000000000000000000000000011111111111111100000000111111111111111111111111111111110
111111111111111111111111111111111111111111111111111111111111111111111111111111111111111111111111111111111111111111111111111111111111111111111111111111111111111111111111111111111111111111111111111111111110000001110000000000000000000000000000000011111111111111100000000111111111111111111111111111111110
111111111111111111111111111111111111111111111111111111111111111111111111111111111111111111111111111111111111111111111111111111111111111111111111111111111111111111111111111111111111111111111111111111111110000001110000000000000000000000000000000000001111111100000000000111111111111111111111111111111110
111111111111111111111111111111111111111111111111111111111111111111111111111111111111111111111111111111111111111111111111111111111111111111111111111111111111111111111111111111111111111111111111111111111110000001110000000000000000000000000000000000000000000000000000000111111111111111111111111111111110
111111111111111111111111111111111111111111111111111111111111111111111111111111111111111111111111111111111111111111111111111111111111111111111111111111111111111111111111111111111111111111111111111111111110000001111000000000000000000000000000000000000000000000000000000111111111111111111111111111111110
111111111111111111111111111111111111111111111111111111111111111111111111111111111111111111111111111111111111111111111111111111111111111111111111111111111111111111111111111111111111111111111111111111111110000001111100000000000000000000000000000000000000000000000000000011111111111111111111111111111110
111111111111111111111111111111111111111111111111111111111111111111111111111111111111111111111111111111111111111111111111111111111111111111111111111111111111111111111111111111111111111111111111111111111110000001111111000000000000000000000000000000000000000000000000000000011111111111111111111111111110
111111111111111111111111111111111111111111111111111111111111111111111111111111111111111111111111111111111111111111111111111111111111111111111111111111111111111111111111111111111111111111111111111111111110000001111111000000000000000000000000000000000000000000000000000000000111111111111111111111111110
111111111111111111111111111111111111111111111111111111111111111111111111111111111111111111111111111111111111111111111111111111111111111111111111111111111111111111111111111111111111111111111111111111111110000001111111100000000000000000000000000000000000000000000000000000000001111111111111111111111110
111111111111111111111111111111111111111111111111111111111111111111111111111111111111111111111111111111111111111111111111111111111111111111111111111111111111111111111111111111111111111111111111111111111110000001111111100010000000000000000000000000000000000000000000000000000001111111111111111111111110
111111111111111111111111111111111111111111111111111111111111111111111111111111111111111111111111111111111111111111111111111111111111111111111111111111111111111111111111111111111111111111111111111111111110000001111111110011000000000000000000000000000000000000000000000000000001111111111111111111111110
111111111111111111111111111111111111111111111111111111111111111111111111111111111111111111111111111111111111111111111111111111111111111111111111111111111111111111111111111111111111111111111111111111111100000001111111110000000000000000000000000000000000000000000000000000000001111111111111111111111110
111111111111111111111111111111111111111111111111111111111111111111111111111111111111111111111111111111111111111111111111111111111111111111111111111111111111111111111111111111111111111111111111000000000000000001111111111000000000000000000011000000000000000000000000000000000001111111111111111111111110
111111111111111111111111111111111111111111111111111111111111111111111111111111111111111111111111111111111111111111111111111111111111111111111111111111111111111111111111111111111111111111111111000000000000000001111111111000000000000000000111000000000000000000000000000000000001111111111111111111111110
111111111111111111111111111111111111111111111111111111111111111111111111111111111111111111111111111111111111111111111111111111111111111111111111111111111111111111111111111111111111111111111111000000000000000001111111111100000000000000000111111000000000000000000000000000000001111111111111111111111110
111111111111111111111111111111111111111111111111111111111111111111111111111111111111111111111111111111111111111111111111111111111111111111111111111111111111111111111111111111111111111111111111000000000000000001111111111111111000000000001111111100000001100000000000000000000001111111111111111111111110
111111111111111111111111111111111111111111111111111111111111111111111111111111111111111111111111111111111111111111111111111111111111111111111111111111111111111111111111111111111111111111111111000000000000000001111111111111111000000000001111111100000001100000000000000000000001111111111111111111111110
111111111111111111111111111111111111111111111111111111111111111111111111111111111111111111111111111111111111111111111111111111111111111111111111111111111111111111111111111111111111111111111111000000000000000001111111111111111100000000001111111111000000000000000000000000000001111111111111111111111110
111111111111111111111111111111111111111111111111111111111111111111111111111111111111111111111111111111111111111111111111111111111111111111111111111111111111111111111111111111111111111111111111000000000000000001111111111111111100000000001111111110000000000000000000000000000001111111111111111111111110
111111111111111111111111111111111111111111111111111111111111111111111111111111111111111111111111111111111111111111111111111111111111111111111111111111111111111111111111111111111111111111111111000000000000000001111111111111111100000000000111111000000000000000000000000000000001111111111111111111111110
111111111111111111111111111111111111111111111111111111111111111111111111111111111111111111111111111111111111111111111111111111111111111111111111111111111111111111111111111111111111111111111111000000000000000001111111111100111000000000000111111000000000000000000000000000000001111111111111111111111110
111111111111111111111111111111111111111111111111111111111111111111111111111111111111111111111111111111111111111111111111111111111111111111111111111111111111111111111111111111111111111111111111000000000000000001111111111100000000000000000011111000001000000000000000000000000001111111111111111111111110
111111111111111111111111111111111111111111111111111111111111111111111111111111111111111111111111111111111111111111111111111111111111111111111111111111111111111111111111111111111111111111111111000000000000000001111111111100000000000000000001110000000000000000000000000000000001111111111111111111111110
111111111111111111111111111111111111111111111111111111111111111111111111111111111111111111111111111111111111111111111111111111111111111111111111111111111111111111111111111111111111111111111111000000000000000001111111111100000000000000000000000000000000000000000000000000000001111111111111111111111110
111111111111111111111111111111111111111111111111111111111111111111111111111111111111111111111111111111111111111111111111111111111111111111111111111111111111111111111111111111111111111111111111000000000000000001111111111100000000000000000000000000000000000000000000000000000001111111111111111111111110
111111111111111111111111111111111111111111111111111111111111111111111111111111111111111111111111111111111111111111111111111111111111111111111111111111111111111111111111111111111111111111111111100000000000000001111111111100000000000000000000000000000000000000000000000000000001111111111111111111111110
111111111111111111111111111111111111111111111111111111111111111111111111111111111111111111111111111111111111111111111111111111111111111111111111111111111111111111111111111111111111111111111111100000000000000000111111111100000000000000000000000000000000000000000000000000000001111111111111111111111110
111111111111111111111111111111111111111111111111111111111111111111111111111111111111111111111111111111111111111111111111111111111111111111111111111111111111111111111111111111111111111111111111100000000000000000111111111100000000000000000000000000000000000000000000000000000001111111111111111111111110
111111111111111111111111111111111111111111111111111111111111111111111111111111111111111111111111111111111111111111111111111111111111111111111111111111111111111111111111111111111111111111111111100000000000000000111111111100000000000000000000000000000000000000000000000000000001111111111111111111111110
111111111111111111111111111111111111111111111111111111111111111111111111111111111111111111111111111111111111111111111111111111111111111111111111111111111111111111111111111111111111111111111111100000000000000000111111111100000000000000000000000000000000000000000000000000000000011111111111111111111110
111111111111111111111111111111111111111111111111111111111111111111111111111111111111111111111111111111111111111111111111111111111111111111111111111111111111111111111111111111111111111111111111110000000000000000111111111100000000000000000000000000000000000000000000000000000000000111111111111111111110
111111111111111111111111111111111111111111111111111111111111111111111111111111111111111111111111111111111111111111111111111111111111111111111111111111111111111111111111111111111111111111111111111000000000000000111111111100000000000000000000000000000000000000000000000000000000000000111111111111111110
111111111111111111111111111111111111111111111111111111111111111111111111111111111111111111111111111111111111111111111111111111111111111111111111111111111111111111111111111111111111111111111111111000000000000000111111111100000000000000000000000000000000000000000000000000000000000000111111111111111110
111111111111111111111111111111111111111111111111111111111111111111111111111111111111111111111111111111111111111111111111111111111111111111111111111111111111111111111111111111111111111111111111111100000000000000111111111100000000000000000000000000000000000000000000000000000000000000111111111111111110
111111111111111111111111111111111111111111111111111111111111111111111111111111111111111111111111111111111111111111111111111111111111111111111111111111111111111111111111111111111111111111111111111110000000000011111111111110000000000000000000000000000000000011111000000000010000000000111111111111111110
111111111111111111111111111111111111111111111111111111111111111111111111111111111111111111111111111111111111111111111111111111111111111111111111111111111111111111111111111111111111111111111111111110000000000011111111111110000000000000000000000000000000001111111000000000000000000000111111111111111110
111111111111111111111111111111111111111111111111111111111111111111111111111111111111111111111111111111111111111111111111111111111111111111111111111111111111111111111111111111111111111111111111111111000000000011111111111110000000000000000000000000000000001111111100000000000000000000111111111111111110
111111111111111111111111111111111111111111111111111111111111111111111111111111111111111111111111111111111111111111111111111111111111111111111111111111111111111111111111111111111111111111111111111111000000000011111111111110000000000000000000000000000000001111111100000000000000000000111111111111111110
111111111111111111111111111111111111111111111111111111111111111111111111111111111111111111111111111111111111111111111111111111111111111111111111111111111111111111111111111111111111111111111111111111100000000011111111111110000000000000000000000000000000001111111000000000000000000000111111111111111110
111111111111111111111111111111111111111111111111111111111111111111111111111111111111111111111111111111111111111111111111111111111111111111111111111111111111111111111111111111111111111111111111111111110000000011111111111110000000000000000000100000000000001111111000000000000000000000111111111111111110
111111111111111111111111111111111111111111111111111111111111111111111111111111111111111111111111111111111111111111111111111111111111111111111111111111111111111111111111111111111111111111111111111111110000000011111111111110000000000000000000000000000000000011110000000000000000000000111111111111111110
111111111111111111111111111111111111111111111111111111111111111111111111111111111111111111111111111111111111111111111111111111111111111111111111111111111111111111111111111111111111111111111111111111110000000011111111111110000000000000000000000000000000000000000000000000000000000000111111111111111110
111111111111111111111111111111111111111111111111111111111111111111111111111111111111111111111111111111111111111111111111111111111111111111111111111111111111111111111111111111111111111111111111111111110000000011111111111110000000000000000000000000000000000000000000000000000000000000111111111111111110
111111111111111111111111111111111111111111111111111111111111111111111111111111111111111111111111111111111111111111111111111111111111111111111111111111111111111111111111111111111111111111111111111111111000000011111111111110000000000000000000000000000000000000000000000011100000000000111111111111111110
111111111111111111111111111111111111111111111111111111111111111111111111111111111111111111111111111111111111111111111111111111111111111111111111111111111111111111111111111111111111111111111111111111111000000001111111111110000000000000000000000000000000000000000000000011100000000000111111111111111110
111111111111111111111111111111111111111111111111111111111111111111111111111111111111111111111111111111111111111111111111111111111111111111111111111111111111111111111111111111111111111111111111111111111000000000111111111111000000000111000000000000000000000000000000000011100000000000111111111111111110
111111111111111111111111111111111111111111111111111111111111111111111111111111111111111111111111111111111111111111111111111111111111111111111111111111111111111111111111111111111111111111111111111111111111111111111111111111000000001111000000000000000000000000000000000000000000000000111111111111111110
111111111111111111111111111111111111111111111111111111111111111111111111111111111111111111111111111111111111111111111111111111111111111111111111111111111111111111111111111111111111111111111111111111111111111111111111111111111111111111000000000000000000000000000000000000000000000000111111111111111110
111111111111111111111111111111111111111111111111111111111111111111111111111111111111111111111111111111111111111111111111111111111111111111111111111111111111111111111111111111111111111111111111111111111111111111111111111111111111111111000000000000000000000000000000000000000000000000111111111111111110
111111111111111111111111111111111111111111111111111111111111111111111111111111111111111111111111111111111111111111111111111111111111111111111111111111111111111111111111111111111111111111111111111111111111111111111111111111111111111111100000000000000000000000000000111100000001111111111111111111111110
111111111111111111111111111111111111111111111111111111111111111111111111111111111111111111111111111111111111111111111111111111111111111111111111111111111111111111111111111111111111111111111111111111111111111111111111111111111111111111100000000000000000000000000001111100000011111111111111111111111110
111111111111111111111111111111111111111111111111111111111111111111111111111111111111111111111111111111111111111111111111111111111111111111111111111111111111111111111111111111111111111111111111111111111111111111111111111111111111111111100000000000000000000000000001111100011111111111111111111111111110
111111111111111111111111111111111111111111111111111111111111111111111111111111111111111111111111111111111111111111111111111111111111111111111111111111111111111111111111111111111111111111111111111111111111111111111111111111111111111111100000000000000000000000000001111100111111111111111111111111111110
111111111111111111111111111111111111111111111111111111111111111111111111111111111111111111111111111111111111111111111111111111111111111111111111111111111111111111111111111111111111111111111111111111111111111111111111111111111111111111100000000000000000000000000000111100111111111111111111111111111110
111111111111111111111111111111111111111111111111111111111111111111111111111111111111111111111111111111111111111111111111111111111111111111111111111111111111111111111111111111111111111111111111111111111111111111111111111111111111111111100000000000000000000000000011111111111111111111111111111111111110
111111111111111111111111111111111111111111111111111111111111111111111111111111111111111111111111111111111111111111111111111111111111111111111111111111111111111111111111111111111111111111111111111111111111111111111111111111111111111111111111111111111111111111111111111111111111111111111111111111111110
111111111111111111111111111111111111111111111111111111111111111111111111111111111111111111111111111111111111111111111111111111111111111111111111111111111111111111111111111111111111111111111111111111111111111111111111111111111111111111111111111111111111111111111111111111111111111111111111111111111110
111111111111111111111111111111111111111111111111111111111111111111111111111111111111111111111111111111111111111111111111111111111111111111111111111111111111111111111111111111111111111111111111111111111111111111111111111111111111111111111111111111111111111111111111111111111111111111111111111111111110
111111111111111111111111111111111111111111111111111111111111111111111111111111111111111111111111111111111111111111111111111111111111111111111111111111111111111111111111111111111111111111111111111111111111111111111111111111111111111111111111111111111111111111111111111111111111111111111111111111111110
111111111111111111111111111111111111111111111111111111111111111111111111111111111111111111111111111111111111111111111111111111111111111111111111111111111111111111111111111111111111111111111111111111111111111111111111111111111111111111111111111111111111111111111111111111111111111111111111111111111110
111111111111111111111111111111111111111111111111111111111111111111111111111111111111111111111111111111111111111111111111111111111111111111111111111111111111111111111111111111111111111111111111111111111111111111111111111111111111111111111111111111111111111111111111111111111111111111111111111111111110
111111111111111111111111111111111111111111111111111111111111111111111111111111111111111111111111111111111111111111111111111111111111111111111111111111111111111111111111111111111111111111111111111111111111111111111111111111111111111111111111111111111111111111111111111111111111111111111111111111111110
111111111111111111111111111111111111111111111111111111111111111111111111111111111111111111111111111111111111111111111111111111111111111111111111111111111111111111111111111111111111111111111111111111111111111111111111111111111111111111111111111111111111111111111111111111111111111111111111111111111110
111111111111111111111111111111111111111111111111111111111111111111111111111111111111111111111111111111111111111111111111111111111111111111111111111111111111111111111111111111111111111111111111111111111111111111111111111111111111111111111111111111111111111111111111111111111111111111111111111111111110
111111111111111111111111111111111111111111111111111111111111111111111111111111111111111111111111111111111111111111111111111111111111111111111111111111111111111111111111111111111111111111111111111111111111111111111111111111111111111111111111111111111111111111111111111111111111111111111111111111111110
111111111111111111111111111111111111111111111111111111111111111111111111111111111111111111111111111111111111111111111111111111111111111111111111111111111111111111111111111111111111111111111111111111111111111111111111111111111111111111111111111111111111111111111111111111111111111111111111111111111110
111111111111111111111111111111111111111111111111111111111111111111111111111111111111111111111111111111111111111111111111111111111111111111111111111111111111111111111111111111111111111111111111111111111111111111111111111111111111111111111111111111111111111111111111111111111111111111111111111111111110
111111111111111111111111111111111111111111111111111111111111111111111111111111111111111111111111111111111111111111111111111111111111111111111111111111111111111111111111111111111111111111111111111111111111111111111111111111111111111111111111111111111111111111111111111111111111111111111111111111111110
111111111111111111111111111111111111111111111111111111111111111111111111111111111111111111111111111111111111111111111111111111111111111111111111111111111111111111111111111111111111111111111111111111111111111111111111111111111111111111111111111111111111111111111111111111111111111111111111111111111110
111111111111111111111111111111111111111111111111111111111111111111111111111111111111111111111111111111111111111111111111111111111111111111111111111111111111111111111111111111111111111111111111111111111111111111111111111111111111111111111111111111111111111111111111111111111111111111111111111111111110
111111111111111111111111111111111111111111111111111111111111111111111111111111111111111111111111111111111111111111111111111111111111111111111111111111111111111111111111111111111111111111111111111111111111111111111111111111111111111111111111111111111111111111111111111111111111111111111111111111111110
111111111111111111111111111111111111111111111111111111111111111111111111111111111111111111111111111111111111111111111111111111111111111111111111111111111111111111111111111111111111111111111111111111111111111111111111111111111111111111111111111111111111111111111111111111111111111111111111111111111110
111111111111111111111111111111111111111111111111111111111111111111111111111111111111111111111111111111111111111111111111111111111111111111111111111111111111111111111111111111111111111111111111111111111111111111111111111111111111111111111111111111111111111111111111111111111111111111111111111111111110
111111111111111111111111111111111111111111111111111111111111111111111111111111111111111111111111111111111111111111111111111111111111111111111111111111111111111111111111111111111111111111111111111111111111111111111111111111111111111111111111111111111111111111111111111111111111111111111111111111111110
