000000000000000000000000000000000000000000000000000000000000000000000000000000000000000000000000000000000000000000000000000000000000000000000000000000000000000000000000000000000000000000000000000000000000000000000000000000000000000000000000000000000000000000000000000000000000000000000000000000000000
111111111111111111111111111111111111111111111111111111111111111111111111111111111111111111111111111111111111111111111111111111111111111111111111111111111111111111111111111111111111111111111111111111111111111111111111111111111111111111111111111111111111111111111111111111111111111111111111111111111110
111111111111111111111111111111111111111111111111111111111111111111111111111111111111111111111111111111111111111111111111111111111111111111111111111111111111111111111111111111111111111111111111111111111111111111111111111111111111111111111111111111111111111111111111111111111111111111111111111111111110
111111111111111111111111111111111111111111111111111111111111111111111111111111111111111111111111111111111111111111111111111111111111111111111111111111111111111111111111111111111111111111111111111111111111111111111111111111111111111111111111111111111111111111111111111111111111111111111111111111111110
111111111111111111111111111111111111111111111111111111111111111111111111111111111111111111111111111111111111111111111111111111111111111111111111111111111111111111111111111111111111111111111111111111111111111111111111111111111111111111111111111111111111111111111111111111111111111111111111111111111110
111111111111111111111111111111111111111111111111111111111111111111111111111111111111111111111111111111111111111111111111111111111111111111111111111111111111111111111111111111111111111111111111111111111111111111111111111111111111111111111111111111111111111111111111111111111111111111111111111111111110
111111111111111111111111111111111111111111111111111111111111111111111111111111111111111111111111111111111111111111111111111111111111111111111111111111111111111111111111111111111111111111111111111111111111111111111111111111111111111111111111111111111111111111111111111111111111111111111111111111111110
111111111111111111111111111111111111111111111111111111111111111111111111111111111111111111111111111111111111111111111111111111111111111111111111111111111111111111111111111111111111111111111111111111111111111111111111111111111111111111111111111111111111111111111111111111111111111111111111111111111110
111111111111111111111111111111111111111111111111111111111111111111111111111111111111111111111111111111111111111111111111111111111111111111111111111111111111111111111111111111111111111111111111111111111111111111111111111111111111111111111111111111111111111111111111111111111111111111111111111111111110
111111111111111111111111111111111111111111111111111111111111111111111111111111111111111111111111111111111111111111111111111111111111111111111111111111111111111111111111111111111111111111111111111111111111111111111111111111111111111111111111111111111111111111111111111111111111111111111111111111111110
111111111111111111111111111111111111111111111111111111111111111111111111111111111111111111111111111111111111111111111111111111111111111111111111111111111111111111111111111111111111111111111111111111111111111111111111111111111111111111111111111111111111111111111111111111111111111111111111111111111110
111111111111111111111111111111111111111111111111111111111111111111111111111111111111111111111111111111111111111111111111111111111111111111111111111111111111111111111111111111111111111111111111111111111111111111111111111111111111111111111111111111111111111111111111111111111111111111111111111111111110
111111111111111111111111111111111111111111111111111111111111100000000000000000000000000000000000000000000000000000000000000000000000000011100000000000000000011100000000000000000000000000000000000000000000000000000000000000000000000000000000111111111111111111111111111111111111111111111111111111111110
111111111111111111111111111111111111111111111111111111111111100000000000000000000000000000000000000000000000000000000000000000000000000011100000000000000000011100000000000000000000000000000000000000000000000000000000000000000000000000000001111111111111111111111111111111111111111111111111111111111110
111111111111111111111111111111111111111111111111111111110011100000000000000000000000000000000000000000000000000000000000000000000000000011100000000000000000011100000000000000000000000000000000000000000000000000000000000000000000000000000001111111111111111111111111111111111111111111111111111111111110
111111111111111111111111111111111111111111111111111111110000000000000000000000000000000000000000000000000000000000000000000000000000000000000000000000000000000000000000000000000000000000000000000000000000000000000000000000000000000000000001111111111111111111111111111111111111111111111111111111111110
111111111111111111111111111111111111111111111111111111000000000000000011111111111111111111111111111111111100000000000000000000000000000000000000000000000000000000000000000000000000000000000000001111111111111111111111111111111111110000000000000000111111111111111111111111111111111111111111111111111110
111111111111111111111111111111111111111111111111111111000000000000000010000000000000000000000000000000000000000000000000000000000000000000000000000000000000000000000000000000000000000000000000000000000000000000000000000000000000010000000000000000111111111111111111111111111111111111111111111111111110
111111111111111111111111111111111111111111111111111100000000000000000010000000000000000000000000000000000000000000000000000000000000000000000000000000000000000000000000000000000000000000000000000000000000000000000000000000000000010000000000000000001111111111111111111111111111111111111111111111111110
111111111111111111111111111111111111111111111111111100000000000000000010000000000000000000000000000000000000000000000000000000000000000000000000000000000000000000000000000000000000000000000000000000000000000000000000000000000000010000000000000000001111111111111111111111111111111111111111111111111110
111111111111111111111111111111111111111111111111110000000000000000000010000000000000000000000000000000000000000000000000000000000000000000000000000000000000000000000000000000000000000000000000000000000000000000000000000000000000010000000000000000000011111111111111111111111111111111111111111111111110
111111111111111111111111111111111111111111111111110000000000000000000010000000000000000000000000000000000000000000000000000000000000000000000000000000000000000000000000000000000000000000000000000000000000000000000000000000000000010000000000000000000011111111111111111111111111111111111111111111111110
111111111111111111111111111111111111111111111111111100000000000000011110000000000000000000000000000000000000000000000000000000000000000000000000000000000000000000000000000000000000000000000000000000000000000000000000000000000000011100000000000000000000111111111111111111111111111111111111111111111110
111111111111111111111111111111111111111111111111111100000000000000010000000000000000000000000000000000000000000000000000000000000000000000000000000000000000000000000000000000000000000000000000000000000000000000000000000000000000000100000000000000000000111111111111111111111111111111111111111111111110
111111111111111111111111111111111111111111111100111100000000000000010000000000000000000000000000000000000000000000000000000000000000000000000000000000000000000000000000000000000000000000000000000000000000000000000000000000000000000100000000000000000001111111111111111111111111111111111111111111111110
111111111111111111111111111111111111111111111100000000000000000000010000000000000000000000000000000000000000000000000000000000000000000000000000000000000000000000000000000000000000000000000000000000000000000000000000000000000000000100000000000000000001111111111111111111111111111111111111111111111110
111111111111111111111111111111111111111111110000000000000000000000010000000000000000000000000000000000000000000000000000000000000000000000000000000000111110000000000000000000000000000000000000000000000000000000000000000000000000000100000000000000000001111011111111111111111111111111111111111111111110
111111111111111111111111111111111111111111110000000000000000000111110000000000011111111111111111111111111100000000000000000000000000000000000000000000111110000000000000000000000000000000000000111111111111111111111111111110000000000100000000000000000001111011111111111111111111111111111111111111111110
111111111111111111111111111111111111111111000000000000000000000100000000000000010000000000000000000000000000000000000000000000000000000000111000000000111110000000000000000000000000000000000000000000000000000000000000000010000000000111110000000000000000000000111111111111111111111111111111111111111110
111111111111111111111111111111111111111111000000000000000000000100000000000000010000000000000000000000000000000000000000000000000000000000111100000000111110000000000000000000000000000000000000000000000000000000000000000010000000000000010000000000000000000000111111111111111111111111111111111111111110
111111111111111111111111111111111111111100000000000000000000000100000000000000010000000000000000000000000000000000000000000000000000000000111111000000111111000000000000000000000000000000000000000000000000000000000000000010000000000000010000000000000000000000001111111111111111111111111111111111111110
111111111111111111111111111111111111111100000000000000000000000100000000000000010000000000000000000000000000000000000000000000000000000000111111100000111111000000000000000000000000000000000000000000000000000000000000000011111000000000010000000000000000000000001111111111111111111111111111111111111110
111111111111111111111111111111111111111000000000000000111111111100000000000011111111111111111111111111111111111111111111111111111111111111111111110000001111111111111111111111111111111111111111111111111111111111111111111111111000000000011111111111000000000000000011111111111111111111111111111111111110
111111111111111111111111111111111111111000000000000000111111111100000000000011111111111111111111111111111111111111111111111111111111111111111111110000001111111111111111111111111111111111111111111111111111111111111111111111111000000000011111111111000000000000000011111111111111111111111111111111111110
111111111111111111111111111111111111111000000000000011111111111100000000000011111111111111111111111111111111111111111111111111111111111111111111110000001111111111111111111111111111111111111111111111111111111111111111111111111000000000011111111111110000000000000111111111111111111111111111111111111110
111111111111111111111111111111111111111000000000000011111111111100000000000011111111111111111111111111111111111111111111111111111111111111111111110000001111111111111111111111111111111111111111111111111111111111111111111111111000000000011111111111110000000000000111111111111111111111111111111111111110
111111111111111111111111111111111100111000000000001111111000001100000000000011111000000111100000000000000000000000000111100000110000000000111111110000001111111110000001110000001110000000000000000000000001110000000000001111110000000000011100000111111100000000000111001111111111111111111111111111111110
111111111111111111111111111111111100000000000000001111111000001100000000000011111000000111100000000000000000000000000111000000110000000000111111110000111111111110000001110000001110000000000000000000000001110000000000001111110000000000001100000111111100000000000000001111111111111111111111111111111110
111111111111111111111111111111110000000000000000111100111000001100000000000011111000000011000000000000000000000000000011000000110000000000001111110000111111111110000000100000000100000000000000000000000000100000000000000110110000000000001100000111001111000000000000000011111111111111111111111111111110
111111111111111111111111111111110000000000000000111100000000001100000000000011000000000000000000000000000000000000000000000000110000000000001111110000111111111110000000000000000000000000000000000000000000000000000000000000110000000000001100000111001111000000000001100011111111111111111111111111111110
111111111111111111111111111111000000000000000011110000000000001100000000000011000000111110000000000000000000000000000000000000000000000000001111110000000000011100000000000000000000000000000000000000110000000000000000000000110000000000001100000000000011110000000001110000111111111111111111111111111110
111111111111111111111111111111000000000000000011110000000000001100000000000000000000111110000000000000000000000000000000000000000000000000001111110000000000000000000000000000000000000000000000000000110000000000000000000000000000000000001100000000000011110000000001110000111111111111111111111111111110
111111111111111111111111111100000000000000001111111000000000001100000000000000000000111110000111000000000000000000000000000000000000000000000000000000000000000000000000000000000000000000000000000000000000000000000000000000000000000000001100000000001111111100000000111000001111111111111111111111111110
111111111111111111111111111100000000000000001111111000000000001100000000000011000000111110000000000000000000000000000000000000000000000000000000000000000000000000000000000000000000000000000000000000000000000000000000000000110000000000001100000000001111111100000000111000001111111111111111111111111110
111111111111111111111111110000000000000000111100111000000000001100000000000011000000000111000000000000000000000000000000000000000000000000000000000000000000000000000000000000000000000000000000000000000000000000000000000000110000000000001100000000001111001111000000011100011111111111111111111111111110
111111111111111111111111110000000000000000111100000000000000001100000000000011000000000000000000000000000000000000000000000000000000000000000000000000000000000000000000000000000000000000000000000000000000000000000000000000110000000000001100000000000110001111000000011110011111111111111111111111111110
111111111111111111111111111000000000000011110000000000001100001100000000000011000000000000000000000000000000000000000000000000000000000000000000000000000000000000000000000000000000000000000000000000000000000000000000000000110000000000001100000000000000000011110000001110011100111111111111111111111110
111111111111111111111111111000000000000011111000000011111110001100000000000011000000000000000111000000000000000000000000000000000000000000000000000000000000000000000000000000000000000000000000000000000000000000000000000000110000000000001100000000000000000011110000001111000000111111111111111111111110
111111111111111111111100111000000000001111111001111111111110001100000000000011000000000000000000000000000000000000000000000000000000000000000000000000000000000000000000000000000000000000000000000000000000000000000000000000110000000000001100000000000000000111111100000111000000001111111111111111111110
111111111111111111111100000000000000001111111001111111111100001100000000000011000000000111000111000000000000000000000000000000110000000000000000000000000000000000000000000000000000000000000000000000000000000000000000000000110000000000001100000000000000000111111100000111000000001111111111111111111110
111111111111111111110000000000000000111100000000111000000000001100000000000011000000000000000000000000000000000000000000111100110000000000000000000000000000000000000000000000000000000000000000000000000000000000000000000000110000000000001100000000000000000111001111000000000000000011111111111111111110
111111111111111111110000000000000000111100000000000000000000001100000000000011000000000000000000000000000000000000000000111100110000000000000000000000000000000000000000000000000000000000000000000000000000000000000000000000110000000000001100000000000000000000001111000000000000000011111111111111111110
111111111111111111000000000000000011110000000000000000000000001100000000000011000000000111000111000000000000000000000000111100110000000000000000000000000000000000000000000000000000000000000000000000000000000000000011111000110000000000001100000000000000000000000011110000000000000000111111111111111110
111111111111111111000000000000000011110000000000000000000000001100000000000011000000000000000000000000000000000000000000000000110000000000000000000000000000000000000000000000000000000000000000000000000000000000000011111000110000000000001100000000000000000000000111110000000000000000111111111111111110
111111111111111100000000000000001111110000000000000000000000001100000000000011000000110000000000000000000000000000000000000000110000000000000000000000000000000000000000000000000000000000000000000000000000000000000011111000110000000000001100000000000000000000000111111100000000000001111111111111111110
111111111111111100000000000000001111111000000000000000000000001100000000000011000000110000000000000000000000000000000000000000110000000000000000000000000000000000000000000000000000000000000000000000000000000000000011111000110000000000001100000000000000000000000111111100000000000001111111111111111110
111111111111110000000000000000001111111000000000000000000000001100000000000011000000000000000000000000000000000000000000000000110000000000000000000000000000000000000000000000000000000000000000011000000000000000000000000000110000000000001100000000000000000000000111111100000000000001110011111111111110
111111111111110000000000000000001111000000000000011100000000001100000000000011000000000000000000000000000000000000000000000000110000000000000000000000000000000000000000000000000000000000000000011000000000000000000000000000110000000000001100000000000000001110000000111100000000000001110011111111111110
111111111111111100000000000000001111000000000000000000000000001100000000000011000000000000000000000000000000000000000000000000110000000000000000000000000000000000000000000000000000000000000001000000000000000000000000000000110000000000001100000000000000000000000000111100000000000000000011111111111110
111111111111111110000000000000001111000000011100000000000000001100000000000011000000000000000000000000000000000000000000000000110000000000000000000000000000000000000000000000000000000000000000111100000000000000000000000000110000000000001100000000001110000000000000111100000000000000000011111111111110
111111111111111110000000000000001111000000000000011100000000001100000000000011111111111111111111000000000000000000000000000000110000000000000000000000000000000000000000000000000000000000000001111000001111111111111111111111110000000000001100000000000000001110000000111100000000000000000011111111111110
111111111111001111000000000000001111000000000000000000000000001100000000000011111111111111111111000000000000000000000000000000110000000000000000000000000000000000000000000011111000000000000000000000001111111111111111111111110000000000001100000000000000000000000000111100000000000000000011111111111110
111111111111000111000000000000001111000000011100000000000000111111000000000011111111111111111111000000000000000000000000000000111111111111110000000000000000111111111111110011111000000000000000000000001111111111111111111111110000000000111111000000001110000000000000111100000000000000000011111111111110
111111111111000011100000000000001111000000000000011100000000111111000000000011111111111111111111000000000000000000000000000000111111111111110000000000000000111111111111110011111000000000000000000000001111111111111111111111110000000000111111000000000000001110000000111100000000000000000011111111111110
111111111111000011110000000011111111000000000000000000000000001100000000000011111111000000000011000000000000000000000000000000111111111111110000100000010000111111111111110011111000000000000000000000001100000001111111111111110000000000001100000000000000000000000000111100000000000000000111111111111110
111111111111000001111000000011111000000000011100011100000000001100000000000011111111000000000011000000000000000000000000000000111111111111110000100000010000111111111111110000000000000000000000000000001100000000111111111111110000000000001100000000001110001110000000111100000000000000000111111111111110
111111111111000001111000011111111000000000000000000000000000001100000000000011111111000000000011000000000000000000000000000000111111111111110000100000010000111111111111110000000000000000000000000000001100000000011111111111110000000000001100000000000000000000000000111100000000000000000111111111111110
111111111111000000111000011111111000000000011100000000000000000000000000000011111111000000000011000000000000000000000000000000111111111111110000100000010000111111111111110000000000000000000000000000001100000000001111111111110000000000000000000000001110000000000000111100000000000000000111111111111110
111111111111000000111000001111111000000000000000000000000000000000000000000011111111000000000000000000000000000000000000000000111111111111110000100000010000111111111111110000000000000000000000000000000000000000000111111111110000000000000000000000000000000000000000111100000000000000000111111111111110
111111111111000000000000001111111000000000000000000000000000000000000000000011111111000000000000000000000000000000000000000000111111111111110000100000010000111111111111110000000000000000000000000000000000000000000011111111110000000000000000000000000000000000000000111100000000000000000000111111111110
111111111111000000000000000011111100000000000000000000000000000000000000000011111111000000000000000000000000000000000000000000111111111111110000100000010000111111111111110000000000000000000000000000000000000000000001111111110000000000000000000000000000000000000000111100000000000000000111111111111110
111111111111000000000000000011111100000000000000011100000000000000000000000011111111000000000000000000000000000000000000000000111111111111110000100000010000111111111111110000000000000000000000000000000000000000000000111111110000000000000000000000000000001110000000111100000000000000000111111111111110
111111111111000000000000000000000000000000000000000000000000000000000000000000000000000000000000000001000110010110011000000000111111111100010000100000010000000011111111110001000110010110011000000000000000000000000000000000000000000000000000000000000000000000000000111100000000000000010111111111111110
111111111111000000000000000000000000000000011100000000000000000000000000000000000000000000000000000001000110010110011000000000111111111100010000100000010000000011111111110001000110010110011000000000000000000000000000111111100000000000000000000000001110000000000000111100000000000000011111111111111110
111111111111000000000000000000000000000000000000000000000000000000000000000000000000000000000000000001000110010110011000000000111111111100010000100000010000000011111111110001000110010110011000000000000000000000000000111111110000000000000000000000000000000000000000111100000000000000011110111111111110
111111111111000000000000000000000000000000000000000000000000000000000000000000000000000000000000000000000000000000000000000000111111111100000000100000010000000011111111110000000000000000000000000000000000000000000000111111100000000000000000000000000000000000000000111100101000000000000000111111111110
111111111111000000000000000000000000000000000000011100000000001100000000000000000000000000000011000000000000000000000000000000111111111100000000000000000000000011111111110000000000000000000000000000001100000000000000000010000000000000001100000000000000001110000000111100101000000000000000111111111110
111111111111000000000000000000000000000000000000000000000000001100000000000000000000000000000011000000000000000000000000000000111111111100000000000000000000000011111111110000000000000000000000000000111100000000000000000000000000000000001100000000000000000000000000111100111000000000000000111111111110
111111111111000000000000000000000000000000011100000000000000001100000000000000000000000000011111001100000000000000000000000000111111111100000000000000000000000011111111110000000000000000000000001100111111100000000000000000000000000000001100000000001110000000000000111100111000000000000000111111111110
111111111111000000000000001111111100000000000000000000000000001100000000000000000000000000011111001100000000000000000000000000111111111100000000000000000000000011111111110000000000000000000000001100111111100000000000000000000000000000001100000000000000000000000000111100011000000000000000111111111110
111111111111000000000000001111111100000000000000011100000000001100000000000000000000000000000011000000000001000110110110011000111111111100000000000000000000000011111111110000000001000110010110000000111100000000000000000000000000000000001100000000000000001110000000111100001000000000000000111111111110
111111111111000000000000001111111100000000000000000000000000001100000000000000000000000000000011000000000001000110110110011000111111111111110000000000000000000011111111110000000001000110010110000000001100000000000000000000000000000000001100000000000000000000000000111100000000000000000000111111111110
111111111111000000000000001111111000000000011100011100000000001100000000000000000000000000000000000000000001000110110110011000111111111111110000000000000000000011111111110000000001000110010110000000000000000000000000000000000000000000001100000000001110001110000000111100000000000000000000111111111110
111111111111000000000000001111111000000000000000000000000000001100000000000000000000000000000000000000000000000000000000000000111111111111110000000000000000000011111111110000000000000000000000000000000000000000000000000000000000000000001100000000000000000000000000111100000000000000000000111111111110
111111111111000000000000000011111000000000011100011100000000001100000000000000000000000000000000000000000000000000000000000000111111111101110000000000000000000011111111110000000000000000000000000000000000000000000000000000000000000000001100000000001110001110000000111100000000000000000000111111111110
111111111111000000000000000011111000000000000000000000000000001100000000000000000000000000000000000000000000000000000000000000111111111100000000000000000000000011111111110000000000000000000000000000000000000000000000000000000000000000001100000000000000000000000000111100000000000000000000111111111110
111111111111000000000000000011111000000000011100000000000000001100000000000000000000000000000000000000100001001001000100000000111111111100000000000000000000000011111111110000110001001001000100000000000000000000000000000000000000000000001100000000001110000000000000111100000000000000000000111111111110
111111111111000000000000000011111111000000000000000000000000001100000000000000000000000000000000000000100001001001000100111100111111111100000000000000000000000011111111110000110001001001000100000000000000000000000000000000000000000000001100000000000000000000000000111100000000000000000000111111111110
111111111111000000000000000000001111000000000000000000000000001100000000000000000000000000000000000000100001001001000101111100111111111100000000000000000000000011111111110000110001001001000100000000000000000000000000000000000000000000001100000000000000000000000000111100000000000000000000111111111110
111111111111000000000000000000001111000000000000000000000000001100000000000000000000000000000000000000000000000000000001111100111111111100000000000000000000000011111111110000000000000000000000000000000000000000000000000000000000000000001100000000000000000000000000111100000000000000000000111111111110
111111111111000000000000000000001111000000000000011100000000001100000000000000000000000000000000000000000000000000000001111100111111111100000000000000000000000011111111110011100000000000000000000000000000000000000000000000000000000000001100000000000000001110000000111100000000000000000000111111111110
111111111111000000000000000000001111000000000000000000000000000000000000000000000000000000000011000000000000000000000001111100111111111100000000000000000000110011111111110011100000000000000000000000001100000000000000000000000000000000000000000000000000000000000000111100000000000000000000111111111110
111111111111000000000000000000001111000000011100000000000000000000000000000000000000000000000011000000000000000000000000000000111111111100000000000000000000110011111111110000000000000000000000000000001100000000000000000000000000000000000000000000001110000000000000111100000000000000000000111111111110
111111111111000000000000000000001111000000000000011100000000000000000000000000000000000000000011000000000000000000000000000000111111111100000000000000000000000011111111110000000000000000000000000000001100000000000000000000000000000000000000000000000000001110000000111100000000000000000000111111111110
111111111111000000000000000000001111000000000000000000000000000000000000000000000000000000000011111111111111111111111111111111111111111100000000000000000000000011111111111111111111111111111111111111111100000000000000000000000000000000000000000000000000000000000000111100000000000000000000111111111110
111111111111000000000000000000001111000000011100000000000000000000000000000000000000000000000011111111111111111111111111111111111111111100000000000000000000000011111111111111111111111111111111111111111100000000000000000000000000000000000000000000001110000000000000111100000000000000000000111111111110
111111111111000000000000000000001111000000000000000000000000000000000000000000000000000000000011111111111111111111111111111111111111111100000000000000000000000011111111111111111111111111111111111111111100000000000000000000000000000000000000000000000000000000000000111100000000000000000000111111111110
111111111111000000000000000000001111000000000000000000000000000000000000000000000000000000000011111111111111111111111111111111111111111100000000000000000000000011111111111111111111111111111111111111111100000000000000000000000000000000000000000000000000000000000000111100000000000000000000111111111110
111111111111000000000000000000001111000000000000011100000000000000000000000000000000000000000011111111111111111111111111111111111111111100000000000000000000000011111111111111111111111111111111111111111100000000000000000000000000000000000000000000000000001110000000111100000000000000000000111111111110
111111111111000000000000000000001111000000000000000000000000000000000000000000000000000000000011111111111111111111111111111111111111111100000000000000000000000011111111111111111111111111111111111111111100000000000000000000000000000000000000000000000000000000000000111100000000000000000000111111111110
111111111111000000000000000000001111000000011100011100000000001100000000000000000000000000000011111111111111111111111111111111111111111100000000000000000000000011111111111111111111111111111111111111111100000000000000000000000000000000001100000000001110001110000000111100000000000000000000111111111110
111111111111000000000000000000001111000000000000000000000011001111100000000000000000000000000011111111111111111111111111111111111111111100000000000000000000000011111111111111111111111111111111111111111100000000000000000000000000000000001100000000000000000000000000111100000000000000000000111111111110
111111111111000000000000000000001111000000011100000000000011001111100000000000000000000000000011111111111111111111111111111111111111111100000000000000000000000011111111111111111111111111111111111111111110000000000000000000000000000000001100000000001110000000000000111100000000000000000000111111111110
111111111111000000000000000000001111000000000000000000000011001111100000000000000000000000000011111111111111111111111111111111111111111100000000000000000000000001111111111111111111111111111111111111111110000000000000000000000000000000001100000000000000000000000000111100000000000000000000111111111110
111111111111000000000000000000001111000000000000000000000000001100000000000000000000000000000011111111110000000011111111111111110000000000000000000000000000000000000011111111111111111100000000111111111110000000000000000000000000000000001100000000000000000000000000111100000000000000000000111111111110
111111111111000000000000000000001111000000000000000000000000001100000000000000000000000000000011111111110000000011111111111111110000000000000000000000000000000000000011111111111111111100000000111111111110000000000000000000000000000000001100000000000000000000000000111100000000000000000000111111111110
111111111111000000000000000000001111000000000000011100000000000000000000000000000000000000000011111111110000001111111111111111110111001110000000000000000000001110011101111111111111111111000000111111111110000000000000000000000000000000000000000000000000001110000000111100000000000000000000111111111110
111111111111000000000000000000001111000000000000000000000000000000000000000000000000000000000011111111110000001111111111111111110000000000000000000000000000000000000000111111111111111111000000111111111110000000000000000000000000000000000000000000000000000000000000111100000000000000000000111111111110
111111111111000000000000000000001111000000011100000000000000000000000000000000000000000000000011111111110000000000111111111111110000000000000000000000000000000000000000111111111111111111000000111111111100000000000000000000000000000000000000000000001110000000000000111100000000000000000000111111111110
111111111111000000000000000000001111000000000000000000000000000000000000000000000000000000000011111111110000000000111111111111110111001110000000000000000000001110011100111111111111111000000000111111111100000000000000000000000000000000000000000000000000000000000000111100000000000000000000111111111110
111111111111000000000000000000001111000000000000000000000000000000000000000000000000000000000011111111110000000000001111111111100000000000000000000000000000000000000000011111111111110000000000111111111100000000000000000000000000000000000000000000000000000000000000111100000000000000000000111111111110
111111111111000000000000000000001111000000000000011100000000000000000000000000000000000000000011111111110010010010000111111111100000000000000000000000000000000000000000011111111111100000000000111111111100000000000000000000000000000000000000000000000000001110000000111100000000000000000000111111111110
111111111111000000000000000000001111000000000000000000000000000000000000000000000000000000000011111111110010010010000000000000000000000000000000000000000000000000000000000000000000000000000000111111111100000000000000000000000000000000000000000000000000000000000000111100000000000000000000111111111110
111111111111000000000000000000001111000000011100000000000000000000000000000000000000000000000011111111110010010010000000000000000000000000000000000000000000000000000000000000000000000000000000111111111100000000000000000000000000000000000000000000001110000000000000111100000000000000000000111111111110
111111111111000000000000000000001111000000000000000000000000001100000000000000000000000000000011111111110000000000000000000000000000000000000000000000000000000000000000000000000000000000000000111111111100000000110000000000000000000000001100000000000000000000000000111100000000000000000000111111111110
111111111111000000000000000000001111000000000000000000000000001100000000000000000000000000000011111111110000000000000000000000000000000000000000000000000000000000000000000000011001001001100100111111111100000000110000000000000000000000111100000000000000000000000000111100000000000000000000111111111110
111111111111000000000000000000001111000000000000000000000000001111110000000000000000000000000011111111111100000000000000000000000000000000000000000000000000000000000000000000011001001001100100111111111100000000000000000000000000000000111100000000000000000000000000111100000000000000000000111111111110
111111111111000000000000000000001111000000000000000000000000001111110000000000000000000000000011111111111101100100100110010000000000000000000000000000000000000000000000000000011001001001100100111111111100000000001000000000000000000000111110000000000000000000000000111100000000000000000000111111111110
111111111111000000000000000000001111000000000000000000000000000111110000000000000000001111111111111111110001100100100110010000000000000000000000000000000000000000000000000000000000000000000000111111111111111111100100000000000000000000111110000000000000000000000000111100000000000000000000111111111110
111111111111000000000000000000001111000000000000000000000000000111110000000000000000001111111111111111110001100100100110010000000000000000000000000000000000000000000000000000000000000000000000111111111111111111000000000000000000000000111100000000000000000000000000111100000000000000000000111111111110
111111111111000000000000000000001111111111111111111111110000000111100000000000000000001111111111111111110000000000000000000000000000000000000000000000000000000000000000000000000000000000000000111111111111111111000000000000000000000000111100000011111111111111111111111100000000000000000000111111111110
111111111111000000000000000000001111111111111111111111110000000111100000000000000000001111111111111111110000000000000000000000000000000000000000000000000000000000000000000011001001101100100000111111111111111111000000000000000000000000011000000011111111111111111111111100000000000000000000111111111110
111111111111000000000000000000001111111111111111111111111111100011000000000000000000001111111111111111110000000000000000000000000000000000000000000000000000000000000000000011001001101100100000111111111111111111000000000000000000000000000000000011111111111111111111111100000000000000000000111111111110
111111111111000000000000000000001111111111111111111111111111100000000000000000000000001111111111111111110100100110010010011000000000000000000000000001110000000000000000000011001001101100100000111111111111111111000000000000000000000000000000111111111111111111111111111100000000000000000000111111111110
111111111111000000000000000000001111000000000000000000000000000000000000000000000000001111111111111111110100100110010010011000000000000000000000111001110000000000000000000000000000000000000000011111111111111111000000000000000000000000000000111111000000000000000000111100000000000000000000111111111110
111111111111000000000000000000001111000000000000000000000000000000000000000000000000001111111111111111110100100110010010011000000000000000000000111001110000000000000000000000000000000000000000011111111111111111000000000000000000000000000000000000000000000000000000111100000000000000000000111111111110
111111111111000000000000000000001111000000000000000000000000000000000000000000111111111111111111111111100000000000000000000000000000000000000000111001110000011000000000000000000000000000000000011111111111111111111111110000000000000000000000000000000000000000000000111100000000000000000000111111111110
111111111111000000000000000000001111000000000000000000000000000000000000000000111111111111111111111111100000000000000000000000000000000000000000111001110001111000000000000000000000000000000000011111111111111111111111110000000000000000000000000000000000000000000000111100000000000000000000111111111110
111111111111000000000000000000001111000000000000000000000000000000000000000000111111111111111111000000000000000000000000000000000000000000000000111001111111111000000000000000000000000000000000011111111111111111111111110000000000000000000000000000000000000000000000111100000000000000000000111111111110
111111111111000000000000000000001111000000000000000000000000000000000000000000111111111111111111000000000000000000000000000000000000000000000000111001111111111100000000000000000000000000000000000000001111111111111111110000000000000000000000000000000000000000000000111100000000000000000000111111111110
111111111111000000000000000000001111000000000000000000000000000000000000000000111111111111111111000000000000000000000000000001111111110000000000111001111111110000000000000000000000000000000000000000001111111111111111110000000000000000000000000000000000000000000000111100000000000000000000111111111110
111111111111000000000000000000001111000000000000000000000000000000000000000000111111111111111111001100000100000000000000000001111111110000000000111001111100000000000000000000000000000000000000000000011111111111111111110000000000000000000000000000000000000000000000111100000000000000000000111111111110
111111111111000000000000000000001111000000000000000000000000000000000000000000111111111111111100001100000100000000000000000000000000000000000000001001110000000000000011000000000000000000000000000000111111111111111111110000000000000000000000000000000000000000000000111100000000000000000000111111111110
111111111111000000000000000000001111000000000000000000000000000000000000000000111111111111111100001100000100000000000000000000110000000000000000001001110000000000000011000000000000000000000000000000111111111111111111110000000000000000000000000000000000000000000000111100000000000000000000111111111110
111111111111000000000000000000001111000000000000000000000000001111111111111111111111111111111100000000000000000000000000000000110000000000000100001001110010011010010011000000000000000000000000000000001111111111111111111111111111111111000000000000000000000000000000111100000000000000000000111111111110
111111111111000000000000000000001111000000000000000000000000001111111111111111111111111111110000000000000000000000000000000000110000000000000000001001000010011010010011000000000000000000000000000000000000111111111111111111111111111111000000000000000000000000000000111100000000000000000000111111111110
111111111111000000000000000000001111000000000000000000000000001111111111111111111111111100000000000000000000000000000000000000110000000000000000001001000010011010010011000000000000000000000000000000000000000011111111111111111111111111000000000000000000000000000000111100000000000000000000111111111110
111111111111000000000000000000001111000000000000000000000000001111111111111111111111111100000000000000000000000000000000000000110011011011011001001001000000000000000000000000000000000000000000000000000000000011111111111111111111111111000000000000000000000000000000111100000000000000000000111111111110
111111111111000000000000000000001111000000000000000000000000001111111111111111111111111100000000000000000000000000000000000000110011011011011001001001000000000000000000000000000000000000000000000000000000000001111111111111111111111111000000000000000000000000000000111100000000000000000000111111111110
111111111111000000000000000000001111000000000000000000000000001111111111111111111111111100000000000000000000000000000000000000110011011011011001001001010000000010000000000000000000000000000110000000000000000000111111111111111111111111000000000000000000000000000000111100000000000000000000111111111110
111111111111000000000000000000001111000000000000000000000000001111111111111111111111110000000000000000000000000000000000000000110000000000000000001001000000000000000000000000000000000000000111110000000000000000111111111111111111111111000000000000000000000000000000111100000000000000000000111111111110
111111111111000000000000000000001111000000000000000000000000001111111111111111111111110000000000000000011111000000000000000000110000000000000000001001000000000000000000000000000000000000000001000000000000000000111111111111111111111111000000000000000000000000000000111100000000000000000000111111111110
111111111111000000000000000011111111000000000000000000000000001111111111111111111111110000000000000000011111000000000000000000110000000000000000101001001001101001100100000000000000000000000000100000000000000000111111111111111111111111000000000000000000000000000000111111110000000000000000111111111110
111111111111000000000000000011111111000000000000000000000000001111111111111111111111110000000000000000011111000000000000000000110000000000000000001001001001101001100100000000000000000000000000000000000000001111111111111111111111111111000000000000000000000000000000111111110000000000000000111111111110
111111111111000000000000000011111111000000000000000000000000001100000000000000000000000000000000000000000000000000000000000000110000000000000000001001001001101001100100000000000000000000000000000000000000000000000000000000000000000011000000000000000000000000000000111111100000000000000000111111111110
111111111111000000000000000011111111000000000000000000000000000000000000000000000000000000000000000000000000000000000000000000110001100101100100101001000000000000000000000001100000000000000000000000000000000000000000000000000000000000000000000000000000000000000000111111000000000000000000111111111110
111111111111000000000000000000111111110000000000000000000000000000000000000000000000000000000000000000000000000000000000000000110001100101100100101001000000000000000011111111100000000000000000000000000000000000000000000000000000000000000000000000000000000000000011111111000000000000000000111111111110
111111111111000000000000000000111111110000000000000000000000000000000000000000000000000000000000000000000000000000000001111111110001100101100100101001000000000000010011111111110000000000000000000000000000000000000000000000000000000000000000000000000000000000000011111100000000000000000000111111111110
111111111111000000000000000000000000000000000000000000000000000000000000000000000000000000000000000000000000000000000001111111110000000000000000001001000000000000000000111111100000000000000000000000000000001111111111111100000000000000000000000000000000000000000000000000000000000000000000111111111110
111111111111000000000000000000000000000000000000000000000000000000000000000000000000000000000000000000000000000000000001111111111111111111111111111001111111111111111111111110000000000000000000000000000000000000000000000000000000000000000000000000000000000000000000000000000000000000000000111111111110
111111111111000000000000000000000000000000000000000000000000000000000000000000000000000000000000000000000000000000000000000000000000000000000000000000000000000000000000000000000000000000000000000000000000000000000000000000000000000000000000000000000000000000000000000000000000000000000000111111111110
111111111111000000000000000000000000000000000000000000000000000000000000000000000000000000000000000000000000000000000000000000000000000000000000000000000000000000000000000000000000000000000000000000000000000000000000000000000000000000000000000000000000000000000000000000000000000000000000111111111110
111111111111000000000000000000000000000000000000000000000000000000000000000000000000000000000000000000000000000000000001111111111111111111111111111001111111111111111111111111110000000000000000000000000000000000000000000000000000000000000000000000000000000000000000000000000000000000000000111111111110
111111111111000000000000000000000000000000000000000000000000000000000000000000000000000000000000000000000000000000000001111111111000000000000000111001001000000000000000111111110000000000000000000000000000000000000000000000000000000000000000000000000000000000000000000000000000000000000000111111111110
111111111111000000000000000000000000000000000000000000000000000000000000000000000000000000000000000000000000000000000001111111111000001000000010111001000000000000000000111111110000000000000000000000000000000000000000000000000000000000000000000000000000000000000000000000000000000000000000111111111110
111111111111000000000000000000000000000000000000000000000000000000000000000000000000000000000000000000000000000000000000000000000000001000000000111001000000000000000000110000000000000000000000000000000000001111111111111100000000000000000000000000000000000000000000000000000000000000000000111111111110
111111111111000000000000000011111111110000000000000000000000000000000000000000000000000000000000000000000000000000000000000000000000001000000000001001010010010010011000110000000000000000000000000000000000000000000000000000000000000000000000000000000000000000000011111111000000000000000000111111111110
111111111111000000000000000011111111110000000000000000000000000000000000000000000000000000000000000000000000000000000000000000000000000000000000001001010010010010011000110000000000000000000000000000000000000000000000000000000000000000000000000000000000000000000011111111000000000000000000111111111110
111111111111000000000000000000111111000000000000000000000000000000000000000000000000000000000000000000000000000000000000000000000011011010011001001001010010010010011000110000000000000000000000000000000000000000000000000000000000000000000000000000000000000000000000111111000000000000000000111111111110
111111111111000000000000000000111111000000000000000000000000000000000000000000000000000000000000000000000000000000000000000000000011011010011001001001000000000000000000110000000000000000000000000000000000000000000000000000000000000011000000000000000000000000000000111111000000000000000000111111111110
111111111111000000000000000000001111000000000000000000000000001111111111111111111111111000000000000000000000000000000000000000001111011010011001001001000000000000000011110000000000000000000111000000000000000011111111111111111111111111000000000000000000000000000000111100000000000000000000111111111110
111111111111000000000000000000001111000000000000000000000000001111111111111111111111111011000000000000000000000000000000000000001100000000000000001001100000000000100000110000000000000000000111000000000000000011111111111111111111111111000000000000000000000000000000111100000000000000000000111111111110
111111111111000000000000000000001111000000000000000000000000001111111111111111111111111011000000010001000100000000000000000000000000000000000000001001100000000000000000110000000000000000000111000000000000000011111111111111111111111111000000000000000000000000000000111100000000000000000000111111111110
111111111111000000000000000000001111000000000000000000000000001111111111111111111111111000000000010001000100000000000000000000000000000000000000001001000000000000000000110000000000000000000000000000000000000011111111111111111111111111000000000000000000000000000000111100000000000000000000111111111110
111111111111000000000000000000001111000000000000000000000000001111111111111111111111111100000000010001000100000000000000000000000000001000000000001001000000000000000000110000000000000000000000000000000000000011111111111111111111111111000000000000000000000000000000111100000000000000000000111111111110
111111111111000000000000000000001111000000000000000000000000001111111111111111111111111100000000000000000000000000000000000000000000000000000000101001000100100100100110110000000000000000000000000000000000000011111111111111111111111111000000000000000000000000000000111100000000000000000000111111111110
111111111111000000000000000000001111000000000000000000000000001111111111111111111111111100000000000000000000000000000000000000000000000000000000001001000100100100100110111000000000000000000000000000000000000011111111111111111111111111000000000000000000000000000000111100000000000000000000111111111110
111111111111000000000000000000001111000000000000011110000000001111111111111111111111111100000000000000000000000000000000000000000000110110110110011001000100100100100110111000000000000000000000000000000000000011111111111111111111111111000000000000000000000000000000111100000000000000000000111111111110
111111111111000000000000000000001111000000000000011110000000001111111111111111111111111111111000000100010000000000000000000000000000110110110110011001000000000000000000111100000000000000000000000000000011111111111111111111111111111111000000000000000000000000000000111100000000000000000000111111111110
111111111111000000000000000000001111000000000000011110000000001111111111111111111111111111111110000100010000000000000000000000000000110110110110011001000000000000000000111100000000000000000000000000000011111111111111111111111111111111000000000000000000000000000000111100000000000000000000111111111110
111111111111000000000000000000001111111000000000111111000000000111110000111111111111111111111110000100010000000000000000000000001100000000000000001001000000000000000000011000000000000000000000000000000111111111111111110000000000110000111000000000111111000000000111111100000000000000000000111111111110
111111111111000000000000000000001111111000000000111111000000000111110000111111111111111111111111000000000000000000000000000000001100000000000000001001000000000000000000000000000000000000000000000000001111111111111111110000000000110000111000000000111111000000000111111100000000000000000000111111111110
111111111111000000000000000000001111000000000000000000000000000000110000111111111111111111111111000000000000000000000000000000000000000000000000111001111000000011111111000000000000000000000000000000001111111111111111110000000000110000000000000000000000000000000000111100000000000000000000111111111110
111111111111000000000000000000001111000000000000000000000000000000110000111111111111111111111111000000000000000000000000000000000000000000000000111001111000000011111111000000000000000000000000000000001111111111111111110000000000110000000000000000000000000000000000111100000000000000000000111111111110
111111111111000000000000000000001111000000000000000000000000000000110000011111111111111111111111110000000000000000000000000000000000000000000000111001111000000000000000000000000000000000000000000000111111111111111111110000000000110000000000000000000000000000000000111100000000000000000000111111111110
111111111111000000000000000000001111000000000000000000000000000000110000000011111111111111111111110000000000000000000000000000000000000000000000111001111000000000000000000000000000000000000000000000111111111111111111110000000000110000000000000000000000000000000000111100000000000000000000111111111110
111111111111000000000000000000001111000011000000000000000000000000110000000011111111111111111111111111000000000000000000000000000000000000000000111001111000000000000000000011000000000000000000011111111111111111111111110000000000110000000000000000000000000000110000111100000000000000000000111111111110
111111111111000000000000000000001111000011000000000000000000000000110000000011111111111111111111111111100000000000000000000000000000000000000000111001100000000000000000000011000000000000000000011111111111111111111111110000000000110000000000000000000000000000110000111100000000000000000000111111111110
111111111111000000000000000000001111000000000000000000000000000000111100000001100010001111111111111111110000100100000000000000000000000000000000111001100000000000000000000000000000000000000000011111111111111111000000000000000000110000000000000000000000001110000000111100000000000000000000111111111110
111111111111000000000000000000001111000000000000011100000000000000110000000000110000111111111111111111110000100100000000000000000000000000000000111001100000000000000000000000000000000000000000111111111111111111000000000000000000110000000000000000000000000000000000111100000000000000000000111111111110
111111111111000000000000000000001111000000000000000000000000000000110000000000110001111111111111111111110000100100000000000000000000000000000000000000000000000000000000000000010101000101001000111111111111111111000000000000000000110000000000000000001110000000000000111100000000000000000000111111111110
111111111111000000000000000000001111000000011100000000000000000000110000000000000000001111111111111111110000000000000000000000000000000000000000000000000000000000000000000000010101000101001000111111111111111111000000000000000000000000000000000000000000001110000000111100000000000000000000111111111110
111111111111000000000000000000001111000000000000011100000000000000110000000000000000001111111111111111110000000000000100010000000000000000000000000000000000000000000000000000010101000101001000111111111111111111000000000000000000000000000000000000000000000000000000111100000000000000000000111111111110
111111111111000000000000000000001111000000000000000000000000000000110000000000000000001111111111111111110000000000000100010000000000000000000000000000000000000000000000000000000000000000000000111111111111111111000000000000000000000000000000000000001110000000000000111100000000000000000000111111111110
111111111111000000000000000000001111000000011100000000000000000000110000000000000000001111111111111111110000000000000100010000000000000000000000000000000000000000000000000000000000000000000000111111111111111111000000000000000000000000000000000000000000001110000000111100000000000000000000111111111110
111111111111000000000000000000001111000000000000011100000000000000110000000000000000001111111111111111110000000000000000000000000000000000000000000000000000000000000000000000000000000000000000111111111111111111000000000000000000110000000000000000000000000000000000111100000000000000000000111111111110
111111111111000000000000000000001111000000000000000000000000000000110000000000000000011001111111111111110001000100000000000000000000000000000000000000000000000000000000000000100010001001000001111111111100000000000000000000000000110000000000000000001110001110000000111100000000000000000000111111111110
111111111111000000000000000000001111000000011100011100000000000000110000000000000000010011111111111111110001000100000000000000000000000000000000000000000000000000000000000000100010001001000001111111111100000000000000000000000000110000000000000000000000000000000000111100000000000000000000111111111110
111111111111000000000000000000001111000000000000000000011100000000110000000000000000000011111111111111110001000100000000000000000000000000000000000000000000000000000000000000100010001001000001111111111100000000000000000000000000110000000000000000001110000000000000111100000000000000000000111111111110
111111111111000000000000000000001111000000011100000000000000000000110000000000000000000010011111111111110000000000000000000000000000000000000000000000000000000000000000000000000000000000000001111111111100000000000000000000000000110000000000000000000000000000000000111100000000000000000000111111111110
111111111111000000000000000000001111000000000000000000011100000000110000000000000000000000011111111111110000000000000000000000000000000000000000000000000000000000000000000000000000000000000011111111111100000000000000000000000000110000000000000000000000000000000000111100000000000000000000111111111110
111111111111000000000000000000001111000000000000000000000000000000110000000000000000000000001011111111110000000000000000000000000000000000000000000000000000000000000000000000000000000000000011111111111100000000000000000000000000110000000000000000000000000000000000111100000000000000000000111111111110
111111111111000000000000000000001111000000000000000000011100000000110000000000000000000000000011111111110000000000001111111111110000000000110000000000000000111100000000011111111111110000000011111111111100000000000000000000000000110000000000000000000000001110000000111100000000000000000000111111111110
111111111111000000000000000000001111000000000000011100000000000000110000000000000000000000000111111111110000000011111111111111110000000000110000000000000000111100000000011111111111111000000011111111111100000000000000000000000000110000000000000000000000000000000000111100000000000000000000111111111110
111111111111000000000000000000001111000000000000000000000000000000110000000000000000000000000111111111110000000011111111111111110000000000000000000000000000111100000000111111111111111000000011111111111100000000000000000000000000110000000000000000001110000000000000111100000000000000000000111111111110
111111111111000000000000000000001111000000011100000000000000000000110000000000000000000000000111111111110000000011111111111111110000000000000000000000000000111000000000111111111111111100000011111111111100000000000000000000000000110000000000000000000000000000000000111100000000000000000000111111111110
111111111111000000000000000000001111000000000000000000000000000011111100000000000000000000000111111111110000000111111111111111110000000000000000000000000000000000000000111111111111111100000011111111111100000000000000000000000000110000000000000000000000000000000000111100000000000000000000111111111110
111111111111000000000000000000001111000000000000000000000000000011111100000000000000000000000111111111110000000111111111111111110000000000000000000000000000000000000001111111111111111100000111111111111100000000000000000000000000110000000000000000000000001110000000111100000000000000000000111111111110
111111111111000000000000000000001111000000000000011100000000000000110000000000000000000000000111111111110000000011111111111111110000000000000000000000000000000000000011111111111111111100000111111111111100000000000000000000000000110000000000000000000000000000000000111100000000000000000000111111111110
111111111111000000000000000000001111000000000000000000000000000000110000000000000000000000000011111111110000000011111111111111110000000000000000000000000000000000000011111111111111111100000011111111111100000000000000000000000000110000000000000000001110000000000000111100000000000000000000111111111110
111111111111000000000000000000001111000000011100000000000000000000110000000000000000000000000011111111111111111111111111111111111111100000000000000000000000000011111111111111111111111111111111111111111100000000000000000000000011111100000000000000000000000000000000111100000000000000000000111111111110
111111111111000000000000000000001111000000000000000000000000000000000000000000000000000000000011111111111111111111111111111111111111111100000000000000000000000011111111111111111111111111111111111111111100000000000000000000000011111100000000000000000000001110000000111100000000000000000000111111111110
111111111111000000000000000000001111000000000000011100000000000000000000000000000000000000000011111111111111111111111111111111111111111100000000000000000000000011111111111111111111111111111111111111111100000000000000000000000000110000000000000000000000000000000000111100000000000000000000111111111110
111111111111000000000000000000001111000000000000000000000000000000000000000000000000000000000011111111111111111111111111111111111111111100000000000000000000000011111111111111111111111111111111111111111100000000000000000000000000110000000000000000001110001110000000111100000000000000000000111111111110
111111111111000000000000000000001111000000011100011100000000000000000000000000000000000000000011111111111111111111111111111111111111111100000000000000000000000011111111111111111111111111111111111111111100000000000000000000000000000000000000000000000000000000000000111100000000000000000000111111111110
111111111111000000000000000000001111000000000000000000000000000000000000000000000000000000000011111111111111111111111111111111111111111100000000000000000000000011111111111111111111111111111111111111111100000000000000000000000000000000000000000000001110000000000000111100000000000000000000111111111110
111111111111000000000000000000001111000000011100011100011100000000000000000000000000000000000011111111111111111111111111111111111111111100000000000000000000000011111111111111111111111111111111111111111100000000000000000000000000000000000000000000000000001110000000111100000000000000000000111111111110
111111111111000000000000000000001111000000000000000000000000000000000000000000000000000000000011111111111111111111111111111111111111111100000000000000000000000011111111111111111111111111111111111111111100000000000000000000000000000000000000000000001110000000000000111100000000000000000000111111111110
111111111111000000000000000000001111000000011100000000011100000000000000000000000000000000000011111111111111111111111111111111111111111100000000000000000000000011111111111111111111111111111111111111111100000000000000000000000000000000000000000000000000000000000000111100000000000000000000111111111110
111111111111000000000000000000001111000000000000000000000000000000000000000000000000000000000011111111111111111111111111111111111111111100000000000000000000000011111111111111111111111111111111111111111100000000000000000000000000000000000000000000000000000000000000111100000000000000000000111111111110
111111111111000000000000000000001111000000000000000000011100000000110000000000000000000000000001111100000000000000000000000000111111111100000000000000000000000011111111110000000000000000000000000000000000000000000000000000000000000000000000000000000000000000000000111100000000000000000000111111111110
111111111111000000000000000000001111000000000000000000000000000000110000000000000000000000000001111100000000000000000000000000111111111100000000000000000000000011111111110000000000000000000000000000000000000000000000000000000000000000000000000000000000001110000000111100000000000000000000111111111110
111111111111000000000000000000001111000000000000011100000000000000111000000000000000000000000000000000000000000000000000000000111111111100000000000000000000000011111111110000000000000000000000000000000000000000000000000000000000000000000000000000000000000000000000111100000000000000000000111111111110
111111111111000000000000000000001111000000000000000000000000000000111000000000000000000000000000000000000000001110000000000000111111111100000000000000000000000011111111110000000000000000000000000000000000000000000000000000000000110000000000000000001110000000000000111100000000000000000000111111111110
111111111111000000000000000000001111000000011100011100000000000000111000000000000000000000000000000000000000000000000011100000111111111100000000000000000000000011111111110000000000011100000000000000000000000000000000000000000000110000000000000000000000001110000000111100000000000000000000111111111110
111111111111000000000000000000001111000000000000011100000000000000111000000000000000000000000000000000000000000000000000000000111111111100000000000000000000000011111111110000011100000000000000000000000000000000000000000000000000110000000000000000000000000000000000111100000000000000000000111111111110
111111111111000000000000000000001111000000011100000000011100000000111000000000000000000000000000000000000000000000000000000000111111111100000000000000000000000011111111110000000000000001110000000000000000000000000000000000000000110000000000000000001110000000000000111100000000000000000000111111111110
111111111111000000000000000000001111000000011100000000000000000000111000000000000000000000000000000000000000001110000000000000111111111100000000000000000000000011111111110000000000000000000000000000000000000000000000000000000000110000000000000000000000000000000000111100000000000000000000111111111110
111111111111000000000000000000001111000000000000000000000000000000111000000000000000000000000000000000000000000000000011100000111111111100000000000000000000000011111111110000000000000000000000000000000000000000000000000000000000110000000000000000000000000000000000111100000000000000000000111111111110
111111111111000000000000000000001111000000000000000000011100000000111000000000000000000000000000000000000000000000000000000000111111111100000000000000000000000011111111110000011100011100000000000000000000000000000000000000000000110000000000000000000000001110000000111100000000000000000000111111111110
111111111111000000000000000000001111000000000000011100000000000000111000000000000000000000000000000000000000000000000000000000111111111100000000000000000000000011111111110000000000000000000000000000000000000000000000000000000000110000000000000000000000001110000000111100000000000000000000111111111110
111111111111000000000000000000001111000000000000011100000000000000111100000000000000000000000000000000000000000000000000000000111111111100000000000000000000000011111111110000000000011100000000000000000000000000000000000000000000110000000000000000001110001110000000111100000000000000000000111111111110
111111111111000000000000000000001111000000011100011100000000000000111111000000000000000000000000000000000000000000000011100000111111111100000000000000000000000011111111110000011100000000000000000000000000000000000000000000000000110000000000000000000000001110000000111100000000000000000000111111111110
111111111111000000000000000000001111000000011100000000000000000000111111110000000000000000000000000000000000001110000000000000111111111100000000000000000000000011111111110000000000000000000000000000000000000000000000000000000000110000000000000000001110000000000000111100000000000000000000111111111110
111111111111000000000000000000001111000000011100000000011100000000110011111100111111111111111111000000000000000000000000000000111111111100000000000000000000000011111111110000000000000001110000000000001111111111111111110000000000111111000000000000000000000000000000111100000000000000000000111111111110
111111111111000000000000000000001111000000000000000000000000000000000000111111111111111111111111000000000000000000000000000000111111111100000000000000000000000011111111110000000000000000000000000000001111111111111111110000000000111111000000000000000000000000000000111100000000000000000000111111111110
111111111111000000000000000000001111000000000000000000011100000000000000001111111111111111111111000000000000001110000000000000111111111100000000100000010000100011111111110000000000011100000000000000001111111111111111110000000000111111000000000000000000000000000000111100000000000000000000111111111110
111111111111000000000000000000001111000000000000000000000000000000000000000011111111111111111111000000000000000000000000000000111111111100000000100000010000100011111111110000000000000000000000000000001111111111111111110000000000110000000000000000000000001110000000111100000000000000000000111111111110
111111111111000000000000000000001111000000000000011100000000000000000000000000000000000000000011110000000000000000000011100000111111111100000000100000010000100011111111110000011100000000000000000000111100000000000000000000000000110000000000000000000000000000000000111100000000000000000000111111111110
111111111111000000000000000000001111000000000000000000000000000000000000000000000000000000000011110000000000000000000000000000111111111100000000100000010000100011111111110000000000011100000000000000111100000000000000000000000000000000000000000000001110000000000000111100000000000000000000111111111110
111111111111000000000000000000001111000000011100000000000000000000000000000000000000000000000011111100000000001110000000000000111111111100000000100000010000111111111111110000000000000000000000000011111100000000000000000000000000000000000000000000000000000000000000111100000000000000000000111111111110
111111111111000000000000000000001111000000000000000000000000000000000000000000000000000000000011111100000000000000000000000000111111111100000000100000010000111111111111110000011100000000000000000011111100000000000000000000000000000000000000000000000000000000000000111100000000000000000000111111111110
111111111111000000000000000000001111000000000000011100000000000000000000000000000000000000000000111100000000000000000000000000111111111111110000100000010000111111111111110000000000000000000000000011110000000000000000000000000000000000000000000000000000000111110000111100000000000000000000111111111110
111111111111000000000000000000001111000000000000011100000000000000000000000000000000000000000000111100000000000000000000000000111111111111110000100000010000111111111111110000000000000001110000000011110000000000000000000000000000000000000000000000000000000111110000111100000000000000000000111111111110
111111111111000000000000000000001111000011011100000000000000000000110000000000000000000000000000111100000000000000000000000000111111111111110000100000010000111111111111110000000000000000000000000011110000000000000000000000000000000000000000000000001110000111110000111100000000000000000000111111111110
111111111111000000000000000000001111000011011100000000000000000000110000000000000000000000000000111100000000000000000000000000111111111111110000100000010000111111111111110000000000000000000000000011110000000000000000000000000000000000000000000000000000000111110000111100000000000000000000111111111110
111111111111000000000000000000001111000000000000000000000000000111111110000000000000000000000000111100000000000000000000000000111111111111110000100000010000111111111111110000000000000000000000000011110000000000000000000000000000000000000000000000000000000000000000111100000000000000000000111111111110
111111111111000000000000000000001111000000000000000000000000000111111110000000000000000000000000111100000000000000000000000000111111111111110000100000010000111111111111110000000000000000000000000011110000000000000000000000000000110000000000000000000000000000000000111100000000000000000000111111111110
111111111111000000000000000000001111000000000000000000000000000011111100000000000000000000000000111111111111111100000000000000111111111111110000100000010000111111111111110000000000000011111111111111110000000000000000000000000000110000000000000000000000000000000000111100000000000000000000111111111110
111111111111111000000000000000001111000000000000000000000000000000110000000000000000000000000000111111111111111100000000000000111111111111110000100000010000111111111111110000000000000011111111111111110000000000000000000000000111111100000000000000000000000000000000111100000000000000000111111111111110
111111111111111000000000000000001111000000000000000000000000000000000000000000000000000000000000111111111111111100000000000000111111111111110000000000000000111111111111110000000000000011111111111111110000000000000000000000000111111100000000000000000000000000000000111100000000000000000111111111111110
111111111111111000000000000000001111000000000000000000000000000000000000000000000000000000000000111111111111111100000000000000111111111111110000000000000000111111111111110000000000000011111111111111110000000000000000000000000111111100000000000000000000000000000000111100000000000000000111111111111110
111111111111110000000000000000001111000000000000000000000000000000000000000000000000000000000000000000000000111100000000000000000000000000000000000000000000000000000000000000000000000011110000000000000000000000000000000000000000110000000000000000000000000000000000111100000000000000000011111111111110
111111111111110000000000000000001111111000000000000000000000000000000000000000000000000000000000000000000000111100000000000000000000000000000000000000000000000000000000000000000000000011110000000000000000000000000000000000000000000000000000000000000000000000000111111100000000000000000011111111111110
111111111111111100000000000000001111111000000000000000000000000000000000000000000000000000000000000000000000000000000000000000000000000000000000000000000000000000000000000000000000000000000000000000000000000000000000000000000000000000000000000000000000000000000111111100000000000000001111111111111110
111111111111111100000000000000001111111000000000000000000000000000000000000000000000000000000000000000000000000000000000000000000000000000000000000000000000000000000000000000000000000000000000000000000000000000000000000000000000000000000000000000000000000000000111111100000000000000001111111111111110
111111111111111111000000000000000011110000000000000000000000000000000000000000000000000000000000000000000000000000000000000000000000000000000000000000000000000000000000000000000000000000000000000000000000000000000000000000000000000000000000000000000000000000000011110000000000000000111111111111111110
111111111111111111000000000000000011110011100000000011100000000000000000000000000000000000000000000000000000000000000000000000000000000000000000000000000000000000000000000000000000000000000000000000000000000000000000000000000000000000000000000000000000000000000011110000000000000000111111111111111110
111111111111111111110000000000000000111111100000000011100000000000000000000000000000000000000000000000000000000000000000000000000000000000000000000000000000000000000000000000000000000000000000000000000000000000000000000000000000000000000000000000000000000111001111000000000000000011111111111111111110
111111111111111111110000000000000000111111100000000011100000000000110000000000000000000000000000000000000000000000000000000000000000000000000000000000000000000000000000000000000000000000000000000000000000000000000000000000000000000000000000000000000000000111001111000000000000000011111111111111111110
111111111111111111111100000000000000001111000000000011100000000000110000000000000000000000000000000000000000000000000000000000000000000000000000000000000000000000000000000000000000000000000000000000000000000000000000000000000000000000000000000000000000000111111100000000000000001111111111111111111110
111111111111111111111100111000000000001111000000000011100000000000110000000000000000000000000000000000000000000000000000000000000000000000000000000000000000000000000000000000000000000000000000000000000000000000000000000000000000000000000000000000000000000111111100000000000000001111111111111111111110
111111111111111111111111111000000000000011110000000011100000000000011111000000000000000000000000000000000000000000000000000000000000000000000000000000000000000000000000000000000000000000000000000000000000000000000000000000000000110000000000000000000000000011110000000000111100111111111111111111111110
111111111111111111111111111000000000000011110000000011100000000000011111000000000000000000000000000000000000000000000000000000000000000000000000000000000000000000000000000000000000000000000000000000000000000000000000000000000000110000000000000000000000000011110000000000111100111111111111111111111110
111111111111111111111111110000000000000000111100000011100000000000011110000000000000000000000000000000000000000000000000000000000000000000000000000000000000000000000000000000000000000000000000000000000000000000000000000000000000110000000000000000000000001111000000000000111111111111111111111111111110
111111111111111111111111110000000000000000111100111111000000000000011110000000000000000000000000000000000000000000000000000000000000000000000000000000000000000000000000000000000000000000000000000000000000000000000000000000000000111110000000000000001111001111000000000000011111111111111111111111111110
111111111111111111111111111100000000000000001111111111000000000000011100000000000000000000000000000000000000000000000000000000000000000000000000000000000000000000000000000000000000000000000000000000000000000000000000000000000000111110000000000000001111111100000000000000001111111111111111111111111110
111111111111111111111111111100000000000000001111111111000000000000011111100000000000000000000000000000000000000000000000000000000000000000000000000000001110000000000000000000000000000000000000000000000000000000000000000000000000111110000000000000001111111100000000000000001111111111111111111111111110
111111111111111111111111111111000000000000000011110011000000000000011111100000000000000000000000000000000000000000000000000000000000000000000000000000001110000000000000000000000000000000000000000000000000000000000000000000000000111110000000000000000111110000000000000000111111111111111111111111111110
111111111111111111111111111111000000000000000011110000000000000000011111100000000000000000000000000000000000000000000000000000000000000000001111110000011110000000000000000000000000000000000000000000000000000000000000000000000000111100000000000000000011110000000000000000111111111111111111111111111110
111111111111111111111111111111110000000000000000111100000000000000000000000000000000000000000000000000000000000000000000000000000000000111111111110000111111100011100000000000000000000000000000000000000000000000000000000000000000111111100000000000001111000000000000000011111111111111111111111111111110
111111111111111111111111111111110011100000000000111100111000001100000000000000000000000011000000000000000000000000000111100001111000001111111111110000111111111111100001110000001110000000000000000000000000000001110000000000000000011111100000000000001111000000000000000011111111111111111111111111111110
111111111111111111111111111111111111100000000000001111111000001110000000000000000000000111100000000000000000000000000111100001111000001111111111110000111111111111100001110000001110000000000000000000000000000001111000000000000000011111110000000111111100000000000000001111111111111111111111111111111110
111111111111111111111111111111111111111100000000001111111000001110000000000000000000000111100000000000000000000000000111100001111000001111111111000000111111111111100001110000001110000000000000000000000000000001111000000000000000011111110000001111111100000000000111001111111111111111111111111111111110
111111111111111111111111111111111111111100000000000011111111111111111111100000000000111111111111111111111111111111111111111111111111111111111111000000011111111111111111111111111111111111111111111111111111111111110000000000011111111111111111111111110000000000000111111111111111111111111111111111111110
111111111111111111111111111111111111111100000000000011111111111111111111100000000000111111111111111111111111111111111111111111111111111111111111000000011111111111111111111111111111111111111111111111111111111111110000000000011111111111111111111111110000000000000111111111111111111111111111111111111110
111111111111111111111111111111111111110000000000000000111111111111111111100000000000111111111111111111111111111111111111111111111111111111111110000000011111111111111111111111111111111111111111111111111111111111110000000000011111111111111111111111000000000000000011111111111111111111111111111111111110
111111111111111111111111111111111111110000000000000000111111111111111111100000000000111111111111111111111111111111111111111111111111111111111100000000001111111111111111111111111111111111111111111111111111111111110000000000011111111111111111111111000000000000000011111111111111111111111111111111111110
111111111111111111111111111111111111111100000000000000000000000000000000100000000000000100000000000000000000000000000000000000000000000000111100000000000111000000000000000000000000000000000000000000000000000010000000000000010000000000000000000000000000000000001111111111111111111111111111111111111110
111111111111111111111111111111111111111100000000000000000000000000000000100000000000000100000000000000000000000000000000000000000000000000111100000000000000000000000000000000000000000000000000000000000000000010000000000000010000000000000000000000000000000000001111111111111111111111111111111111111110
111111111111111111111111111111111111111111000000000000000000000000000000100000000000000100000000000000000000000000000000000000000000000000110000000000000000000000000000000000000000000000000000000000000000000010000000000000010000000000000000000000000001110000111111111111111111111111111111111111111110
111111111111111111111111111111111111111111000000000000000000000000000000111110000000000100000000000000000000000000000000000000000000000000110000000000000000000000000000000000000000000000000000000000000000000010000000000111110000000000000000000000000001111000111111111111111111111111111111111111111110
111111111111111111111111111111111111111111110000000000000000000000000000000010000000000111111111111111111111111111000000000000000000000000000000000000000000000000000000000000000000001111111111111111111111111110000000000100000000000000000000000000000001111011111111111111111111111111111111111111111110
111111111111111111111111111111111111111111110000000000000000000000000000000010000000000000000000000000000000000000000000000000000000000000000000000000000000000000000000000000000000000000000000000000000000000000000000000100000000000000000000000000000001111111111111111111111111111111111111111111111110
111111111111111111111111111111111111111111111100000000000000000000000000000010000000000000000000000000000000000000000000000000000000000000000000000000000000000000000000000000000000000000000000000000000000000000000000000100000000000000000000000000000000011111111111111111111111111111111111111111111110
111111111111111111111111111111111111111111111100111000000000000000000000000010000000000000000000000000000000000000000000000000000000000000000000000000000000000000000000000000000000000000000000000000000000000000000000000100000000000000000000000000000000011111111111111111111111111111111111111111111110
111111111111111111111111111111111111111111111111111000000000000000000000000010000000000000000000000000000000000000000000000000000000000000000000000000000000000000000000000000000000000000000000000000000000000000000000000100000000000000000000000000000000111111111111111111111111111111111111111111111110
111111111111111111111111111111111111111111111111111000000000000000000000000011100000000000000000000000000000000000000000000000000000000000000000000000000000000000000000000000000000000000000000000000000000000000000000011100000000000000000000000000000000111111111111111111111111111111111111111111111110
111111111111111111111111111111111111111111111111110000000000000000000000000000100000000000000000000000000000000000000000000000000000000000000000000000000000000000000000000000000000000000000000000000000000000000000000010000000000000000000000000000000011111111111111111111111111111111111111111111111110
111111111111111111111111111111111111111111111111110000000000000000000000000000100000000000000000000000000000000000000000000000000000000000000000000000000000000000000000000000000000000000000000000000000000000000000000010000000000000000000000000000000011111111111111111111111111111111111111111111111110
111111111111111111111111111111111111111111111111111100000000000000000000000000100000000000000000000000000000000000000000000000000000000000000000000000000000000000000000000000000000000000000000000000000000000000000000010000000000000000000000000000001111111111111111111111111111111111111111111111111110
111111111111111111111111111111111111111111111111111100000000000000000000000000100000000000000000000000000000000000000000000000000000000000000000000000000000000000000000000000000000000000000000000000000000000000000000010000000000000000000000000000001111111111111111111111111111111111111111111111111110
111111111111111111111111111111111111111111111111111111000000000000000000000000100000000000000000000000000000000000000000000000000000000000000000000000000000000000000000000000000000000000000000000000000000000000000000010000000000000000000000000000111111111111111111111111111111111111111111111111111110
111111111111111111111111111111111111111111111111111111000000000000000000000000111111111111111111111111111111111111000000000000000000000000000000000000000000000000000000000000000000001111111111111111111111111111111111110000000000000000000000000000111111111111111111111111111111111111111111111111111110
111111111111111111111111111111111111111111111111111111110000000000000000000000000000000000000000000000000000000000000000000000000000000000000000000000000000000000000000000000000000000000000000000000000000000000000000000000000000000000000000000011111111111111111111111111111111111111111111111111111110
111111111111111111111111111111111111111111111111111111110011100000000000000000000000000000000000000000000000000000000000000000000000000011100000000000000000011100000000000000000000000000000000000000000000000000000000000000000000000000000001110011111111111111111111111111111111111111111111111111111110
111111111111111111111111111111111111111111111111111111111111100000000000000000000000000000000000000000000000000000000000000000000000000011100000000000000000011100000000000000000000000000000000000000000000000000000000000000000000000000000001111111111111111111111111111111111111111111111111111111111110
111111111111111111111111111111111111111111111111111111111111100000000000000000000000000000000000000000000000000000000000000000000000000011100000000000000000011100000000000000000000000000000000000000000000000000000000000000000000000000000001111111111111111111111111111111111111111111111111111111111110
111111111111111111111111111111111111111111111111111111111111111111111111111111111111111111111111111111111111111111111111111111111111111111111111111111111111111111111111111111111111111111111111111111111111111111111111111111111111111111111111111111111111111111111111111111111111111111111111111111111110
111111111111111111111111111111111111111111111111111111111111111111111111111111111111111111111111111111111111111111111111111111111111111111111111111111111111111111111111111111111111111111111111111111111111111111111111111111111111111111111111111111111111111111111111111111111111111111111111111111111110
111111111111111111111111111111111111111111111111111111111111111111111111111111111111111111111111111111111111111111111111111111111111111111111111111111111111111111111111111111111111111111111111111111111111111111111111111111111111111111111111111111111111111111111111111111111111111111111111111111111110
111111111111111111111111111111111111111111111111111111111111111111111111111111111111111111111111111111111111111111111111111111111111111111111111111111111111111111111111111111111111111111111111111111111111111111111111111111111111111111111111111111111111111111111111111111111111111111111111111111111110
111111111111111111111111111111111111111111111111111111111111111111111111111111111111111111111111111111111111111111111111111111111111111111111111111111111111111111111111111111111111111111111111111111111111111111111111111111111111111111111111111111111111111111111111111111111111111111111111111111111110
111111111111111111111111111111111111111111111111111111111111111111111111111111111111111111111111111111111111111111111111111111111111111111111111111111111111111111111111111111111111111111111111111111111111111111111111111111111111111111111111111111111111111111111111111111111111111111111111111111111110
111111111111111111111111111111111111111111111111111111111111111111111111111111111111111111111111111111111111111111111111111111111111111111111111111111111111111111111111111111111111111111111111111111111111111111111111111111111111111111111111111111111111111111111111111111111111111111111111111111111110
111111111111111111111111111111111111111111111111111111111111111111111111111111111111111111111111111111111111111111111111111111111111111111111111111111111111111111111111111111111111111111111111111111111111111111111111111111111111111111111111111111111111111111111111111111111111111111111111111111111110
111111111111111111111111111111111111111111111111111111111111111111111111111111111111111111111111111111111111111111111111111111111111111111111111111111111111111111111111111111111111111111111111111111111111111111111111111111111111111111111111111111111111111111111111111111111111111111111111111111111110
111111111111111111111111111111111111111111111111111111111111111111111111111111111111111111111111111111111111111111111111111111111111111111111111111111111111111111111111111111111111111111111111111111111111111111111111111111111111111111111111111111111111111111111111111111111111111111111111111111111110
111111111111111111111111111111111111111111111111111111111111111111111111111111111111111111111111111111111111111111111111111111111111111111111111111111111111111111111111111111111111111111111111111111111111111111111111111111111111111111111111111111111111111111111111111111111111111111111111111111111110
111111111111111111111111111111111111111111111111111111111111111111111111111111111111111111111111111111111111111111111111111111111111111111111111111111111111111111111111111111111111111111111111111111111111111111111111111111111111111111111111111111111111111111111111111111111111111111111111111111111110
