000000000000000000000000000000000000000000000000000000000000000000000000000000000000000000000000000000000000000000000000000000000000000000000000000000000000000000000000000000000000000000000000000000000000000000000000000000000000000000000000000000000000000000000000000000000000000000000000000000000000
111111111111111111111111111111111111111111111111111111111111111111111111111111111111111111111111111111111111111111111111111111111111111111111111111111111111111111111111111111111111111111111111111111111111111111111111111111111111111111111111111111111111111111111111111111111111111111111111111111111110
111111111111111111111111111111111111111111111111111111111111111111111111111111111111111111111111111111111111111111111111111111111111111111111111111111111111111111111111111111111111111111111111111111111111111111111111111111111111111111111111111111111111111111111111111111111111111111111111111111111110
111111111111111111111111111111111111111111111111111111111111111111111111111111111111111111111111111111111111111111111111111111111111111111111111111111111111111111111111111111111111111111111111111111111111111111111111111111111111111111111111111111111111111111111111111111111111111111111111111111111110
111100000000000000000000000000000000000000000000000000000000000000000000000000000000000000000000000000000000000000000000000000000011111100000000000000000000000000001111111111111111111111111111111111111111111111111111111111111111111111111111111111111111111111111111111111111111111111111111111111111110
111100000000000000000000000000000000000000000000000000000000000000000000000000000000000000000000000000000000000000000000000000000011111100000000000000000000000000001111111111111111111111111111111111111111111111111111111111111111111111111111111111111111111111111111111111111111111111111111111111111110
111100000000000000000000000000000000000000000000000000000000000000000000000000000000000000000000000000000000000000000000000000000011111100000000000000000000000000001111111111000000000000000000000000000000000000000000000000000000000000000000111111111111111111111111111111111111111111111111111100111110
111100000000000000000000000000000000000000000000000000000000000000000000000000000000000000000000000000000000000000000000000000000011111100000000000000000000000000001111111111000000000000000000000000000000000000000000000000000000000000000000111111111111111111111111111111111111111111111111111100111110
111100000000000000000000000000000000000000000000000000000000000000000000000000000000000000000000000000000000000000000000000000000011111100000000000000000000000000001111111100000000000000000000000000000000000000000000000000000000000000000000111000000000000000000000011000000000000000000000011000111110
111100000000000000000000000000000000000000000000000000000000000000000000000000000000000000000000000000000000000000000000000000000011111100000000000000000000000000001111111100000000000000000000000000000000000000000000000000000000000000000000000000000000000000000000000000000000000000000000000000111110
111100000000000000000000000000000000000000000000000000000000000000000000000000000000000000000000000000000000000000000000000000000011111100000000000000000000000000001100000000000000000000000000000000000000000000000000000000000000000000000000000000000000000000000000000000000000000000000000000000111110
111100000000000000000000000000000000000000000000000000000000000000000000000000000000000000000000000000000000000000000000000000000011111100000000000000000000000000001100000000000000000000000000000000000000000000000000000000000000000000000000111000000000000000000000011000000000000000000000011000111110
111100000000001111111111111111111111111111111111111111111111111111111111111111000000000000000000000000001111111111111111111111111111111100000000000000000000000000001100001111111111111111111111111111111111111111111111111111111111111111111111111111111111111111111111111111111111111111111111111100111110
111100000000001111111111111111111111111111111111111111111111111111111111111111000000000000000000000000001111111111111111111111111111111111111110000000000000011111111100001111111111111111111111111111111111111111111111111111111111111111111111111000000000000111111111111000000000000000000000111111111110
111100000000000011111111111111111111111111111111111111111111111111111111111111000000000000000000000000001111111111111111111111111111111100000010000000000000011111000000111111111111111111111111111111111111111111111111111111111111111111111111110000000000000111111111100000000000000000000000000000111110
111100000000000011111111111111111111111111111111111111111111111111111111111111000000000000000000000000001111111111111111111111111111111100000010000000000000011111000000111111111111111111111111111111111111111111111111111111111111111111111111110000000000001111111111100001110000111111111100000000111110
111100000011000011111111111111111111111111111111111111111111111111111111111111000000000000000000000000001111111111111111111111111111111100000010000000000000011110001111111111111111111111111111111111111111111111111111111111111111111111111111110000000000011111111111100001110000111111111110000011111110
111100000011000011111111111111111111111111111111111111111111111111111111111111000000000000000000000000001111111111111111111111111111111100000010000000000000011110001111111111111111111111111111111111111111111111111111111111111111111111111111110000000000011111111111100001110000111111111110000011111110
111100000011110000000011110000000000000000000011111100000001110000000000001111000000000000000000000000001111000000001100000000000000011100000010000000000000011110001111111111111111111111111111111111111111111111111111111111111111111111111111110000000000011111000000000000000000000000111110000000111110
111100000011110000000011110000000000000000000011111100000000110000000000001111000000000000000000000000001111000000001100000000000000001100000010000000000000011110001111111111111111111111111111111111111111111111111111111111111111111111111111110000000000011111000000000000000000000000111110000000111110
111100000011110000000001111000000000000000000011111100000011110000000000001111000000000000000000000000001111000000001000000000000000001100000010000000000000011110001111111111111111111111111111111111111111111111111111111111111111111111111111110000000000011110000000000000000000000000011110000000111110
111100000011110000000011111000000000000000000000000000000011110000000000001111000000000000000000000000001111000000011000000000000000001100000010000000000000011110001111111111111111111111111111111111111111111111111111111111111111111111111111110000000000011110000000000000000000000000011110000000111110
111100000011110000000011111000000000000000000000000000000000110000000000001111000000000000000000000000001111000000011000011000000000001100000010000000000000010000001111111111111111111111111111111111111111111111111111111111111111111111111111110000000000011110000111111100001111111000011110000000111110
111100000011110000000001110000000000000000000000000000000001110000000000001111000000000000000000000000001111000000000000011000000000001100000010000000000000010000001111111111111111111111111111111111111111111111111111111111111111111111111111110000000000011110001111111100001111111100011110000000111110
111100000011110000000011110000000000000000000000000000000001110000000000001111000000000000000000000000001111000000000000000000000000001100000010000000000000010000001111011100000055000000000000000000550000001110111111111111111111111111111111110000000000011110001111111100001111111100011110000000111110
111100000011110000000011110000000000000000000000000000000001110000000000001111000000000011100000000000001111000000000000000000000000001100000010000000000000010000001100000000000055000000000000000000550000000000001111111111111111111111111111110000000000011110001111111100001111111100011110000000111110
111100000011110000001111110000000000000000000000000000000000000000000000001111000000000011111000000000001111000000011000000000000000001100000010000000000000010000001100000000000000000000000000000000000000000000001111111111111111111111111111110000000000011110001111000000000000111100000000000000111110
111100000011111110001111111110000000000000000000000000000000000000000000001111000000000011111000000000001111000000011000111100001000001100000010000000000000010000001100000000000000000000000000000000000000000000001111111111111111111111111111110000000000000000001111000000000000111100000000000000111110
111100000011110000000000000000000000000000000000000000000000000000000000001111000000000001111111000000001111000000000000111100000000001100000000000000000000000000001100000000000000000000000000000000000000000000001111100000000000000011111111110000000000000000001111000011110000111100000000000001111110
111100000011110000000000000011110000000000000000000000000000000000000000001111000000000001111111000000001111000000000001111110000000001100000000000000000000000000001100000000000000000000000005500000000000000000001111110000000000111111111111110000000000000000001111000111111000111100000000000001111110
111100000011110000000000000011111100000000011000000000000000000000000000001111000000000001110000000000001111000000000001111110000000001100000000000000000000000000001155000000000000000000000001111100000000000000551111110000000000111111111111110000000000000000000000000111111100000000000000000001111110
111100000011110000000000000011111100000000011000000000000000000000000000001111000000000001100000000000001111050000000000111110000000001100000000000000000000000000001155000000000000000000000001111100000000000000551111100000000000111111111111110000000000011100000000001111111100000000001110000001111110
111100000011110000000000000001111100000000011000000000000000110000000000001111000000000001100000000000001111000000000000111100000000001100000000000000000000000000001100000000000000000000000000055000000000000000001100000000000000111111111111110000000000011100000000001111111100000000001110000001111110
111100000011111100000000000000111110000000011000000000000000110000000000001111000000000000000000000000001111000000000000000000000000001100000000000000000000000000001100000000000000000000000000000000000000000000001100000000000000111111111111110000000000011100000000001111111100000000001110000001111110
111100000011111100000000000000000111111000000000000000000000110000000000001111000000000000000000000000001111000000000000000000000000001100000000000000000000000000001100000000000000000000000000000000000000000000001100000000000000111111111111110000000000000000001111000111111000111100000000000001111110
111100000011111100000000000000000111111111110000000000000000110000000000001111000000000000000000000000001111000000001100000000000000001100000000000000000000000000001100000000000000000000000000000000000000000000001100000000000000111111111111110000000000000000001111000011110000111100000000000000111110
111100000011111100000000000000000011111111111000000000000000110000000000001111000000000000000000000000001111000000001100000001100000001100000000000000000000000000001100000000000000000000000000000000000000000000001100000000110000001111111111110000000000000000001111000000000000111100000000000000111110
111100000011111100000000000000000001111111111100111111111111110000000000001111000000000000000000000000001111000000000000000001100000001100000000000000000000000000001100000000000000000000000000000000000000000000001100000011111100001111111111110000000000000000001111000000000000111100000000000000111110
111100000011110000000000000000000000000111111100111111111111110000000000001111000000000000000000000000001111000000000000000000000000001100000000000000000000000000001100000000000000000000000000000000000000000000551100000011111100000011111111110000000000011100001111111100001111111100001110000000111110
111100000011110111110000000000000000000000000000011000000000110000000000001111000000000000000000000000001111000000000000000000000000001100000000000000000000000000001100000000000000000000000000000000000000000000001100000001001100000011111111110000000000011100011111111100001111111100001110000000111110
111100000011110111110000000000000000000000000000000000000000110000000000001111000000000000000000000000001111000000000000000000000000001100000000000000000000000000001155000000000000000000000000000000000000000000001100011100000000000011111111110000000000011100111111111100001111111000001110000000111110
111100000011110111110000000000000000000000000000000000000000110000000000001111000000000000000000000000001111000000000000000000000000001100000000000000000000000000001155000000000000000000000000000000000000000000001100011110011000000011111111110000000000011100000111111100001111110000001110000000111110
111100000011110000000000000000000000000000000000000000000000110000000000001111000000000000000000000000001111000000000000000000000000111100000000000000000000000000001100000000000000000000000000000000000000000000551100001100011000000011111111110000000000011100000000000000000000000000001110000000111110
111100000011110000000000000000000000000000000055000000000000110000000000001111000000000000000000000000001111000000000000000000000000111100000000000000000000000000001100000000000000000000000000000000000000000000551100000000000000000011111111110000000000011100000000000000000000000000001110000000111110
111100000011110000000000000000000000000000000055000000000000110000000000001111111111111111111111111111111111111111111100000000111111111100000000000000000000000000001100000000000000000000000000000000000000000000001100000000000000000011111111110000000000011111000000000000000000000000001110000000111110
111100000011110000000000000000000000000000000000000000000000110000000000001111111111111111111111111111111111111111111111100000111111111100000000000000000000000000001100000000000000000000000000000000000000000000001111000000000000000011111111110000000000011111000000000000000000000000011110000000111110
111100000011110000000000000000000000000000000000000000000000110000000000001111111111111111111111111111111111000000000000000000000000000000000000000000000000000000001100000055000000005500000000000000550000000000001111001111000000000011111111110000000000011111111111000001110000111111111110000000111110
111100000011110000000000000000000000000000001111000000000000110000000000001111111111111111111111111111111111000000000000000000000000000000000000000000000000000000001100000055000000005500000000000000550000000000001111001111000000000011111111110000000000011111111111000001110000111111111110000000111110
111100000011110000000000000000000000000000001111105500000000110000000000000000000000000000000000000000000000000000000000000000000000000000000000000000000000000000001111111111000000001111111111111111111111111111111111111111110000000011111111110000000000001111111111000001110000111111111100000000111110
111100000011110000000000000000000000000000551111105500000000110000000000000000000000000000000000000000000000000000000000000000000000000000000000000000000000000000001111111111000000001111111111111111111111111111111111111111110000000011111111110000000000000000000000000000000000000000000000000000111110
111100000011111000001111000000000000000000551111100000000000110000000000000000000000000000000000000000000000000000000000000000000000000000000000000000000000000000000000000000000000000000000000000000000000000000000000000000000000000011111111110000000000000000000000000000000000000000000000000000111110
111100000011111000001111000000000000000000001111000000000000110000000000000000000000000000000000000000000000000000000000000000000000000000000000000000000000000000000000000000000000000000000000000000000000000000000000000000000000000011111111110000000000000000000000000000000000000000000000000000111110
111100000011111000055111100000000000000000000000000000000000110000000000000000000000000000000000000000000000000000000000000000000000000000000000000000000000000000000000000000000000000000000000000000000000000000000000000000000000000011111111110000000000000000000000000000000000000000000000000000111110
111100000011111000055111100000000000000000000000000000000000110000000000000000000000000000000000000000000000000000000000000000000000000000000000000000000000000000000000000000000000000000000000000000000000000000000000000000000000000011111111110000000000000000000000000000000000000000000000000000111110
111100000011110000000011100000000000000000000000000000000000110000000000000000000000000000000000000000000000000000000000000000000000000000000000000000000000000000000000000000000000000000000000000000000000000000000000000000000000000001100000010000000000000000000000000000000000000000000000000000111110
111100000011110000000000000000000000000000000000000000000000110000000000000000000000000000000000000000000000000000000000000000000000000000000000000000000000000000000000000000000000000000000000000000000000000000000000000000000000000001100000000000000000000000000000000000000000000000000000000000111110
111100000011110000005000000000000000000000000000000000000000110000000000000000000000000000000000000000000000000000000000000000000000000000000000000000000000000000000000000000000000000000000000000000000000000000000000000000000000000001100000000000000000000000000000000000000000000000000000000000111110
111100000011110000055000000000000000000000000000000000000000110000000000000000000000000000000000000000000000000000000000000000000000000000000000000000000000000000000000000000000000000000000000000000000000000000000000000000000000000001100000000000000000000010001001000100010001100100010001111000111110
111100000011110000000000000000000000000000000000000000000000110000000000000000000000000000000000000000000000000000000000000000000000000000000000000000000000000000000000000000000000000000000000000000000000000000000000000000000000000001100000000000000000000000000000000000000000000000000000000000111110
111100000011110005550000000111000011100000000001110000111000110000000000000000000000000000000000000000000000000000000000000000000000000000000000000000000000000000000000000000000000000000000000000000000000000000000000000000000000000001100000000000000000000000000000000000000000000000000000000000111110
111100000011111111111111111111000011111111111111110000111111110000000000000000000000000000000000000000000000000000000000000000000000000000000000000000000000000000000000000000000000000000000000000000000000000000000000000000000000000001100000000000000000000000000000000000000000000000000000000000111110
111100000011111111111111111111000011111111111111110000111111110000000000000000000000000000000000000000000000000000000000000000000000000000000000000000000000000000000000000000000000000000000000000000000000000000000000000000000000000001100000010000000000000000000000000000000000000000000000000000111110
111100000011110000000000111111000000011111110000000000000000000000000000000000000000000000000000000000000000001111111111111100000000111111111111110000000000111111111111111100001111111111111111000000000000000000000000000000000000000011111111110000000000000011111001000100010001100100010001001000111110
111100000011110000000000111111100000011111110000000000000000000000000000000000000000000000000000000000000000001111111111111100000000111111111111110000000000111111111111111100001111111111111111000000000000000000000000000000000000000011111111110000000000000000000000000000000000000000000000000000111110
111100000011110000000000111111100000011111110000000000000000000000000000000000000000000000000000000000000000001111100000000000000000000000011111110000000000111100000111000000000000000000111011000000000000000000000000000000000000000011111111110000000000000000000000000000000000000000000000000000111110
111100000011110000000000111111100000111111110000000000000000000000000000000000000000000000000000000000000000001111100000000000000000000000011111110000000000111100000000000000000000000000000011000000000000000000000000000000000000000011111111110000000000000000000000000000000000000000000000000000111110
111100000011110000000000011111000000111111110000000000000000000000000000000000000000000000000000000000000000001111100000000000000000000000011111110000000000111100000000000000000000000000000011000000000000000000000000000000000000000011111111110000000000000000000000000000000000000000000000000000111110
111100000011110000000000000011000000111111110000000000000000000000000000000000000000000000000000000000000000001111100000000000000000000000011111110000000000111100000000000000000000000000000011000000000000000000000000000000000000000011111111110000000100001000000000000000000000000000000000000000111110
111100000011111111111100000000000000111111110000000000000000000000000000000000000000000000000000000000000000001111100000000000000000000000000000110000000000111000000000000000000000000000000011111111111111111111111111111111111100000011111111111111111100001111111111111111111111111111111111111111111110
111100000011111111111100000000000000005500110000000000000000000000000000000000000000000000000000000000000000001100000000000000000000000000000000110000000000111000000000000000000000000000000011111111111111111111111111111111111100000011111111111111111100001111111111111111111111111111111111111111111110
111100000011111111111100055000000000005500110000000000000000000000000000000000000000000000000000000000000000001100000000000000000000000000011111110000000000110000000000000000000000000000000011110111111100000000011111111111111111111111111111111111111100001111111111111111111111111111111111111111111110
111100000011111111111100055000000000000000110000000000000000000000000000000000000000000000000000000000000000001100000000000000000000000000011111110000000000110000001111000000000000000000000011110000011000000000000100000000001111111111111111111111111100001111111111111111111111111111111111111111111110
111100000011110000000000000000000000000000000000000000111111111111111100000000111111111111111111110000000000001101111100000000000000000000011111110000000000110000001111000000000000011110000011111100000000000000000000000000001100000011111111111111111100001111111111111111111111111111111111111111111110
111100000011110000000000000000000000000000000000000000111111111111111100000000111111111111111111110000000000001101111100000000000000000000011111110000000000110000001111000000000000011110000011111100000000000000000000000000001100000011111111111111111100001111111111111111111111111111111111111111111110
111100000011110000000000000000110000000000000000000000110000000000000000000000000000000000000000110000000000001101111100000000000000000000000000000000000000110000001111000000000000011110000011000000000000000000000000000000001100000011111111111111111100001111111111111111111111111111111111111111111110
111100000011110000000000000001111000000000000000000000110000000000000000000000000000000000000000110000000000001101111100000000000000000000000000000000000000110000001111000000000000011110000011000000000000000000000000000000001100000011111111111111111100001111111111111111111111111111111111111111111110
111100000011110000000000000111111000000000000000000000110000000000000000000000000000000000000011111111111111111111000000000000000000000000000000000000000000110000000000000000000000011110000011000000000000000000000000000000001100000011111111111111111100001111111111111111111111111111111111111111111110
111100000011110000000000001111111000000000000000000000110000000000000000000000000000000000000011111111111111111111000000000000000000000000000000000000000000110000000000000000000000000000000011000000000000000000000000000000001100000011111111111111111100001111111111111111111111111111111111111111111110
111100000011111111111100001111111000000000000000000000110000000000000000000000055000000000000011111111111111111111000000000000000000000000000000000000000000110000000000000000000000000000000011000000000000000000000000000000001100000000000000000000000000000000111111111100111100001111001111111111111110
111100000011111111111100000111100000000000000000000000110000000000000000000000055000000000000011111111111111111111000000000001000000000000000000000000000000110000000000000000000000000000000011000000000000000000001111100000001100000000000000000000000000000000111111111100111100001111001111111111111110
111100000011111111111100000111000000000000110000000000110000000000000000000000000000000000000011111111111111111111000000000010000000000000000000000000000000110000000000000001110000000000000011000000000000000000001111100000001100000000000000000000000000000000111111111100111100001111001111111111111110
111100000011111111111100000000055000005000110000000000110000000000000000000000000000000000000011111111111111111111000000001111000000000000000000000000000000110000000000000011110000000000000011000000000000000000001111100000001100000000000000000000000000000000111111111100111100001111001111111111111110
111100000011110000000000000000055000000000110000000000000000000000000000000000001111100000000011111111111111111111000000001111000000000000001111110000000011111110000000000011111000000000000011000000000000000000000000000000000000000000000000000000000000000000111100111100111100001111001111111111111110
111100000011110000000000000000000000111111110000000000000000000000000000000000001111110000000011111111111111111111000000011111105000000000001111110000000011111110000000000001111000000000000011000000000000000000000000000000000000000000000000000000000000000000110000000000000000000000000000111111111110
111100000011110000000000000000000000111111110000000000000000000111111155000000001111110000000011111111111111111111000000011111105000000000001111110000000011111100000000000001111000000000000000000000000000000000000000000000000000000000000000000000000000000000110000000000000000000000000000111111111110
111100000011110111000000000000000000111111110000000000000000000111111155000000001111110000000011111111111111111111000000000055000000000000001111110000000011111100000000000001110000000000000000000000000000000000000000000000000000000000000000000000000000000000110000000000000000000000111110111111111110
111100000011110111000000000000000000111111110000000000000000000011111100000000001111110000000011111111111111111111000000000000000000000000001111111111111111111100000000000000000000000000000000000000000000000000000000000000001100000000000000000000000000000000110000000000000000000000111110111111111110
111100000011111111000000000000000000000000110000000000000000000011111100000000001111100055000011111111111111111111000000000000000000000000001111111111111111111100000000000000000000000000000000000000000000000000000500000000001100000000000000000000000000000000110000000000000000000000111110111111111110
111100000011111111000000000000000000000500110000000000000000000011111100000000001100000055000011111111111111111111000000000000000000000111111111111111111111111100000000000000000000000000000011000000000111110000005550000011111100000000000000000000000000000000110000000000000000000000000000111111111110
111100000011111110000000000000000000000000111000000000000000000011111000000000001100000000000011111111111111111111000000000000000000000111111111111111111111111100000000000000000000000000000011000000000111110000005550000011111100000000000000000000000000000000110000000000000000000000000000111111111110
111100000011111111111111111100000000111111111100000000000000000055000055000000000000000000000011111111111111111111000000000000000000000111111111111111111111111100000000000000000000000000000011111100000111110000000550000011111100000000000000000000000000000000110000000000000000000000000000111111111110
111100000011111111111111111100000000111111111000000000000000000055000055000000000000000000000011111111111111111111000000000000000000000111111111111111111111111101111111111100000011111111111011111100000111110000000000000011111100000000000000000000000000000000110000000000000000000000000000111111111110
111100000011110001110000000000000000000000110000000000000000000000000000000000000000000000000011111111111111111111000000000000000000000000001111111111111111111111111111111111111111111111111111111110000000000000000000000011111100000000000000000000000000000000110000000000000000000000000000111111111110
111100000011110001111000000000000000000000110000000000000000000000000000000000000000000000000011111111111111111111000000000000000000000000001111111111111111111111111111111111111111111111111111111111000000000000000000000011111100000000000000000000000000000000110000000000000000000000000000111111111110
111100000011110000111000000000000000000000110000000000000000000000000000000000000000000000000011111100000000111111000000000000000000000111111111111111111111111111111111111111111111111111111111111100000000000000000000000011111111111111111111110000000000000000000000000000111000000000000000111111111110
111100000011111000011111111111111110000000110000000000000000000000000000000000000000000000000011111100000000111111000000000000000000000111111111111111111111111111111111111111111111111111111111111110000000000000000000000011111111111111111111110000000000000000000000000000111000000000000000111111111110
111100000011111000001111111111111110000000110000000000110000000000000000000000000000000000000011111100000000111111000000000000000000000111111111110000000011111111111111111111111111111111111111111110000000000000000000000011111111111111111111110000000000000000000000000000111100000000000000111111111110
111100000011111000000111111111111110000000110000000000110000000000000000000000000000000000000011111100000000111111000000000000000000000111111111110005500011111111111111111111111111111111111111111110000000000000000000000011111111111111111111110000000000000000000000000000011100000000000000111111111110
111100000011110000000111111011111110000000110000000000110000000000000000000000000001111005500011111100000000111111111111111111111111111111111111110005500011111111111111111111111111111111111111111111000000000000000000000011111111111111111111110000000000000000000000000000011100000000000000111111111110
111100000011110000000011111001111110000000110000000000110000000000000000000000055011111105500011111100000000111111111111111111111111111111111111110000000011111111111111111111111111111111111111111111000000000000011111000011111111111111111111110000000000000000111100000000000000000000000000111111111110
111100000011110000000001110001111110000000000000000000110000000001111005500000055011111100000011111100000000111111111111111111111111111111111111110000000011111111111111111111111111111111111111111111000000000000011111000011111100000000001111110000000000000000111100000000000000000000000000111111111110
111100000011110000000001110001111110000000000000000000110000000011111105500000000011111100000011111100000000111111111111111111111111111111111111110000000011111111111111111111111111111111111111111111000000000000011111000011111100000000001111110000000000000000011100000000000000011100000111111111111110
111100000011110000000001000000000000000000000000000000110000000011111100000000000011111100000011111100000000111111111111111111111111111111111111110000000011111111111111111111111111111111111111111111000000000000000000000011111100000000001111110000000000000000011100000000000000011111100111111111111110
111100000011110000010000000000000000000000000000000000110000000011111100000000000001111000000011111100000000111111111111111111111111111111111111110000000011111111111111111111111111111111111111111111000000000000000000000011111100000000001111110000000000000000000000000000000000001111100111111111111110
111100000011110000010000000000001000000000000000000000110000000011111100000000000000110000000011111100000000111111111111111111111111111111111111110000000011111111111111111111111111111111111111111111000000000000000000000011111100000000001111110000000000000000111111111111111111000111111111111111111110
111100000011110000000000000001001100100000000000000000110000000011111000000000000000110000000011111100000000111111111111111111111111111111111111110000000011111111111111111111111111111111111111111111000000000000000000000011111100000000001111110000000000000000111111111111111111000011111111111111111110
111100000011110000000000111101001100110000000000000000110000000055000000000000000000000000000011111100000000111111111111111111111111111111111111110000000011111111111111111111111111111111111111111111000000000000000000000011111100000000001111110000000000000000111111110011000000000000000000111111111110
111100000011110000000001111111000100110000000000000000110000000055000000000000000000000000000011111155000000111111111111111111111111111111111111110000000011111111111111111111111111111111111111111111000000000000000000000011111100000000001111110000000000000000111111111000000000000000000000111111111110
111100000011110000000011111111000000110000110000000000110000000000000000000000000000000000000011111155000000000000000000000055000000000000000000000000000000000110011100000000000000000000111111111111111111111111111111111111111100000000001111110000001111000000111111111000000000000000000000111111111110
111100000011110000000001111110000000000000110000000000110000000000000000000000000000000000000011111100000000000000000000000000000000000000000000000000000000000110000000000550000000000000111111111111111111111111111111111111111100000000001111110000001111000000110111110000000000000000000000111111111110
111100000011110000000001111110000000000000110000000000110000000000000000000000000000000000000011111100000000000000000000000000000000000000000000000000000000000000000000000550000000000000111111111111111111111111111111111111111100000000001111110000000011000000110001000000000000000000000000111111111110
111100000011110000000001111110001000000000110000000000110000000000000000000000000000000000000011111100000000000000000000000000000000000000000000000000000000000000000000000000000000000000111111111111111111111111111111111111111100000000001111110000000011000000110000000000000000000000000000111111111110
111100000011110000000001111110011001000000110000000000110000000000000000000000000000000000000011111100000000000000000000000000000000000000000000000000000000000000000000000000000000000000111111111111111111111111111111111111111100000000001111110000000011000000110000000000000000000000000000111111111110
111100000011110010000000001110011011000000110000000000110000000000000000000000000000000000000011111100000000000000000000000000000000000000000000000000000000000000000000000000000000000000111111111111111111111111111111111111111100000000001111110000000011000000110000000000000000000000000000111111111110
111100000011111110000000000000011011000000110000000000111111111111111111111111111111111111111111111100000000000000000000000000000000000000000000000000000000000000000000000000000000000000111111111111111111111111111111111111111100000000001111110000000011000000110011000000000000000000000000111111111110
111100000011111110000000000000000011000000110000000000111111111111111111111111111111111111111111111100000000000000000000000000000000000000000000000000000000005500000000000000000000000000111111111111111111111111111111111111111100000000001111110000000011000000110011000000000000000000000000111111111110
111111111111111111111111111111110000000000110000000000111111111111111111111111111111111111111111111100000000000000000001100000000000000000000000000000000000005500000000000000000000000000111111111111111111111111111111111111111100000000001111110000000011000000111111100000000000000000000000111111111110
111111111111111111111111111111110000000000110000000000111111111111111111111111111111111111111111111100000000000000000001100000000000000000000000000000000000000000000000000000000000000000111111111111111111111111111111111111111100000000001111110000000011000000111111111000000000000000000000111111111110
111111111111111111111111111111110000000000110000000000111111111111111111111111111111111111111111111100000000000000000000000000000000000000000000000000000000000000000000000000000000000000111111111111111111111111111111111111111100000000001111110000000011000000111111111000000000000000000000111111111110
111111111111111111111111111111110000000000110000000000111111111111111111111111111111111111111111111100000000000000000000000000000000000000000000000000000000000000000000000000000000000000111111111111111111111111111111111111111100000000001111110000000011000000111111100000000000000000000000111111111110
111111111111111111111111111111111111111111110000000000111111111111111111111111111111111111111111111100000000000000000000000000000000000000000000000000000000000000000000000000000000000000000000000000000000000005500000000000000000000000001111110000000011000000111111111111111111111111100001111111111110
111111111111111111111111111111111111111111110000000000111111111111111111111111111111111111111111111100000000000000000000000000000000000000000000000000000000000000000000000000000000000000000000000000000000000005500000000000000000000000001111110000000011000000111111111111111111111111100001111111111110
111111110000000000000000000000000000000000000000000000111111111111111111111111111111111111111111111100000000000000000000000000000000000000000000000000000000000000000000000000000000000000000000000000000000000000000000000000000000000000001111110000000000000000000000000000000000000000000000111111111110
111111110000000000000000000000000000000000000000000000111111111111111111111111111111111111111111111100000000000000000000000000000000000000000000000000000000000000000000000000000000000000000000001100000000000000000000000000000000000000001111110000000000000000000000000000000000000000000000111111111110
111111110000000000000000000000000000000000000000000000111111111111111111111111111111111111111111111100000000000000000000000000000000000000000005500000000005500000000000000000000000000000000000001100000000000000000000000000000000000000001111110000000000000000000000000000000011111111111111110011111110
111111110000000000000000000000000000000000000000000000111111111111111111111111111111111111111111111100000000000000000000000000000000000000000005500000000005500000000000000000000000000000000000000000000000000000000000000000000000000000001111110000000000000000000000000000000011111111111111110011111110
111111000000000000000000000000000000000000000000000000111111111111111111111111111111111111111111111100000000000000000000111111111111111111111111110000000011111111111111111111111111000000000000000000000000000000000000000000000000000000001111110000000000000000000000000000000000000000000000000011111110
111111000000000000000000000000000000000000000000000000111111111111111111111111111111111111111111111100000000000000000000111111111111111111111111110000000011111111111111111111111111000000000000000000000000000000000000000000000000000000551111110000000000000000000000000000000000000000000000000011111110
111111000000000000000000000000000000000000000000000000111111111111110000000000000000000000000000005500000000000000000000110000000000000000005511110000000011115000000000000000000011000000000000000000000000000000000000000000000000000000551111110000000000000000000000000000000000000000000000000000111110
111111000000000000000000000000000000000000000000000000111111111111110000000000000000000000000000005500000000000000000000110000000000000000000011110000000011110000000000000000000011000000000000000000000000000000000000000000000000000000001111110000000000000000000000000000000000000000000000000000111110
111100000000000000000000000000000000000000000000000000111111111111110000000000000000000000000000000000000000000000000000110000000000000000000000000000000000000000000000000000000011000000000000000000001111111111111111111111111111111111111111110000000011000000000000000000000000000000000000000000111110
111100000000000000000000000000000000000000000000000000111111111111110000000000000000000000000000000000000000000000000000110000000000000000000000000000000000000000000000000000000011000000000000000000001111111111111111111111111111111111111111110000000011000000000000000000000000000000000000000000111110
111100000000111111111111111100000000000000000000000000111111111111110000000000000000000000000000000000000000000000000000110000000000000000000000000000000000000000000000000000000011000000000000000000001111111111111111111111111111111111111111110000000011000000000000000000000000000000000000000000001110
111100000000111111111111111100000000000000000000000000111111111111110000000000000000000000000000000000000000000000000000110000000000000000000000000000000000000000000000000000000011000000000000000000001111111111111111111111111111111111111111110000000011000000000000000000000000000000000000000000001110
111100000000111111111100000000000000000000000000000000111111111111115500000000000000000000000000000000000000000000000000110000000000000000000000000000000000000000000000000000000011000000000000000000001111111111111111111111111111111111111111110000000011000000000000000000000011111111111100000000001110
111100000000111111111100000000000000000000000000000000111111111111115500000000000000000000000000000000000000000000000000110000000000000000000000000000000000000000000000000000000011000000000000000000001111111111111111111111111111111111111111110000000011000000000000000000000011111111111100000000001110
111100000000111111111111111111000000000000000000000000111111111111111111111111110000000000000000000000000000000000000000110000000000000000000000000000000000000000000000000000000011000000000000000000001111111111000000000000000000000000000000000000000011000000000000000000000000000000001111000000001110
111100000000111111111111111111000000000000000000000000111111111111111111111111110000000000000000000000000000000000000000110000000000000000000000000000000000000000000000000000000011000000000000000000001111111111000000000000000000000000000000000000000011000000000000000001100000000000001111000000001110
111100000000111111111111111111000000000000000000000000111111111111111111111111110000000000001100000000000000000000000000110000000000000000000000000000000000000000000000000000000011000000000000000000001111111111000000000000000000000000000000000000000011000000000011111111111111111111111111000000001110
111100000000111111111111111111000000000000000000000000111111111111111111111111110000000000001100000000000000000000000000110000000000000000000000000000000000000000000000000000000011000000000000000000001111111111000000111100000000000000000000000000000011000000000011111111111111111111111111000000001110
111100000000111111111111111111000000000000000000000000111111111111111111111111110000000000000000000000000000000000000000110000000000000000000000000011000000000000000000000000000011000000000000000000001111111111000000111100000000000000000000000000000011000000000011111111111111111111111111000000001110
111100000000111111111111111111000000000000000000000000111111111111111111111111110000000000000000000000000000000000000000110000000000000000000000000011000000000000000000000000000011000000000000000000001111111111000000111100000001110000000000000000000011000000000011111111111111111111111111000000001110
111100000000111111000000000000000000000000000000000000111111111111111111111111110000000000000000000000000000000000000000110000000000000000000000000011110011000000000000000000000011000000000000000000001111111111000000111100000001110000000000000000000011000000000011000000000000000001111111000000001110
111100000000111111000000000000000000000000000000000000111111111111111111111111110000000000000000000000000000000000000550110000000000000000000001101111111111000000000000000000000011055000000000000000001111111111000000011100000001110000000000000000000011000000000011000011100000001111111111000000001110
111100000000111111000000000000000000000000000000000000111111111111111111111111110000000000000000000000000000000000000550110000000000000000000001111111111110000000000000000000000011055000000000000000001111111111000000000000000001110000000000000000000011000000000011000011100000001111111111000000001110
111100000000111111000000000000000000000000000000000000111111111111111111111111110000000000000000000000000000000000000000110000000000000000000000011111111110000000000000000000000011000000000000000000001111111111000000000000000001110000000000000000000011000000000011000011110000001111111111000000001110
111100000000111111110000000000000000000000000000000000111111111111111111111111111100000000000000000000000000000000000000110000000000000000000000111111111111000000000000000000000011000000000000000000001111111111000000000000000000000000000000000000000011000000000011000011111000001111111111000000001110
111100000000111111110000000000000000000000000000000000111111111111111111111111111100000000000000000000011000000000000000110000000000000000000000111111111111000000000000000000000011000000000000000000001111111111000000000000000000000000000000000000000011000000000011000000011000000111111111000000001110
111100000000001111110000000000000000000000000000000000111111111111111111111111111111111000000000000000011000000000000000110000000000000000000011111111111111110000000000000000000011000000000000000000001111111111000000000000000000000000000000000000000011000000000011000000000000000111111111000000001110
111100000000001111110000000000000000000000000000000000111111111111111111111111111111111100000000000000000000000000000000110000000000000000000011111111111111110000000000000000000011000000000000000000001111111111000000000000000000000000000000000000000011000000000011000000000000001100001111000000001110
111100000000001111110000000000000000000000000000000000000000001111111111111111111111111100000000000000000000000000000000110000000000000000000000011111111110000000000000000000000011000000000000000000001111111111000000000000000000000000000000011100000000000000000011111000000000001100111111000000001110
111100000000001111111100000000000000000000000000000000000000001111111111111111111111111100000000000000000000000000000000110000000000000000000000011111111110000000000000000000000011000000000000000000001111111111000000000000000000000000000000011100000000000000000011111000000000001100111111000000001110
111100000000001111111100000000000000000000000000000000000000001111111111111111111111111100000000000000000000000000000000110000000000000000000000001111111100000000000000000000000011000000000000000000001111111111000000000000000000000000000000011100000000000000000011111000000000110100111100000000001110
111100000000001111111110000000000000000000000000000000000000001111111111111111111111111100000000000000000000000000000000110000000000000000000000011011110011000000000000000000000011000000000011000000001111111111000000000000000000000000000000011100000000000000000011111000000001110100111100000000001110
111100000000001111111111111111111100000000111111110000000000001111111111111111111111111100000000000000000000000000000000110000000000000000000000011000000011000000000000000000000011000000000011000000001111111111111111111111111111110000000000011100000000000000000011000000000001100100111100000000001110
111100000000001111111111111111111100000000111111110000000000001111111111111111111111111100000000001100000000000000000000110000000000000000000000000001100000000000000000000000000011000000000000000000001111111111111111111111111111110000000000011100000000000000000011000000000000000100111100000000001110
111111111111111111111100111110000000000000000000110000000000001111111111111111111111111100000000001100000000000000000000110000000000000000000000000001100000000000000000000000000011000000000000000000000011111111111111111111111111110000000000011100000000000000000011000000011100000100111100000000001110
111111111111111111111100111110000000000000000000110000000000001111111111111111111111111110000000000500000000000000000000110000000000000000000000000000000000000000000000000000000011000000000000000000000011111111111111111111111111110000000000011100000000000000000011000000011110011100111100000000001110
111111111111111111111100000000000000000000000000110000000000001111111111111111111111111111000000000500000000000000000000110000000000000000000000000000000000000000000000000000000011000000000000000000000000111111111111111111111111110000000000011100000011000000000011000000000110011100111111111111111110
111111111111111111111100000000000000000000000000110000000000001111111111111111111111111111100000000500000000000000000000110000000000000000000000000000000000000000000000000000000011000000000000000000000000111111111111111111111111110000000000000000000011000000000011000000000000001100111111111111111110
111111111111111111111100000000000000000011000000110000000000001111111111111111111111111111111111111111000000000000000000110000000000000000000000000000000000000000000000000000000011000000000000000000000000000000000000000000001111110000000000000000000011000000000011000000000000001100111111111111111110
111111111111111111111100000000000000000111100000110000000000001111111111111111111111111111111111111111100000000000000000110000000000000000000000000000000000000000000000000000000011005550000000000000000000000000000000000000001111110000000000000000000011000000000011000000000000001100111111111111111110
111111111111111111111100000000000000001111110000110000000000001111111111111111111111111111111111111111111000000000000000110000000000000000000000000000000000000000000000000000000011005550000000000000000000000000000000000000001111110000000000000000000011000000000011000000000000001100000000000000111110
111111111111111111111100000000000000000111111000110000000000001111111111111111111111111111111111111111111000000000000000110000000000000000000000000000000000000000000000000000000011005550000000000000000000000000000000000110001111110000000000000000000011000000000011000000000000001100000000011011111110
111111000000000000000000000000000000000011110000110000000000001111111111111111111111111111111111111111111111111111111111110000000000000000000000000000000000000000000000000000000011111111111111111111111100000000000000000110001111110000000000000000000011000000000011001100000000001100000000011011111110
111111000000000000000000000000000000000001100000110000000000001111111111111111111111111111111111111111111111111111111111110000000000000000000000000000000000000000000000000000000011111111111111111111111100000000000000000000001111110000000000000000000011000000000011001100000000000100000000000001111110
111111000000000000000000111111110000000000000000110000000000000000000011111111111111111111111111111111111111111111111111110000000000000000000000000000000000000000000000000000000011111111111111111111111111111111111111111111111111110000000000000000000011000000000011000000000000000100010000000011111110
111111000000000000000000111111110000000000000000110000000000000000000011111111111111111111111111111111111111111111111111110000000000000000000000000000000000000000000000000000000011111111111111111111111111111111111111111111111111110000000000000000000011000000000011000000000000000100010000000011111110
111111000011000000000000000000000000000000000000000000000000000000000011111111111111111111111111111111111111111111111111111111111111111111111111111111111111111111111111111111111111111111111111111111111111111111111111111111111111111111000000001111111111000000000011000000000000000100010000000001111110
111111000011000000000000000000000000000000000000000000000000000000000011111111111111111111111111111111111111111111111111111111111111111111111111111111111111111111111111111111111111111111111111111111111111111111111111111111111111111111000000001111111111000000000011000000000000000100010000000001111110
111111000000000000000000000011000000001111000000000000000000000000000011111111111111111111111111111111111111111111111111111111111111111111111111111111111111111111111111111111111111111111111111111111111111111111111111111111111111111111000000000000000000000000000011000000000000000100010000000001111110
111111000000000000000000000011000000001111000000000000000000000000000011111111111111111111111111111111111111111111111111111111111111111111111111111111111111111111111111111111111111111111111111111111111111111111111111111111111111111111000000000000000000000000000011000000000000000100010000000001111110
111111000000000000000000000011000000001111000000000000000000000000000011111111111111111111111111111111111111111111111111111111111111111111111111111111111111111111111111111111111111111111111111111111111111111111000000000511100000000000000000000000000000000000000011000000000000000100010000000000001110
111111000000000000000000000011000000001111000000000000000000000000000011111111111111111111111111111111111111111111111111111111111111111111111111111111111111111111111111111111111111111111111111111111111111111111000000000511150000000000000000000000000000000000000011000000000000000100010000000011111110
111111110000000000001111000011000000001111000000000000000000000000000011111111111111111111111111110000000000000000000000000000000000000000000000000011110000000000000000000000000000000000000000000000000011111111000000000555550000000000000000000000000000000000000011000000000000000100010000000011111110
111111110000000000001111000011000000001111000000000000000000000000000011111111111111111111111111110000000000000000000000000000000000000000000000000011110000000000000000000000000000000000000000000000000011111111000000000000000000000000000000000000000000000000000011000000000000000100010000000011111110
111111000000000000001111000011000000001111000011111100000000000000000011111111111111111111111111110000000000000000000000000000000000000000000000000050000000000000000000000000000000000000000000000000000011111111000000000000000000000000000000000000000000000000000011110000000000000100010000000011111110
111111000000000000001111000011000000001111000011111100000000000000000011111111111111111111111111110000000000000000000000000000000000000000000000000000000000000000000000000000000000000000000000000000000011111111000000000000000000000000000000000000000000000000000011110000000000000100010000000011111110
111111000000000000001111000000000000000000000011111100000000000000000000000000000000011111111111110000000000000000000000000000000000000000000000000000000000000000000000000000000000000000000000000000000011111111000000000000000000000000000000000000000000000000000011000000000000000100010000000011111110
111111000000000000001111000000000000000000000011111100000000000000000000000000000000111111111111110000000000000000000000000000000000000000000000000000000000000000000000000000000000000000000000000000000011111111000000000000000000000000000000000000000000000000000011111100000000000100010000001111111110
111111000000000000001111000000000000000000000011111100000000000000000000000000000011111111111111110000000011111111111111111111111111111111111111110000000011111111111111111111111111111111111111110000000011111111000000000000000000000000000000000000000000000000000011111100000000000000010000001111111110
111111000000000000001111000000000000000000000011111100000000000000000000000000000011111110111111110000000011111111111111111111111111111111111111110000000011111111111111111111111111111111111111110000000011111111000000000000000000011000000000000000001110000001110011111000000000000000010000000011111110
111111055500000000000000000000000000000000000011111111111111110000000000000000000001110000111111110000000011111111111111111111111111111111111111110000000011111111111111111111111111111111111111110000000011111100000000000000000000011111111111111111111110000001111111111000000000000000010000000011111110
111111055500000000000000000000000000000000000011111111111111110000000000000000000011000000111111110000000011111111111111111111111111111111111111110000000011111111111111111111111111111111111111110000000011111100000000000000000000001111111111111111111110000001111111111000000000000000010000000011111110
111111111111111100000000000000000000001100000011111111111111110000000000000000000000000000111111110000000011111111100000000000000000000000000000110000000011000000000000000000000000000011111111110000000011111100000000000000000000001111111111110011101110000001111111111110000000000000111111111111111110
111111111111111100001100000000000000001100000011111111111111110000000000000000000000000000111111110000000011111111100000000000000000000000000000110000000011000000000000000000000000000011111111110000000011111100000000000000000000001111111111110011100000000000001111111110000000000000111111111111111110
111111111111111100011110000000000000001100000011111111111111110000000000000000000000000000111111110000000011111111110000000000000000000000000000111111111111000000000000000000000000000511111111110000000011111100000000000000000000001111111111100011100000000000001111111111000000001111111111111111111110
111111111111111100111110000000000000001100000011111111111111110000000000000000000000000000111111110000000011111111110000000000000000000000000000111111111111000000000000000000000000000511111111110000000011111100000000000000000000001111011111100000000000000000001111111111000000001111111111111111111110
111111111111111100111100001100000000001100000011111111111111110000000000000000000000000000111111110000000011000000000000000000000011111111111111111111111111111111111111110000000000000000000000110000000011111100000000000000000000001111000000000000000000000000001111110000000000001111111111111111111110
111111111111111100111100001100000000001100000011111111111111110000000000000000000000000000111111110000000011000000000000000000000000000000000000111111111111000000000000000000000000000000000000110000000011111100000000000000000000001111000000000000000000000000000011110000000000001111111111111111111110
111111000011111100111100001100000000001100000011111111111111111111111100000000000000000000111111110000000011000000000000000000000000000000000000000000000000000000000000000000000000000000000000110000000011111100000000000000000000001111000000000000000000000000000011110000000000000000001111111111111110
111111000011111100111100001100000000001100000011111111111111111111111100000000000000000000111111110000000011000000000000000000000000000000000000000000000000000000000000000000000000000000000000110000000011111100000000000000000000001111000000000000000000000000000011000000000000000000005111111111111110
111111000011110000111100000111110000000000000011111111111111111111111100000000000000000000111111110000000011000000000000000000000000000000000000000000000000000000000000000000000000000000000000110000000011111100000000000000000000001111000000000000000000000000000011000000000000000000005111111111111110
111111000011110000111100000111110000000000000011111111111111111111111100000000000000000000111111110000000011000000000000000000000000000000000000000000000000000000000000000000000000000000000000110000000011111100000000000000000000001111000000000000000000000000000011000000000000000000005111111111111110
111111000011000011111100000111110000000000000011111111111111111111111100000000000000000000111111110000000011000000000000000000000000111111000000000000000000000000001111110000000000000000000000110000000011111100000000000000000000001111000000000000000000000000000000000000000000000000000111111111111110
111111000011000011111100000001110000000000000011111111111111111111111100000000000000000000111111110000000011000000000000000000000000111111000000000000000000000000001111110000000000000000000000110000000011111100000000000000000000001111000000000000000000000000000000000000000000000000000111111111111110
111111000000001111111100000000000000000000000011111111111111111111111100000000000000000000111111110000000011000000000000000000000000000000000000000000000000000000000000000000000000000000000000110000000011111100000000000000000000001111000000000000000000000000000000000000000000000000000011111111111110
111111000000001111111100000000000000000000000011111111111111111111111100000000000000000000111111110000000011000000000000000000000000000000000000000000000000000055000000000000000000000000000000110000000011111100000000000000000000001111000000000000000000000000000000000000000000000000000001111111111110
111111000000000011111100000000111111110000000011111111111111111111111100000000000000000000111111110000000011000000000000000000000000000000000000000000000000000055000000000000000000000000000000110000000011111100000000000000000000001111110000000000111111000000000000000000000000000000000001111111111110
111111000000000011111100000000111111110000000011111111111111111111111111000000000000000000111111110000000011000000000000000000000000000000000000000000000000000000000000000000000000000000000000110000000011111100000000000000000000001111110000000000111111000000000000000000000000000000000000000551111110
111111000000000011111100000000111111110000000011111111111111111111111111100000000000000000111111110000000011000000000000000000000000000000000000000000000000000000000000000000000000000000000000110000000011111100000000000000000000001111111000000000111111000000000000000000000000000000000000000551111110
111111000000000011111100000000111111110000000011111111111111111111111111100000000000000000111111110000000011000000000000000000000000000000000000000000000000000000000000000000000000000000000000110000000011111100000000000000000000001111111000000000111111000000000000000000000000000000000000000551111110
111111000000000011111100000000000000000000000011111111111111111111111111111100000000000000111111110000000011000000000000000000000000000000000000000000000000000000000000000000000000000000000000110000000011110000000000000000000000001111000000000000000000000000000011000000000000000000000000000000111110
111111000000000011111100000000000000000000000011111111111111111111111111111100000000000000111111110000000011000000000000000000000000000000000000000000000000000000000000000000000000000000000000110000000011110000000000000000000000001111111100000000000000000000000011000000000000000000000000000000111110
111111000000000011111100111000000000000000000011111111111111111111111111111100000000000000001111110000000011000000000000000000000000000000000000000000000000000000000000000000000000000000000000110000000011110000000000000000000000001111111100000000000000000000000011011111000011111110000000000000111110
111111000000000011111100111100000000000000000011111111111111111111111111111100000000000000001111110000000011000000000000000000000000000000000000000000000000000000000000000000000000000000000000110000000011110000000000000000000000001111111100000000000000000000000011111111000011111110000000000000111110
111111000000000011111101111100000000000000000011111111111111111111111111111100000000000000001111110000000011000000000000000000000000000000000000000000000000000000000000000000000000000000000000110000000011110000000000000000000000001111111100000000000000000000000011111111100011111110000000000000111110
111111000000000011111111111100000000000000000011111111111111111111111111111100000000000000001111110000000011000000000000000000000000000000000000000000000000000000000000000000000000000000000000110000000011110000000000000000000000001111111100000000000000000000000011111111100011111110000000000000111110
111111000000000011111111111000000000000000000011111111111111111111111111111100000000000000001111110000000011000000000000000000000000000000000000000000000000000000000000000000000000000000000000110000000011110000000000000000000000001111111100000000000000000000000011111111111111111111011000000000111110
111111000000000011111101110000000000000000000011111111111111111111111111111100000000000000001111110000000011000000000000000000000000000000000000000000000000000000000000000000000000000000000000110000000011110000000000000000000000001111111100000000000000000000000011111111111111111111011100000000111110
111111000000000011111100000000000000000000000011111111111111111111111111111100000000000000001111110000000011000000000000000000000000000000000000000000000000000000000000000000000000000000000000110000000011110000000000000000000000001111000000000000000000000000000000000000001100111111011100000000111110
111111000000000011111100000000000000000000000011111111111111111111111111111100000000000000001111110000000011000000000000000000000000000000000000000000000000000000000000000000000000000000000000110000000011110000000000000000000000001111011000000000000000000000000000000000001100111111011000000000111110
111111000000000011111100000000000000000000000011111111111111111111111111111100000000000000001111110000000011000000000000000000000011111111110000000000000000000011111111110000000000000000000000110000000011110000000000000000000000001111011000000000000000000000000000000000000000000011011000000000111110
111111000000000011111111000000000000000000000011111111111111111111111111111100000000000000001111110000000011000000000000000000000011111111110000000000000000000011111111110000000000000000000000110000000011110000000000000000000000001111011000000000000000000000000000000000000000000011000000000000111110
111111000000000011111111000000000000000000000011111111111111111111111111111100000000000000000000000000000000000000000000000000000011111111110000000000000000000011111111110000000000000000000000000000000000000000000000000000000000001111011000000000000000000000000000000000000000000011000000000000111110
111111000000000011111111000000000000000000000011111111111111111111111111111100000000000000000000000000000000000000000000000000000011111111110000000000000000000011111111110000000000000000000000000000000000000000000000000000000000001111000000000000000000000000000000000000000000000011000000000000111110
111111000000000011111111111111111100000000111111111111111111111111111111111100000000000000000000000000000000000000000000000000000011111111110000000000000000000011111111110000000000000000000000000000000000000000000000000000000000001111100000000000000000000000005500000000000000000011000000000000111110
111111000000000011111111111111111111100000111111111111111111111111111111111100000000000000000000000000000000000000000000000000000011111111110000000000000000000011111111110000000000000000000000000000000000000000000000000000000000001111110000000000000000000000005500000000000000000011000000000000111110
111111000000000011111111111111111100000000111111111111111111111111111111111100000000000000000000000000000000000000000000000000000011111111110000000000000000000011111111110000000000000000000000000000000000000000000000000000000000001111110000000000005500000000000000000000000000000011000000000000111110
111111000000000011111111111111111100000000111111111111111111111111111111111100000000000000000000000000000000000000000000000000000011111111110000000000000000000011111111110000000000000000000000000000000000000000000000000000000000001111110000000000005500000000000000000000000000000011000000000000111110
111111000000000011111111111111111100000000111111111111111111111111111111111100000000000000000000000000000000000000000011100000000000000000000000000000000000000000000000000000000000110000000000000000000000000000000000001100000000001111110000000000000000001111111100000000000000000000000000000000111110
111111000000000011111111111111111100000111111111111111111111111111111111111100000000000000000000000000000000000000000011100000000000000000000000000000000000000000000000000000000000110000000000000000000000000000000000001100000000001111110000000000000000001111111100000000000000000000000000000000111110
111111000000000011111111000000000000000000111111111111111111111111111111111100000000000000000000000000000000000000000011100000000000000000000000000000000000000000000000000000000000110000000000000000000000000000000000000000000000001111110000000000000000001111111100000000000000000000000000000011111110
111111000000000011111111000000000000000000111111111111111111111111111111111100000000000001100001100000000000000000000000000000000000000000000000000000000000000000000000000000000000000000000000000000000110000110000000000000000000001111110000000000000000001111111100000000000000000000000000000011111110
111111000000000011111111110000000000000000051111111111111111111111111111111100000000000001111111100000000000000000000000000000000000000000000000000000000000000000000000000000000000000000000000000000000111111110000000000000000000001111110000000000000000001111111100000000000000000000000055001111111110
111111000000000011111111110000000000000000051111111111111111111111111111111100000000000001111111100000000000000000000000000000000000000000000000000000000000000000000000000000000000000000000000000000000011111100000000000000000000001111110000000000000000000000000000000000000000000000000055111111111110
111111000000000011111111110000000000000000000000000011111111111111111111111100000000000000111111000000000000000000000000000000000011111111110000000000000000000011111111110000000000000000000000000000000011111100000000000000000000001111111100000000000000000000000000000000000000000000000055111111111110
111111000000000011111111110000000000000000000000000011111111111111111111111100000000000000111111000000000110000000000000000000000011111111110000000000000000000011111111110000000000000000000000000000000011111100000000000000000000001111111110000000000000000000000000000000000000000000000051111111111110
111111000000000011111111110000000000000000000000000000111111111111111111111100000000000000111111000000011110000000000000000000000011111111110000000000000000000011111111110000000000000000000000000000000011111100000000000000000000001111111111100000000000000000000000000000000000000011111111111111111110
111111000000000011111111110000000000000000000000000000111111111111111111111100000000000000111111000000011110000000000000000000000011111111110000000000000000000011111111110000000000000000000000001111000011111100000000000000000000001111111111100000000000000000000000000000000000000011111111111111111110
111111000000000011111111110000000000005500000000000000000011111111111111111100000000000000111111000000011100000000000000000000000011111111110000000000000000000011111111110000000000000000000000001111000011111100000000000000000011001111111111100000000000000000000000000000000000000011111111111111111110
111111000000000011111111110000000000005500000000000000000011111111111111111100000001111110111111000000001100000000000000000000000011111111110000000000000000000011111111110000000000000000000000000111000011111100000000000000000111001111111111111000000110000000000000000001100000011011111111111111111110
111111000000000011111111110000000000000000000000000000000000111111111111111100000001111111111111000000000000000000000000000000000011111111110000000000000000000011111111110000000000000000000000000111000111111100000000000000000110001111111111111000000111111111111111111111100000011111111111111111111110
111111000000000011111111110000000000000011110000000000000000111111111111111100000000001111111111100000000000000000000000000000000011111111110000000000000000000011111111110000000000000000000000000111000111111110000000000000000000011111111111110000000011111111111111111111000000001111111111111111111110
111111000000000011111111110000000000000111111000000000000000111111111111111100000000000000111111100000000000000000000000000000000000000000000000000000000000000000000000000000000000000000000000000000000011111110000000000000000000011111111111110000000011111111111111111111000000001111111111111111111110
111111000000000011111111110000000000000111111000000000000000111111111111111100000000000000111111000000000000000000000000000000000000000000000000000000000000000000000000000000000000000000000000000000000011111100000000000000000000001111111111110000000011111111111111111111000000001111111111111111111110
111111000000000011111111000000000000000111111055000000000000000011111111111100000000000000111111000000000000000000000000000000000000000000000000000000000000000000000000000000000000000000000000000000000011111100000000000000000000001111111111110000000111111111111111111111000000001111111111111111111110
111111000000000011111111000000000000000111111055000000000000000011111111111100000000000000111111000000000000000000000000000000000000000000000000000000000000000000000000000000000000000000000000000000000011111100000000000000000000001111111111111000000111111111111111111111100000011111111111111111111110
111111000000000011111111111111110000000011110000000000000000000011111111111100000000000000111111000000000000000000000011100000000000000000000000000000000000000000000000000000000001110000000000000000000011111100000000000000000000001111110000011000000110111111111111111101100000011000000000000000111110
111111000000000011111111111111110000000000000000000000000000000011111111111100000000000000111111000000000000000000000011100000000000000000000000000000000000000000000000000000000001110000000000000000000011111100000000000000000000001111110000000000000000111111111111111100000000000000000000000000111110
111111000000000011111111111111110000000000000000000000000000000000001111110000000000000000111111000000000000000000000011100000000011111111110000000000000000000011111111110000000000000000000000000000000011111100000000000000000000001111110000000000000000000000000000000110000000000000000000000000111110
111111000000000011111111111111110000000000000000000000000000000000001111110000000000000001111111000000000000000000000000000000000011111111110000000000000000000011111111110000000000000000000000000000000111111100000000000000000000001111110000000000000000000000000000005510000000000000000000000000111110
111111000000000011111111111111110000000000000000000111100000000000001111110000000000000001111111100000000000000000000000000000000011111111110000000000000000000011111111110000000000000000000000000000000111111110000000000000000000001111110000000000000000000000000000000510000000000000000000000000111110
111111000000000011111111111111110000000000000000000111100000000000001111110000000000000000111111100000000000000000000000000000000011111111110000000000000000000011111111110000000000000000000000000000000011111110000000000000000000001111110000000000000000000000000000000000000000000000000000000000111110
111111000000000000000000001111111000000000000000000111100000000000000000110000000000000000111111000000000000000000000000000000000011111111110000000000000000000011111111110000000000000000000000000000000011111100000000000000000000001111110000000000000000000000000000000000000000000000000000000000111110
111111000000000000000000001111111000000000000000000000000000000000000000111000000000000000111111000000000000000000000000000000000011111111110000000000000000000011111111110000000000000000000000000000000011111100000000000000000000011111111000000000000000000000000000000000000000000000000000000000111110
111111000000000000000000001111111000000000000000000000000000000000000000000000000000000000111111000000000000000000000000000000000011111111110000000000000000000011111111110000000000000000000000000000000011111100000000000000000000011000011000000000000000000000000000000000000000000000000000000000111110
111111000000000000000000001111111000000000000000000000000000000000000000000000000000000000111111000000000000000000000000000000000011111111110000000000000000000011111111110000000000000000000000000000000011111100000000000000000000000000000000000000000000000000000000000000000000000005500000000000111110
111111000000000000000000001111110000000000000000000000000000000000000000000000000000000000111111000000000000000000000000000000000000000000000000000000000000000000000000000000000000000000000000000000000011111100000000000000000000000000000000000000000000000000000000000000000005500005500000000000111110
111111000000000000000000001111110000000000000000000000000000000000000000000000000000000000111111000000000000000000000000000000000000000000000000000000000000000000000000000000000000000000000000000000000011111100000000000000000000000000000000000000000000001110000000000000000005111100000000000000111110
111111000000000000000000001111110000011111110000000000000000011111110000000000000000000001111111000000000000000000000000000000000000000000000000000000000000000000000000000000000000000000000000000000000011111100000000000000000000000000000000000000000000011111000000000000000000111110000000000000111110
111111000000000000000000001111111100011111110000000000000000011111110000000000000000000001111111100000000000000000000000000000000000000000000000000000000000000000000000000000000000000000000000000000000111111110000000000000000000000000000000000000000000011111000000000000000000111110000000000000111110
111111000000000000000000001111111100011111110000000000000000011111110001111100000000000001100001100000000000000000000000000000000000000000000000000000000000000000000000000000000000000000000000000000000110000110000000000000000000000000000000000000000000011111000000000000000000111110000000000000111110
111111000000000000000000001111111110011111110000000000000000011111110001111100000000000000000000000000000000000000000000000000000000000000000000000000000000000000000000000000000000000000000000000000000000000000000000000000000000011000011000000000000005511110000000000000000000011100000000000000111110
111111111111111111111111111111111111111111111111000000001111111111111111111100000000000000000000000000000000000000000000000000000011111111110000000000000000000011111111110000000000000000000000000000000000000000000000000000000000011111111000000000000005500000000000000000000000000000550000000000111110
111111111111111111111111111111111111111111111111000000001111111111111111111100000000000001100001100000000000000000000000000000000011111111110000000000000000000011111111110000000000000000000000000000000110000110000000000000000000001111110000000000000000000000000000000000000000000000550000000000111110
111111111111111111111111111111111111111111111111000000001111111111111111111100000000000001111111100000000000000000000011100000000011111111110000000000000000000011111111110000000001110000000000000000000111111110000000000000000000001111110000000000000000000000000550000000000000000000000000000000111110
111111111111111111111111111111111111111111111111000000001111111111111111111100000000000000111111000000000000000000000011100000000011111111110000000000000000000011111111110000000001110000000000000000000011111100000000000000000000001111110000000000000000000000000551111000000000000000000000000000111110
111111111111111111111111111111111111111111111111000000001111111111111111111100000000000000111111000000000000000000000011100000000011111111110000000000000000000011111111110000000000000000000000000000000011111100000000000000000000001111110001110000000000000000000011111100000000000000000000000000111110
111111111111111111111111111111111111111111111111100000011111111111111111111100000000000000111111000000000000000000000000000000000011111111110000000000000000000011111111110000000000000000000000000000000011111100000000000000000000001111110000111000000000000000000011111100000000000000000000000000111110
111111111111111111111111111111111101111111111000000000000000000000011111111100000000000000111111000000000000000000000000000000000011111111110000000000000000000011111111110000000000000000000000000000000011111100000000000000000000001111110000111000000000000000000011111100000000000000000000000000111110
111111111111111000111100011111111100001111000000000000000111000000011111111100000000000000111111000000000000000000000000000000000011111111110000000000000000000011111111110000000000000000000000000000000011111100000000000000000000001111110000111000000000000000000011111100000000000000000005500000111110
111111111111111000000000000000000000000000000000000000000111000000011111111100000000000000111111000000000000000000000000000000000000000000000000000000000000000000000000000000000000000000000000000000000011111100000000000000000000001111110001110000000000000000000011111100000000000000000005511110111110
111111111111110000000000000000000000000000000000000000000111000000011111111100000000000000111111000000000000000000000000000000000000000000000000000000000000000000000000000000000000000000000000000000000011111100000000000000000000001111110111100000000000000000000011111100000000000000000001111111111110
111111110001100000000000000000000000000000000000000000000111000000011111111100000000000001111111000000000000000000000000000000000000000000000000000000000000000000000000000000000000000000000000000000000111111100000000000000011000001111110111100000000000000000000000000000000000000000000001111111111110
111111110001100000000000000000000000000000000000000000000111000000000011111100000000000001111111100000000000000000000000000000000000000000000000000000000000000000000000000000000000000000000000000000000111111110000000000000001100001111110001100000000000000000000000000000000000000000000011111111111110
111111110000000000000000000000000000000000000000000000000111000000000011111100000000000000111111100000000000000000000000000000000000000000000000000000000000000000000000000000000000000000000000000000000011111110000000000000100100001111110000000000000000000000000000000000000000000000000011111111111110
111111110000000000011100000000000000111000000000000000000000000000000011111100000000000000111111000000000000000000000000000000000000000000000000000000000000000000000000000000000000000000000000000000000011111100000000000000111100001111110000000000000000000000000000000000000000000000000001111111111110
111111000000001100011100000000000000111000000000000000001100000000000000000000000000000000111111000000000000000000000000000000000011111111110000000000000000000011111111110000000000000000000000000000000011111100000000000000000000001111110000000000000000000000000000000000000000000000000000111110111110
111111000000001100011100000000000000111000000000000000001100000000000000000000000000000000111111000000000000000000000000000011110011111111110000000000000000000011111111110000000000000000000000000000000011111100000000000000000000001111110000000000000000000000000000000000000000000000000000000000111110
111111000000000000011110000000000000111000000000000000000000000000000000000000000000000000111111000000000000000000000000000111111011111111110000000000000000000011111111110000000000000000000000000000000011111100000000000000000000001111110000000000000000000000000000000000055000000000000000000000111110
111111000000000000011111000000000000111000000000000000000000000000000000000000000000000000111111000000000000000000000000001111111011111111110000000000000000000011111111110000000000000000000000000000000011111100000000000000000000001111110000000000000000000000000000000000055000000000000000000000111110
111111000000000000001111000000000000111000000000011100000000000000000000000000000000000000111111000000000000000000000000111111110011111111110000000000000000000011111111110000000000000000000000000000000011111100000000000000000000001111110000000000000000000000000000000000000000000000000000000000111110
111111000000000000001110000000000000111000000000011100000000000000000000000000000000000001111111000000000000000000000000111111000011111111110000000000000000000011111111110000000000000000000000000000000111111100000000000000000000001111110000000000000000000000000000000000111000000000000000000000111110
111111000000000000001100000000000000111000000000011100000000000000000011111100000000000001111111100000000000000000000000111100000011111111110000000000000000000011111111110000000001110000000000000000000111111110000000000000000000001111110000000000000000000000000000000001111100000005500000000000111110
111111000000000000000000000000000000011000000000011100000000000000000011111100000000000000111111100000000000000000000001000000000011111111110000000000000000000011111111110000000001110000000000000000000011111110000000000000000000001111110000000000000000000000000000000001111100000005500000000000111110
111111000000000000000000000000000000000000000000011100000000000000000011111100000000000000111111000000000000000000000000000000000000000000000000000000000000000000000000000000000000000000000000000000000011111100000000000000000000001111110000000055000000000000000000000001111100000000000000000000111110
111111000000000000000000000000000000000000000000000000000000000000000011111100000000000000111111000000000000000000000000000000000000000000000000000000000000000000000000000000000000000000000000000000000011111100000000000000000000011111111000000055000000000000000000005500111000000000000000000000111110
111111000000000000000000000000000000000000000000000000000000000000000011111100000000000000111111000000000000000000000000000000000000000000000000000000000000000000000000000000000000000000000000000000000011111100000000000000000000011000011000000000000011100000000000005500000000000000000000000000111110
111111000000000000000000000000000000000000000000000000000000000000000011111100000000000000111111000000000000000000000000000000000000000000000000000000000000000000000000000000000000000000000000000000000011111100000000000000000000000000000000000000000111110000000000000000000000000000000000000000111110
111111000000000000000000000000000000000000000000000000000000000000000011111100000000000000111111000000000000000000000000000000000000000000000000000000000000000000000000000000000000000000000000000000000011111100000000000000000000000000000000000000000111110000000000000000000000000000000000000000111110
111111000000000000000000000000000000011000000000000000000000000000000011111100000000000000111111000000000000000000000000000000000000000000000000000000000000000000000000000000000000000000000000000000000011111100000000000000000000000000000000000000000111110000000000000000000000000000000000000000111110
111111000000000000000000000000000000011000001111000000000000000000000000000000000000000000111111000000000000000000000000000000000000000000000000000000000000000000000000000000000000000000000000000000000111111100000000000000000000000000000000000000000011100000000000000000000000000000000000000000111110
111111000000000000000000000000000000011000001111000000000000000000000000000000000000000001111111100000000000000000000000000000000000000000000000000000000000000000000000000000000000000000000000000001100111111110000000000000000000000000000000000000000000000000000000000000000000000000000000000000111110
111111000000000000001100000000000000011000001111000000000000000000000000000000000000000001100001100000000000000000000000000000000000000000000000000000000000000000000000000000000000000000000000000001111110000110000000000000000000000000000000000000000000000000000000000000000000000000000000000000111110
111111000000000000001110000000000000000000000111000000000000111000000000000000000000000000000000000000000000000000000000000000000000000000000000000000000000000000000000000000000000000000000000000001100000000000000000000000000000011000011000000000000000000000000000000000000000000000000000000000111110
111111000000001100001111100000000000000000000111000000000111111000000000000000000000000000000000000000000000000000000000000000000000000000000000000000000000000000000000000000000000000000000000000000100000000000000000000000000000011111111000000000000000000000000000000000000000000000000000000011111110
111111000000001100000111000000000000000000000111000000000111111000000000000000000000000000000000000000000000000000000000000000000000000000000000000000000000000000000000000000000000000000000000000000110000000000000000000000000000001111110000000000000000000000000000000000000000000000000000000011111110
111111110000000000000000000000000000000000001111000000000000000000000000000000000000000000000000000000000000000000000000000000000000000000000000000000000000000000000000000000000000000000000000000000010000000000000000000000000000001111110000000000000000000000000000000000000000000000000000000011111110
111111110000000000000000000000000000000000001111000000000000000000000000000000000000000000000000000000000000000000000000000000000000000000000000000000000000000000000000000000000000000000000000000000110000000000000000000000000000001111110000000000000000000000000000000000000000000000000000000011111110
111111111100000000000000000000000000000000000000000000000000110000000011111100000000000000000000000000000000000000000000000000000000000000000000000000000000000000000000000000000000000000000000000000110000000000000000000000000000001111110000000000000000000000000000000000000000000000000000000011111110
111111111100000000000000000000000110000000000000000000000000110000000011111100000000000000000000000000000000000000000000000000000000000000000000000000000000000000000000000000000000000000000000000000111000000000000000000000000000001111110000000000000000000000000000000000000000000000000000000011111110
111111111111000000000000000000001110000000000000000000000000110000000011111100000000000000000000000000000000000000000000000000000000000000000000000000000000000000000000000000000000000000000000000000000000000000000000000000000000001111110000000000000000000000000000000000000000000000000000111111111110
111111111111000000000000000000001110000000000000000000000000110000000011111100000000000000000000000000000000000000000000000000000000000000000000000000000000000000000000000000000000000000000000000000000000000000000000000000000000001111110000000000000000000000000000000000000000000000000000111111111110
111111111111111111111111111111111111111111111111111111111111111111111111111111111111111111111111111111111111111111111111111111111111111111111111111100001111111111111111111111111111111111111111111111111111111111111111111111111111111111111111111111111111111111111111111111111111111111111111111111111110
111111111111111111111111111111111111111111111111111111111111111111111111111111111111111111111111111111111111111111111111111111111111111111111111111111111111111111111111111111111111111111111111111111111111111111111111111111111111111111111111111111111111111111111111111111111111111111111111111111111110
111111111111111111111111111111111111111111111111111111111111111111111111111111111111111111111111111111111111111111111111111111111111111111111111111111111111111111111111111111111111111111111111111111111111111111111111111111111111111111111111111111111111111111111111111111111111111111111111111111111110
111111111111111111111111111111111111111111111111111111111111111111111111111111111111111111111111111111111111111111111111111111111111111111111111111111111111111111111111111111111111111111111111111111111111111111111111111111111111111111111111111111111111111111111111111111111111111111111111111111111110
111111111111111111111111111111111111111111111111111111111111111111111111111111111111111111111111111111111111111111111111111111111111111111111111111111111111111111111111111111111111111111111111111111111111111111111111111111111111111111111111111111111111111111111111111111111111111111111111111111111110
111111111111111111111111111111111111111111111111111111111111111111111111111111111111111111111111111111111111111111111111111111111111111111111111111111111111111111111111111111111111111111111111111111111111111111111111111111111111111111111111111111111111111111111111111111111111111111111111111111111110
