00000000000000000000000000000000000000000000000000000000000000000000000000000000000000000000000000000000000000000000000000000000000000000000000000000000000000000000000000000000000000000000000000000000
11111111111111111111111111111111111111111111111111111111111111111111111111111111111111111111111111111111111111111111111111111111111111111111111111111111111111111111111111111111111111111111111111111110
11111111111111111111111111111111111111111111111111111111111111111111111111111111111111111111111111111111111111111111111111111111111111111111111111111111111111111111111111111111111111111111111111111110
11111111111111111111111111111111111111111111111111111111111111111111111111111111111111111111111111111111111111111111111111111111111111111111111111111111111111111111111111111111111111111111111111111110
11111111111111111111111111111111111111111111111111111111111111111111111111111111111111111111111111111111111111111111111111111111111111111111111111111111111111111111111111111111111111111111111111111110
11111111111111111111111111111111111111111111111111111111111111111111111111111111111111111111111111111111111111111111111111111111111111111111111111111111111111111111111111111111111111111111111111111110
11111111111111111111111111111111111111111111111111111111111111111111111111111111111111111111111111111111111111111111111111111111111111111111111111111111111111111111111111111111111111111111111111111110
11111111111111111111111111111111111111111111111111111111111111111111111111111111111111111111111111111111111111111111111111111111111111111111111111111111111111111111111111111111111111111111111111111110
11111111111111111111111111111111111111111111111111111111111111111111111111111111111111111111111111111111111111111111111111111111111111111111111111111111111111111111111111111111111111111111111111111110
11111111111111111111111111111111111111111111111111111111111111111111111111111111111111111111111111111111111111111111111111111111111111111111111111111111111111111111111111111111111111111111111111111110
11111111111111111111111111111111111111111111111111111111111111111111111111111111000000000000000000000000000000000000000000000000000000000000000000110000000010000000000000000000000000000000001111111110
11111111111111111111111111111111111111111111111111111111111111111111111111111111111000000000000000000000000000000000000000000000000000000000000001110000000010100000000000000000000000000000001111111110
11111111111110000000000000000000000000000000000000000000000000000000001111111111111000000000000000000000000000000000000000000000000000000000000111110000000001110000000000000000000000000000001111111110
11111111111110000000000000000000000000000000000000000000000000000000001111111111111000000000000000000000000000000000000000000000000000000000000111100000000111110000000000000000000000000000001111111110
11111111111110000000000000000000000000000000000000000000000000000000001111111111000000550000000000000000000000000000000000000000000000000000000000000000000000100000000000000000000000000000001111111110
11111111111110000000000000000000000000000000000000000000000000000000001111111111000000550000000000000000000000000000000000000000000000000000000000000000000000000000000000000000000000000000001111111110
11111111111110000000000000000000000000000000000000000000000000000000001111111111001000111111111111111111111111111111111111111111111111111111111111111111111111111111111111111111111111115500001111111110
11111111111110000000000000000000000000000000000000000000000000000000001111111111011110111111111111111111111111111111111111111111111111111111111111111111111111111111111111111111111111115500001111111110
11111111111110000000000000000000000000000000000000000000000000000000001111111111011100111111111111111111111111111111111111111111111111111111111111111111111111111111111111111111111111110000001111111110
11111111111110000000000000000000000000000000000000000000000000000000001111111111001110111111111111111111111111111111111111111111111111111111111111111111111111111111111111111111111111110000001111111110
11111111111110000011111111111111111111111111111111111111111111111111111111111111001010111111111111111111111111111111111111111111111111111111111111111111111111111111111111111111111111110000001111111110
11111111111110000011111111111111111111111111111111111111111111111111111111111111001000111111111111111111111111111111111111111111111111111111111111111111111111111111111111111111111111110000001111111110
11111111111110000011111111111111111111111111111111111111111111111111111111111111000000111111000000000000000000000000000000000000000000000000000000000000000000000000000000000000001111110000001111111110
11111111111110000011111111111111111111111111111111111111111111111111111111111111000000111111000000000000000000000000000000000000000000000000000000000000000000000000000000000000001111110000001111111110
11111111111110010111111111111111111111111111111111111111111111111111111111111111000000111111001111111111111111111111111111111111111111111111111111111111111111111111111111111111001111110000001111111110
11111111111110011111111111111111111111111111111111111111111111111111111111111111000000111111001111111111111111111111111111111111111111111111111111111111111111111111111111111111001111110000001111111110
11111111111110011111111100000000000000000000000000100000000000000001111111111111000000111111001101110000000000000100001100000000000000000000100000001100000000000000000000000011001111110000001111111110
11111111111110011111111100000000000000000000000000100000000000000001111111111111000000111111001101110000011100001100001100010000000001101111100000001100000001111000001110000011001111110000001111111110
11111111111110011111111100000000000000000000000000100000000010000001111111111111000000111111001101110000011100001100001101110000000011100011000000001100000111110000000111000011001111110000001111111110
11111111111110001011111100000000000000000000000000100111000010000001111111111111000000111111001100000000011100000000001100111000000001101100000000001100000000111111000111100011001111110000001111111110
11111111111110000011111100000000000000000000011100100111001010000000001111111111000000111111001100000000000000000000001100011100001111000000000000001100000011000111110011000011001111110000001111111110
11111111111110000011111100000000000000000000010100100101000111000000001111111111000000111111001100000000000000000000001100011100000010000000000000001100000010000011110011110011001111110000001111111110
11111111111110000011111100000000000000000000010100100000000111000000001111111111000000111111001111100001100000000000001100000000000010000000000000000000000000000000100000110011001111110000001111111110
11111111111110000011111100000000000000000000000000100000000001100000001111111111000000111111001111100001100000000000001100001100000000000000000000000001100000550000100001111011001111110000001111111110
11111111111110000011111100000000000055000000000000100000000001100000001111111111000000111111001100000001100000000000001100001100000055000000000000000000111000550000000000110011001111110000001111111110
11111111111110000011111100000000000055000000000000000000000000000000001111111111000000111111001100000000000000000001101100000000000055000000001001000000111000000000000001110011001111110000001111111110
11111111111110000011111111100000001111110000000000000000000000010000001111111111000000111111001100000000000000000001101100111110000000000000001111101100111100000000000000110011001111110000001111111110
11111111111110000011111111100000001111110055500000000000000000010000001111111111000000111111001100000000000000000001101100111110000000000000011111101100010100000000000000000011001111110000001111111110
11111111111110000011111100000000001111110055500000000005550000010000001111111111000000111111001111100000000000000000001100111110000000000000001111001100010000000000000000000011001111110000001111111110
11111111111110000011111100000000001111110000000000000005550000010000001111111111000000111111001111100000000000000000001100000000000000000000001111001100000000000000000000000011001111110000001111111110
11111111111110000011111100000000001111110000000000000000000000010000001111111111000000111111001100000000000000000000001100000000000000000000000000001100001111111111000011111111001111110000001111111110
11111111111110000011111100000000001111110000000005500000000000010000001111111111000000111111001100000000000000000000001100000000000000000000000000001100001111111111000011111111001111110000001111111110
11111111111110000011111100111111001111110000000005500000000000010000001111111111000000111111001111110000111111111111111111111111110000000000001111111111111100000000000001100011001111110000001111111110
11111111111110000011111100111111001111110000000000000000010000010000001111111111000000111111001111110000111111111111111111111111110000111111111111111111111100000000000001100011001111110000001111111110
11111111111110000011111100000000001111110000110000000001110000010000001111111111000000111111001100000000000000000011000000000000000000000111000000000000000000000110000001100011001111110000001111111110
11111111111110000011111100000000001111110000110000000000110000010000001111111111000000111111001100000000000000000011000000000000000000000111000000000000000000000110000001100011001111110000001111111110
11111111111110000011111100000000001111110011111000000111110000010000001111111111000000111111001100000000000000000011000000000000000000000111000000000000000000000000000000000011001111110000001111111110
11111111111110000011111100000000001111110000111000000011000000010000001111111111000000111111001100000000000000000011000000000000000000000000000000000000000000000000000000000011001111110000001111111110
11111111111110000011111111111111111111110000111100000011000000010000001111111111000000111111001100000000000000000011000000000000000000000000000000000000000000000000000000000011001111110000001111111110
11111111111110000011111111111111111111110000000000000000000000010000001111111111000000111111001100000000000000000011000000000000000000000000000000000000000000000000000000000011001111110000001111111110
11111111111110000011111111111111111111110000000000000000000000010000001111111111000000111111001100000000000000000011000001110000000000000000000000000000000000000000000000000011001111110000001111111110
11111111111110000011111111111111111111111111111111110000000000010000001111111111000000111111001100000000000000000011000011110000000000000000000000000000000000000000000000000011001111110000001111111110
11111111111110000011110000000000000000000000000000000000000000010000001111111111000000111111001100000000000000000011000011110000000000000000000001110000000000000000000000000011001111110000001111111110
11111111111110000011110000000000000000000000000000000000000001110000001111111111000000111111001100000000000000000011000001110000000000000000000000000000000000000000000000000011001111110000001111111110
11111111111110000011110000000000000000000000000000000000000001110000001111111111000000111111001100001100000000100000000000000000000000000000000000000000000000000000000000000011001111110000001111111110
11111111111110000011110000000000000000000000000000000000000111110000001111111111000000111111001100001100000000100000000000000000000000000000000000111000000000000000000000000011001111110000001111111110
11111111111110000011110000000000000000000000000000000000000100000000001111111111000000111111001100000000000000100000000000000000000000000000000000111000000000000000000000000011001111110000001111111110
11111111111110000011110000000000000000000000000000000000000100000000001111111111000000111111001100000000000000000000000000000000000011111111100000111000000000000000000000000011001111110000001111111110
11111111111110000011110000000011111111111111111111111111111111110000001111111111000000111111001100000001000100000000000000000000010000000000100000000000000000000000000000000011001111110000001111111110
11111111111110000011110000000011111111111111111111111111111111110000001111111111000000111111001100000001101100000011000000000000010000000000100000000000000000000000000000000011001111110000001111111110
11111111111110000011110000000011111111111111111111111111111111110000001111111111000000111111001100000001101100000011000000000000010001111000100000000000000000000000000000000011001111110000001111111110
11111111111110000011110000000011111111111111111111111111111111110000001111111111000000111111001100000001111100000011000000000000010001111000100000000000000000000000000000000011001111110000001111111110
11111111111110000011110000000000000000000000000000000000000000000000001111111111000000111111001100000001111100000011000000000000010000000000100000000000001111111111110000111111001111110000001111111110
11111111111110000011110000000000000000000000000000000000000000000000001111111111000000111111001100000000000000000011000000000000010000000000100000000000001111111111110000111111001111110000001111111110
11111111111110000011111110000000000000000000000000000000000000000000001111111111000000111111001100000000000001110011000000000000010000000000100000000000001000110000000000000011001111110000001111111110
11111111111110000011111110000000000000000000000000000000000000000000001111111111000000111111001100000000000001110011000000000000010000000000100000000000001000110111000000000011001111110000001111111110
11111111111110000011111110000000000000000000000000000000000000000000001111111111000000111111001100000000000001110011000000000000000000000000000000000000001001111111001100000011001111110000001111111110
11111111111110000011111110000000000000000000000000000000000000000000001111111111000000111111001100000000000000000011000000000000000000000000000000000000001000110000001100000011001111110000001111111110
11111111111110000011111110000000000000000000000000000000000000000000001111111111000000111111001111111111111111111111000000000000000011110000000000000000001001110555001111100011001111110000001111111110
11111111111111100011111110000000000000000000000000000000000000000000001111111111000000111111001111111111111111111111000000000000000001111100000000000000001011110555011111110011001111110000001111111110
11111111111111100011111111111111111111111111111155000000000000000000001111111111000000111111001100000000000000111011000000000000010011111000100000000000001000000555000011110011001111110000001111111110
11111111111111110011111111111111111111111111111155000000000000000000001111111111000000111111001111100000000000111011000000000000010000000000100000000000011000000000000000000011001111110000001111111110
11111111111111111011111111111111111111111111111155000000111111111111001111111111000000111111001111100000000000000011000000000000010000000000100000000000011000000000000000100011001111110000001111111110
11111111111111111011111111111111111111111111111100000000111111111111001111111111000000111111001100000000000110000011000000000000010000000000100000000000000000000000000001100011001111110000001111111110
11111111111111111011110000000000000000000000000000000000111111111111001111111111000000111111001100000000111110000011000011100000010001111000100000000000000000000000100011100011001111110000001111111110
11111111111111111011111110000000000000000000000000000000111111111111001111111111000000111111001100000000111110000011000011100000010001111000100000000000000000000011100000000011001111110000001111111110
11111111111111100011111110000000000000000000000000000000111111111111001111111111000000111111001100000000000000000011000000000000010000000000100000000000000000000001110000000011001111110000001111111110
11111111111111100011111110000000000000000000000000000000111111111111001111111111000000111111001100000000000000000011000000000000010000000000100001110000011000000000110000000011001111110000001111111110
11111111111110000011110000000000000000000000000000000000111111111111001111111111000000111111001100000000000000000011000000000000011111111100000001110000011000000001111000000011001111110000001111111110
11111111111110000011110000000000000000000000000000000000111111111111001111111111000000111111001100000000000000000011000000000000000000000000000001110000001000000000000000000011001111110001001111111110
11111111111110000011110011111111111111111111111100000000111111111111001111111111000000111111001100000000000000000001000000000011000000000000000001110000001000000000000000000011001111110011001111111110
11111111111110000011110011111111111111111111111100000000111111111111001111111111000000111111001100000000000000000001000000000011000000000000000000000000001000000110000001000011001111110111101111111110
11111111111110000011110011111111111111111111111100000000111111111111001111111111000000111111001100000001000000000001000000000000000000000000000000000000001000011100000011100011001111110111001111111110
11111111111110000011110011111111111111111111111100000000111111111111001111111111000000111111001100011111000000000001100000000000000000000000000000000000001001111100000011100011001111111111001111111110
11111111111110000011110011111111111111111111111100000000111111111111001111111111000000111111001100011111000000000001100000111000000000000000111000000000001000011000100001100011001111110011001111111110
11111111111110000011110011111111111111111111111100000000111111111111001111111111000000111111001100000000000000000000000000111000000000000000111000000000001000110111100010100011001111110000001111111110
11111111111110000011110011111111111111111111111100000000111111111111001111111111000000111111001100000000000000000000000000111000000000000000111000000000001100000011111000100011001111110000001111111110
11111111111110000011110011111111111111111111111100000000111111111111001111111111000000111111001101110000000000000000000000000000000000000000111000000000001100000001110000000011001111110000001111111110
11111111111110000011110011111111111111111111111100000000111111111111001111111111000000111111001101110000000000110011000000000000000000000000000000000000001111111111111111111111001111110000001111111110
11111111111110000011110011111111111111111111111100000000111111111111001111111111000000111111001100000000000000110011000000000000000000000000000000000000001111111111111111111111001111110000001111111110
11111111111110000011110011111111111111111111111100000000111111111111001111111111000000111111001100000000000000110011000000000000011100000000000000000000000000000000000000011111001111110000001111111110
11111111111110000011110011111111111111111111111100000000111111111111001111111111000000111111001100000000000000000011000000000000000000000000000000000000000000000000001110011111001111110000001111111110
11111111111110000011110011111111111111111111111100000000111111111111001111111111000000111111001111111100001111111111000000000000000000000000000000000000000000000000011111011111001111110000001111111110
11111111111110000011110011111111111111111111111100000000111111111111001111111111000000111111001111111100001111111111000000000000000000000000000000000000000000000000011111011011001111110000001111111110
11111111111110000011110011111111111111111111111100000000111111111111001111111111000000111111001100001100001100000011000000000000000000000000000000111100000000000000011111011011001111110000001111111110
11111111111110000011110011111111111111111111111100000000111111111111001111111111000000111111001100001100001100000011000000000000000000000000000000111100000000000000001111001011001111110000001111111110
11111111111110000011110011111111111111111111111100000000111111111111001111111111000000111111001100001100001100000011000000000000000000000000000000111100000000000000000000001011001111110000001111111110
11111111111110000011110011111111111111111111111100000000111111111111001111111111000000111111001100001100001100000011000000000111000000000000000000111100000000000000000000001011001111110000001111111110
11111111111110000011110011111111111111111111111100000000111111111111001111111111000000111111001100000000005500000011000000000111000000000000000000000000000000000000000000000011001111110000001111111110
11111111111110000011110011111111111111111111111100000000111111111111001111111111000000111111001100000000005500000011000000000111000000000000000000000000000000000000000000000011001111110000001111111110
11111111111110000011110000000000000000000000000000000000000000000000001111111111000000111111001100000000000000000011000000000000000000000000000000000000000000000000000000000011001111110000001111111110
11111111111110000011110000000000000000000000000000000000000000000000001111111111000000111111001100000000000000111111000000000000000000000000000000000000000000000000000111000011001111110000001111111110
11111111111110000011110000000000000000000000000000000000000000000005551111111111000000111111001111110000000000111111000000000000005500000000000000000000000000000000000111000011001111110000001111111110
11111111111110000011110000000000000000000000000000000000000000000005551111111111000000111111001111110000000000111111000000000000005500000001110000000000000000000000000111000011001111110000001111111110
11111111111110000011110000000000000000000000000000000000000000000000001111111111000000111111001111110000000000111111000000000000000000000001110000000000000000000000000001110011001111110000001111111110
11111111111110000011110000000000000000000000000000000000000000000000001111111111000000111111001111110000000000111111000000000000000000000001110000000000000000000000000001110011001111110000001111111110
11111111111110000011110000000000000000000000000000100000011111111111001111111111000000111111001111110000000000111111000000000000000000000000000000000000000000000000000001110011001111110000001111111110
11111111111110000011110000000000000000000000000000100000011111111111001111111111000000111111001111110000000000111111000000000000000000000000000000000000000000000000000000000011001111110000001111111110
11111111111110000011110000000000000000000000000000100000011111111111001111111111000000111111001111111111111111111111111111111111111100000055111111111111111111111111111111111111001111110000001111111110
11111111111110000011110000000000000000000000000000100000000111111111001111111111000000111111001111111111111111111111111111111111111100000055111111111111111111111111111111111111001111110000001111111110
11111111111110000011110000000000000000000000000000100000000111111111001111111111000000111111000000000000000000000000000000000000000000000000000000000000000000000000000000000000001111110000001111111110
11111111111110000011110000000000000000000000000000100000000111111111001111111111000000111111000000000000000000000000000000000000000000000000000000000000000000000000000000000000001111110000001111111110
11111111111110000011110000000000000000000000000000100000000111111111001111111111000011111111111111111111111111111111111111111111111100000001111111111111111111111111111111111111111111110000001111111110
11111111111110000011110000000000000000000000000000100001000000010001001111111111000011111111111111111111111111111111111111111111111100000001111111111111111111111111111111111111111111110000001111111110
11111111111110000011110000000000000000000000000000100001000000010001001111111111000000111111111111111111111111111111111111111111111100000001111111111111111111111111111111111111111111110000001111111110
11111111111110000011110000000000000000000000000000100001000000010001001111111111000000111111111111111111111111111111111111111111111100000001111111111111111111111111111111111111111111110001001111111110
11111111111110000011110000000000000000000000000000100001000000010001001111111111000000111111111111111111111111111111111111111111111100000001111111111111111111111111111111111111111111110001111111111110
11111111111110000011110000000000000000000000000000100001000000010001001111111111000000111111111111111111111111111111111111111111111100000001111111111111111111111111111111111111111111110001111111111110
11111111111110000011110000000000000000000000000000100001000000010001001111111111011100000000000000000000000000000000000000000000000000000000000000000000000000000000000000000000000000550001111111111110
11111111111110000011110000000000000000000000000000100001000000010001001111111111111100000000000000000000000000000000000000000000000000000000000000000000000000000000000000000000000000550001111111111110
11111111111110000011110000000000000000000000000000100001000000010001001111111111111100000000000000000000000000000000000000000000000000000000000000000000000000000000000000000000000000000001111111111110
11111111111110000011110000000000000000000000000000100001000000010001001111111111011000000000000000000000000000000000000000000000000000000000000000000000000000000000000000000000000000000001111111111110
11111111111110000011110000000000000000000000000000100001000000010001001111111111000000000000000000000000000000000000000000000000000000000000000000000000000000000000000000000000000000000001111111111110
11111111111110000011110000000000000000000000000000100001000000010001001111111111000000000000000000000000000000000000000000000000000000000000000000000000000000000000000000000000000000000001111111111110
11111111111110000011110000000000000000000000000000100001000000010001001111111111111111111111111111111111111111111111111111111111111100000000111111111111111111111111111111111111111111111111111111111110
11111111111110000011110000000000000000000000000000100001000000010001001111111111111111111111111111111111111111111111111111111111111100000000111111111111111111111111111111111111111111111111111111111110
11111111111110000011110000000000000000000000000000100001000000010001001111111111111111111111111111111111111111111111111111111111111100000000111111111111111111111111111111111111111111111111111111111110
11111111111110000011110000000000000000000000000000100001000000010001001111111111111111111111111111111111111111111111111111111111111100000000111111111111111111111111111111111111111111111111111111111110
11111111111110000011110000000000000000000000000000100001000000010001001111111111111111111111111111111111111111111111111111111111111100000000111100000000000000000000000000110000111100000000111111111110
11111111111110000011110000000000000000000000000000100001111111110001001111111111111111111111111111111111111111111111111111111111111100000000111100000000000000000000000000110000111100000000111111111110
11111111111110000011110000000000000000000000000000100000000000000001001111111111111111111111111111111111111111111111111111111111111100000000111100000000000000000000000000111000111100000000111111111110
11111111111110100011110000000000000000000000000000100000000000000001001111111111111111111111111111111111111111111111111111111111111100000000111100000000000000000000000000111000000000000000111111111110
11111111111110100011110000000000000000000000000000100000000000000001001111111110000000000000000000000000000000000000000011101111111100000000111100000000000000000000000000111000000000000000111111111110
11111111111111110011110000000000000000000000000000111111111100000001001111111110000000000000000000000000000000000000000011101111111100000000111100000000000000000000000000111000000000000000111111111110
11111111111111110011110000000000000000000000000000111111111100000001001111111110000000000000000000000000000000000000000011101111111100000000111100000000000011111100000000110000000000000000111111111110
11111111111111110011110000000000000000000000000000111111111111111111001111110000000000000000000000000000000000000000000011001111111100000000111100000000000011111100000000110000000000000000111111111110
11111111111110000011110000000000000000000000000000000000000000000000001111110000000000000000000000000000000000000000000011001111111100000000111100000000000011111100000000111111111100000000111111111110
11111111111110000011110000000000000000000000000000000000000000000000001111110000000000000000000000000000000000000000000000001111111100000000111100000000000011111100000000111111111100000000111111111110
11111111111110000011110000000000000000000000000000000000000000000000001111110000000000000000000000000000000000000000000000001111111100000000111100000000000011111100000000000000000000000000111111111110
11111111111110000011110000000000000000000000000000000000000000000000001111110000000000000000000000000000000000000000000000001111111100000000111100000000000011111100000000000000000000000000111111111110
11111111111110000011110000000000000000000000000000000000000000000000000000000000000011111111111111111111111111000000000000001111111100000000111100000000000011111100000000000000000000000000111111111110
11111111111110000011110000000000000000000000000000000000000000000000000000000000000011111111111111111111111111000000000000001111111100000000111100000000000011111100000000000000000000000111111111111110
11111111111110000011110000000000000000000000000055500000000000000000000000000000000011000000000000001100000011000000000000001111111100000000111100000000000011111100000000000000000000000111111111111110
11111111111110000011110000000000000000000000000055500000000000000000000000000000000011000000000000001100000011000000000000001111111100000000111155000000000011111100000000000000000000000111111111111110
11111111111110000011110000000000000000000000001111111111111111111100000000000000000011000001110000000011000011000000000000551111111100000000111155000000001111111100000000000000005500000111111111111110
11111111111110000011110000000000000000000000001111111111111111111100000000000000000011000001110000000011000011000000000000551111111100000000111155000000001111111100000000000000005500000111111111111110
11111111111110000011111111111111111111000000001111111111111111111111111111000000000011000000000000000000000011000000000000000000005500000000110000000000001111111100000000111111111100000111111111111110
11111111111110000011111111111111111111000000001111111111111111111111111111000000000011000000000000000000000011000000000000000000005500000000110000000000001111111100000000111111111100000111111111111110
11111111111110000011111111111111111111000000001111111111111111111100000000000000000011000000000000011000000011000000000000000000000000000000110000000000000011111100000000110000000000000000111111111110
11111111111110000011111111111111111111000000001111111111111111111100000000000000001111000000000000011000000011111100000000000000000000000000110000000000011111111100000000110000011100000000111111111110
11111111111110000000000000000000000011000000000000000000000000000000000000000000000000000000000000000000000000000000000000000000000000000000000000000000011111111111110000110000011100000000111111111110
11111111111110000000000000000000000011111000000000000000000000000000000000000000000000000000000111100000000000000000000000000000000000000000000000011111111111111111110000110000000000000000111111111110
11111111111110000000000000000000000011111000000000000000000000000000000000000000000000000000000111101000000000000000000000000000000000000000000001111111111111111111110000110110000000000000111111111110
11111111111110000000000000000000000011111000000000000000000000000000000000000000000000000000011000101000000000000000000000000000000000000000000001111000000011111111110000110110000000000000111111111110
11111111111110000000000000000000000000000000000000000000000000000000000000000000000000000000000000111100000000000000000000001111111111110000000000011100000011111100000000110000000000000000111111111110
11111111111111000000000000000000000000000000000000000000000000000000000000000000000000000000000000011110000000000000000000001111111111110000000000011100000011111100000000111111000000000000111111111110
11111111111111000000000000000000000000000000000000000000000000000000000000000000001111005500000000011110000011111100000000001111111111110000000000000100000011111111111111111111000000000000111111111110
11111111111111000000000000000000000000000000000000000000000000000000000000000000000011005500000000000110000011000000000000001111111111110000000000000000000011111111111111110000000000000000111111111110
11111111111111111111111111111111111111111100000000001111111111111111550000000000000011000000000000001110000011000000000000001111111111110000000000000011100011111111111111110000000000000000111111111110
11111111111111111111111111111111111111111155000000001111111111111111550000000000000011000000000000001110000011000000000000001111111111110000000000000000100011111111111111110000000000000000111111111110
11111111111111111111111111111111111111111155000000000000000000000011000000000000000011111110000000000000000011000000000000001111111111110000000000000011100011111111111111111111111100000000111111111110
11111111111111111111111111111111111111111155000000000000000000000011000000000000000011111110000000000000000011000000000000001111111111110000000000000000000011111111111111111111111100000000111111111110
11111111110000000000000000000000000000000000000000000011100000000011000000000000000011111111111111111111111111000000000000001111111111110000000000000000000011111111111111111111111100000000111111111110
11111111110000000000000000000000000000000000000000000011100000000011000000000000000011111111111111111111111111000000000000001111111111110000000011100000000011111111111111111111111100000000111111111110
11111111110000000000000000000000000000000000000000000011100000000011000000000000000000000000000000000000000000000000000000001111111111110000000000000000000011111111111111111111111100000000111111111110
11111111110000000000000000000100000000000000000000000011100000000011000000000000000000000000000000000000000000000000000000001111111111110000000000000000000011111111111111111111111100000000111111111110
11111111110000000000000001010100000000000000000000000000000000000011000000010000000010000000000000000000000000000000000000000000000000000000000011111111111111111111111111111111111100000000111111111110
11111111110000001111000001011100000000000000000000000000000000000011000000010000000010000000000000000000000000000000000000000000000000000000000011111111111111111111111111111111111100000000111111111110
11111111110000001000000001001110000000000000001111111111110000000011000000010000000010000000000000000000000000000000000000000000000000000000000011111111111111111111111111111111111100000000111111111110
11111111110000001111000001001110000000000000001111111111110000000011000000010000000010000000000000000000000000000000000000000000000000000000000011111111111111111111111111111111111100000000111111111110
11111111110000000000000001000010000000000000000011100000000000000011000000010000000010000000000000000000000000000000000000000000000000000000000011110000000000000000000000000000000000000000111111111110
11111111110000000000000001000001100000000000000000000000000000000011000000010000000010000000000000000000000000000000000000000000000000000000000011110000000000000000000000000000000000000000111111111110
11111111110000001111111111000001100000000000000000000000000000000011000011110000000010000000000000000000000000000000000000000000000000000000000011110000000000000000000000000000000000000000111111111110
11111111110000001111111111000001100000000000000110001110000000000011000011110000000010000000000000000000000000000000000000000000000000011000000011110000000000000000000000000000000000000000111111111110
11111111110000000000000001000001100000000000000110000000000000000011000001110000000011111111111111111111111111111111111111111111111111111000000011110000000000000000000000000000000000000000111111111110
11111111110000000000000001000001100000000000000000000000000000000011000000110000000000000000000000000000000000000000000000000000000000000000000011110000000000000000000000000000000000000000111111111110
11111111110011000111000001000001155000000000000000000000000000000011000000010000000000000000000000000000000000000000000000000000000000000000000011110000001111111111111100000000000000000000111111111110
11111111110011000100000001000001155000000000000000001100000000000011000000010000000000000000000000000000000000000000000000000000000000000000000011110000001111111100000000000000000000000000111111111110
11111111110000000111000001000001155000000000000000000000000000000011000000010000000000000000000000000000000000000000000000000000000000000000000011110000001111110000000000000000000000000000111111111110
11111111110000000000000001000001100000000000000000000011100000000011000000010000000011111111111111111111111111111111111111111111111111111000000011110000001111110000000000000000000000001111111111111110
11111111110000001111111111000011100000000000001111111111110000000011000000011111111111111111111111111111111111111111111111111111111111111000000011110000001111110000000000000000000000001111111111111110
11111111110000001111111111000011000000000000001111111111110000000011000000011111111111111111111111111111111111111111111111111111111111110000000011110000001111110000000000000000000000001111111111111110
11111111110000000000000001000011000000000000001000000000000000000011000000011111111111111111111111111111111111111111111111111111111111110000000011110000001111110000000000000000000000001111111111111110
11111111110000000000000001000000000000000000001000000000000000000011000000011111111111111111111111111111111111111111111111111111111111110000000011110000001111110000000000000000000000001111111111111110
11111111110000000000000001000000000000000000001000001111000000000011001100011111111111111111111111111111111111111111111111111111111111110000000011110000001111110000000000000000001111001111111111111110
11111111110000000111000001000000000000000001101000001111000000000011001100011111111111111111111111111111111111111111111111111111111111110000000011110000001111110000000000000000001111001111111111111110
11111111110000000100000001000000000000000001101000001111000000000011001110011111111111111111111111111111111111111111111111111111111111110000011011110000001111110000000000000000001111111111111111111110
11111111110000000111000001000000000000000001101000000000000000000011001110011111111111111111111111111111111111111111111111111111111111110000011011110000001111110000000000000000001111111111111111111110
11111111110000000000000001000000000000000011001001100000000000000011001110011111111111111111111111111111111111111111111111111111111111110000111111110000001111111111111111111111111111111111111111111110
11111111110000000000000001000000000000000011001001100000000000000011000000011111111111111111111111111111111111111111111111111111111111110000111111110000001111111111111111111111111111111111111111111110
11111111111111111111111111111111111111111111111111111111111111111111111111011111111111111111111111111111111111111111111111111111111111110011111111111111111111111111111111111111111111111111111111111110
11111111111111111111111111111111111111111111111111111111111111111111111111011111111111111111111111111111111111111111111111111111111111110011111111111111111111111111111111111111111111111111111111111110
11111111111111111111111111111111111111111111111111111111111111111111111111111111111111111111111111111111111111111111111111111111111111111111111111111111111111111111111111111111111111111111111111111110
11111111111111111111111111111111111111111111111111111111111111111111111111111111111111111111111111111111111111111111111111111111111111111111111111111111111111111111111111111111111111111111111111111110
11111111111111111111111111111111111111111111111111111111111111111111111111111111111111111111111111111111111111111111111111111111111111111111111111111111111111111111111111111111111111111111111111111110
11111111111111111111111111111111111111111111111111111111111111111111111111111111111111111111111111111111111111111111111111111111111111111111111111111111111111111111111111111111111111111111111111111110
11111111111111111111111111111111111111111111111111111111111111111111111111111111111111111111111111111111111111111111111111111111111111111111111111111111111111111111111111111111111111111111111111111110
11111111111111111111111111111111111111111111111111111111111111111111111111111111111111111111111111111111111111111111111111111111111111111111111111111111111111111111111111111111111111111111111111111110
11111111111111111111111111111111111111111111111111111111111111111111111111111111111111111111111111111111111111111111111111111111111111111111111111111111111111111111111111111111111111111111111111111110
11111111111111111111111111111111111111111111111111111111111111111111111111111111111111111111111111111111111111111111111111111111111111111111111111111111111111111111111111111111111111111111111111111110
