000000000000000000000000000000000000000000000000000000000000000000000000000000000000000000000000000000000000000000000000000000000000000000000000000000000000000000000000000000000000000000000000000000000000000000000000000000000000000000000000
111111111111111111111111111111111111111111111111111111111111111111111111111111111111111111111111111111111111111111111111111111111111111111111111111111111111111111111111111111111111111111111111111111111111111111111111111111111111111111111110
111111111111111111111111111111111111111111111111111111111111111111111111111111111111111111111111111111111111111111111111111111111111111111111111111111111111111111111111111111111111111111111111111111111111111111111111111111111111111111111110
111111111111111111111111111111111111111111111111111111111111111111111111111111111111111111111111111111111111111111111111111111111111111111111111111111111111111111111111111111111111111111111111111111111111111111111111111111111111111111111110
111111111111111111111111111111111111111111111111111111111111111111111111111111111111111111111111111111111111111111111111111111111111111111111111111111111111111111111111111111111111111111111111111111111111111111111111111111111111111111111110
111111111111111111111111111111111111111111111111111111111111111111111111111111111111111111111111111111111111111111111111111111111111111111111111111111111111111111111111111111111111111111111111111111111111111111111111111111111111111111111110
111111000000000000000000000000000000000000000000000000000000000000000000000000000000000000000000000000000000000000000000000000000000000000000000000000000000000000000000000000000000000000000000000000000000000000000000000000000000000000111110
111111000000000000000000000000000000000000000000000000000000000000000000000000000000000000000000000000000000000000000000000000000000000000000000000000000000000000000000000000000000000000000000000000000000000000000000000000000000000000111110
111111000000000000000000000000000000000000000000000000000000000000000000000000000000000000000000000000000000000000000000000000000000000000000000000000000000000000000000000000000000000000000000000000000000000000500000000000000000000000111110
111111000500000000000000000000000000000000000000000000000000000000000000050000000000000000000000000000000000000000000000000000000000000000000000000000000000000000000000000000000000000000000000000000000000000000500000000000000000000000111110
111111000000000000000000000000000000000000000000000000000000000000000000000000000000000000000000000000000000000000000000000000000000000000000000000000000000000000000000000000000000000000000000000000000000000000000000000000000000000000111110
111111000005555555555555555555555555555555555555555555555555555555555555555555555555555555555555555555555555555555555555555500000000000000000055555555555555555555555555555555555555555555555555555555555555555555555555555555555555500000111110
111111000005555555555555555555555555555555555555555555555555555555555555555555555555555555555555555555555555555555555555555500000000000000000055555555555555555555555555555555555555555555555555555555555555555555555555555555555555500000111110
111111000005500000000000000000000000000000000000000000000000000000000000000000000000000000000000000000000000000000000000000000000000550000000000000000000000000000000000000000000000000000000000000000000000000000000000000000000005500000111110
111111000005500000000000000000000000000000000000000000000000000000000000000000000000000000000000000000000000000000000000000000000000000000000000000000000000000000000000000000000000000000000000000000000000000000000000000000000005500000111110
111111000005500000000000000000000000000000000055000000000000000000000000000000000000000000000000000000000000000000000000000000000000000000000000000000000000000000000000000000000000550000000000000000000000000000000000000000000005500000111110
111111000005500011111111111111111111111111111111111111111111111111111111111111111111111111111111111111111111111111111111111111111111111111111111111111111111111111111111111111111111111111111111111111111111111111111111111111110005500000111110
111111000005500010000000000000000000000000000000000000000000000000000000000000000000000000000000000000000000000000000000000000000000000000000000000000000000000000000000000000000000000000000000000000000000000000000000000000010005500000111110
111111000005500010000000000000000000000000000000000000000000000000000000000000000000000000000000000000000000000000000000000000000000000000000000000000000000000000000000000000000000000000000000000000000000000000000000000000010005500000111110
111111000005500010000000000000000000000000000000000000000000000000000000000000000000000000000000000005000000000000000000000000000000000000000000000000000000000000000000000000000000000000000000000000000000000000000000000000010005500000111110
111111000005500010000050000000000000000000000000000000000000000000000000000000000000000000000000000000000000000000000000000000000000000000000000000000000000000000000000000000000000000000000000000000000000000000000000000000010005500000111110
111111000005500010000055000000000000000000000000000000000000000000000000000000000000000000000000000000000000000000000000000000000000000000000000000000000000000005000000000000000000000000000000000000000000000000000000005000010005500000111110
111111000005500010000011111111111111111111111111111111111111111111111111111111111111111111111111111111111111111111115555555555550000000000555555555555111111111111111111111111111111111111111111111111111111111111111111110000010005500000111110
111111000005500010000010000000000000000000000000000000000000000000000000000000000000000000000000000000000000000000000000000000000000000000000000000000000000000000000000000000000000000000000000000000000000000000000000010000010005500000111110
111111000005500010000010000000000000000000000000000000000000000000000000000000000000000000000000000000000000000000000000000000000000000000000000000000000000000000000000000000000000000000000000000000000000000000000000010000010005500000111110
111111000005500010000010000000000000000000000000000000000000000000000000000000000000000000000000000000000000000000000000000000000000000000000000000000000000000000000000000000000000000000000000000000000000000000000000010000010005500000111110
111111000005500010000010000000000000000000000000000000000000000000000000000000000000000000000000000000000000000000000111111111111111111111111111111110000000000000000000000000000000000000000000000000000000000000000000010000010005500000111110
111111000005500010000010000000000000000000000000000000000000000000000000000500000000000000000000000000000000000000000000000000000000000000000000000000000000000000000000000000000000000000000000000000000000000000000000010000010005500000111110
111111000005500010000010000000000000000000000000000000000000000000000000000000000000000000000000000000000000000000000000000000000000005000000000000000000000000000000000000000000000000000000000000000000000000000000000010000010005500000111110
111111000005500010000010000000000000000000000000000000000000000000000000000000000000000000000000000000000000000000000000000000000000005000000000000000000000000000000000000000000000000000000000000000000000000000000000010000010005500000111110
111111000005500010000010000000000000000000000000000000000000000000000000000000000000000000000000000000000000000000000000000000000000000000000000000000000000000000000000000000000000000000000000000000000000000000000000010000010005500000111110
111111000005500010000010000000011111111111111111111111111111111111111111111111111111111111111111111111111111111111111111555555555500000055555555551111111111111111111111111111111111111111111111111111111111111110000000010000010005500000111110
111111000005500010000010000000010000000000000000000000000000000000000000000000000000000000000000000000000000000000000000000000000000000000000000000000000000000000000000000000000000000000000000000000000000000010000000010000010005500000111110
111111000005500010000010000000010000000000000000000000000000000000000000000000000000000000000000000000000000000000000000000000000000000000000000000000000000000000000000000000000000000000000000000000000000000010000000010000010005500000111110
111111000005500010000010000000010000000000000000000000000000000000000000000000000000000000000000000000000000000000000000000000000000000000000000000000000000000000000000000000000000000000000000000000000000000010000000010000010005500000111110
111111000005500010000010000000010000000000000000000000000000000000000000000000000000000000000000000000000000000000000000111111111111111111111111110000000000000000000000000000000000000000000000000000500000000010000000010000010005500000111110
111111000005500010000010000000010000000000000000000000000000000000000000000000000000000000000000000000000000000000000000000000000000000000000000000000000000000000000000000000000000000000000000000000000000000010000000010000010005500000111110
111111000005500010000010000000010000011111111111000001111111111111111111111111111111111111111111111111111111111111111111111111111111111111111111111111111111111111111111111111111111111111111111110000000000000010000000010000010005500000111110
111111000005500010000010000000010000010000000000000001100000005000000000000000000000000000000000000000000000000000000000000000000000000000000000000000000000000000000000000000000000000000000000010000000000000010000000010000010005500550111110
111111000005500010000010000000010000010000000000000001100000005000000000000000000000000000000000000000000000000000000000000000000000000000000000000000000000000000000000000000000000000000000000010000000000000010000000010000010005500550111110
111111000005500010000010000000010000010000000000000001100050005000000000000000000000000000000000000000000000000000000000000000000000000000000000000000000000000000000000000000000000000000000000010000000050000010000000010000010005500000111110
111111000005500010000010000000010000010555555555111111100050005000000000000001111111111111111111111111555500000000000000000000000000000000000000000000000000000000000000000000000000000000000000010000000050000010000000010000010005500000111110
111111000005500010000010000000010000010000000000000001100050005000000000000001000000000000000000000000500000000000000000000000000000000000000000000000000000000000000000000000000000000000000000010000000050000010000000010000010005500000111110
111111000005500010000010000000010000010000000000000001100050005000000000000001000000000000000000000000500000000055555555555550000000000000000000000000000000000000000000000000000000000000000000010000000050000010000000010000010005500000111110
111111000005500010000010000000010000010000000000000001100050005000000000000001000000000000000000000000500000000000000000000010000000000000000000000000000000000000000000000000000000000000000000010000000050000010000000010000010005500000111110
111111000005500010000010000000010000015555555555500001100050005000000000000001000000000000000000000000500000000000000000000010000000000000000000000000000000000000000000000000000000000000000000010000000050000010000000010000010005500000111110
111111000005500010000010000000010000010000000000000001100050005000000000000001000005000000000000000000500000000000000000000010000000000000000000000000000000000000000000000000000000000000000000010000000050000010000000010000010005500000111110
111111000005500010000010000000010000010000000000000001100050005000000000000501000005000000000000000000500000000000000000000010000001111111111111111111111111111111111111111111111111111111111000010000000050000010000000010000010005500000111110
111111000005500010000010000000010000010000000000000001100050000000000000000001000005000000000000000000500000000000000000000010000001000000000000000000050000000000000000001000000000000000001000010000000050000010000000010000010005500000111110
111111000005500010000010000000010000010000000000000001100050000000000000000001000005000000000000000000500000000000000000000010000001000000000000000000050000000000000000001000000000000000001000010000000050000010000000010000010005500000111110
111111000005500010000010000000010000010000000000550001100050000000000000000001000005000000000000000000500000000000000000000010000001000000000000000000050000000000000000001000000000000000001000000000000050000010000000010000010005500000111110
111111000005500010000010000000010000010055555555555551100011111111111111111111000005000000000000000000500000000000000000000010000001000000000000000000050000000000000000001000000000000000001000000000000050000010000000010000010005500000111110
111111000005500010000010000000010000010000000000000000000000000000000000000000000005555111111111100000500000000000000000000011111111555555555555555500050000000000000000001000000000000000001000000000000050000010000000010000010005500000111110
111111000005500010000010000000010000010000000000000000000000000000000000000000000000000100000000100000500000000000000000000010000001000000000000000000050000000000000000001000000000000000001111111111111150000010000000010000010005500000111110
111111000005500010000050000000010000010000000000000000000000000000000000000000000000000100000000100000500000000005000000000010000001000000000000000000050000050000000000001000000000000055555000000000000010000010000050010000010005500000111110
111111000005500010000050001000010000010000000000000000000000000000000000000000000000000100000000100000500000000000000000000010000001000000000000000000050000050000000000001000000000000000000000000000000010000010000000010000010005500000111110
111111000005500010000050001000010000010000000000000000000000000000000000000000000000000100050000100000100000000000000000000010000001000000000000000000050000050000000000001000005000000000000000000000000010000010000000010000010005500000111110
111111000005500010000050001000010000011111111111111100000000000000000000000000000000000100050000100000100001000000000000000010000001000000000000000000050000050000000000001000005000000000000000000000000010000010000000010000010005500000111110
111111000005500010000050001000010000011111110000000000000000555555550000555551000000000100050000100000100001000000000000000010000001000055555555550000050000050000000000001000005000000000000000000000000010000010000000010000010005500000111110
111111000005500010000050001000010000010000010000000000000000500000000000000001000000000100050000100000100001000000000000000010000001000000000000050000050000050000000000001000005000000000000000000000000010000010000000010000010005500000111110
111111000005500010000050001000010000010000010000000000000000500000000000000001111111111100050000100000100001000000000000000010000001000000005500050000050000050000000000001000005000000000000000000000000010000010000000010000010005500000111110
111111000005500010050050001005010000010000010000555555555555100000000000000000000000000100050000100000100001000000000000000010000001000000000000050000050000050000000000001000005000000055555000000000000010000010000000010000010005500000111110
111111000005500010000050001005010000010000010000000000000000100000000000000000000000000100010000100000100001000000000000000010000001000000000000050000050000050000000000001000005000000000001000000000000010000010000000010000010005500000111110
111111000005500010000050001000010000010000010000000000000000100000000000000000000000000100010000100000100001000000000000000010000001000005000000050000050000050000000000001000001000000000001000000000000010000010000000010000010005500000111110
111111000005500010000000001000010000010000010000000000000000100000000000000000000000000100010000100000100001000000000000000010000001000005000000050000000000050000000000005000001000000000001000000000000010000010000000010000010005500000111110
111111000005500010000000001000010000010000015555555555550000100000000000000000000000000100010000100000100001000000000000000010000001000005000000050000000000050000000000005000001000000000001000000000000010000010000000010000010005500000111110
111111000005500010000000001000010000010000010000000000000000100000000000000000000000000100010000100000100001000000000000111110000001000005000000050000000000050000000000005000001000000000001000000000000010000010000000010000010005500000111110
111111000005500010000000001000010000010000010000000000000000100000000000000000000000000100010000100000100001000000000001111110000001000005000000050000000000050000000000005000001000000011001000000000000010000010000000010000010005500000111110
111111000005500010000000001000010000010500010000000000000000100000000000000000000000000100010000100000100001000000000011111110000001000005000000050000000000050000005000005000001000000011111000500000000010000010000000010000010005500000111110
111111000005500010000000001000010000010500010000000000000000100000000000000000000000000100010000100000100001000000000011111110000001000005000000050000000000050000000000005000001000000011111000000000000010000010000000010000010005500000111110
111111000005500010000000001000010000010500010000000000000000100000000000000000000000000100010000100000100001000000000011111110000001000005000000050000000000050000000000000000001000000011111000000000000010000010000000010000010005500000111110
111111000005500010000000001000010000010500010000000000000000111111111111111111111111111100010000100000100001000000000001111110000005000005000000050000000000050000000000000000001000000011111000000000000010000010000000010000010005500000111110
111111000005500010000050001000010000010500010000000000000000100000000000000000000000000000010000000000100001111111111111111110000005000005000000050000000000050000000000000000001000001111111000000000000010000010000000010000010005500000111110
111111000005500010000050001000010000010500010000005000000000100000000000000000000000000000010000000000100000000000000000000000000005000005000000050000000000050000000111111111111110001111111111111110000010000010000000010000010005500000111110
111111000005500010000050001000010000010500010000000000000000100000000000000000000000000000010000000000100000000000000000000000000005000005111111111111111111111111111100000000000011111111111111000010000010000010000000010000010005500000111110
111111000005500010000050001000010000010500010000000000000000100000000000000000550000000000010000000000100000000000000000000000000005000005000005000000010000000000000100000000000010000000000001000010000010000010000000010000010005500000111110
111111000005500010000050001000010000010100010000000000000000100000000000000000000000000000010000000000100000000000000000000000000000000000000005000500010000000000000100000000000010000000000001000010000010000010000000010000010005500000111110
111111005005500010000050001000010000010100010000000000000000100000111111111111111111111111110000000000111111111111111111111110000000000000000005000500010000000000000100000000000010000000000001000010000010000010000000010000010005500000111110
111111000005500010000050001000010000050100010000000000000000100000100000000500000000000001111111111111111111111000000000000010000000000000000005000500050001555555000100000000000010000000050001000010000010000010000000010000010005500000111110
111111000005500010000050001000010000050100010000000000000000100000100000000500000000000001000000000000000000001000000000000010000000000000000005000500050001000000000100000000000010000000050001000010000010000010000000010000010005500000111110
111111000005500010000050001000010000050100010000000000000000100000100000000500000000000001000000000000000000001000000000000010000000000000000000000100050001000000000100000010000010000000050001000010000010000010000000010000010005500000111110
111111000005500010000050000000010000050100010000000000000000100000100000000500000000000001000000000000000000001000000000000010000000000000000000000100050001005555555100000010000010000000050001000010000010000010000000010000010005500000111110
111111000005500010000010000000010000050100010055555555555555100000100000000500000000000001000000000000000000001000000000000010000000000000000000000100000001000000000100000010000010000000050001000010000010000010000000010000010005500000111110
111111000005500010000010000000010000050100010000000000000000100000100000000500000000000001000000000000000000001000005555500011111111115555550000000100000001000000000100000010000010000000050001000010000010000010000000010050010005500000111110
111111000005500010000010000000010000000100010000000000000000100000100000000555550000000001000000005000000000001000000050000000000000000000000000000100000001000000000100000010000010000000050001000010000010000010000000010000010005500000111110
111111000005500010000010000000010000000100010000000000000000100000100000000000000000000001000000005000000000001000000050000000000000000000000000000111111111000000000100000010000010000000050001000010000010000010000000010000010005500000111110
111111000005500010000010000000010000000100015555555555550000100000100000000000000000000001000000005000000000001000000050000000000000000000000000000100000000000000000100000010000010000000050001000010000010000010000000010000010005505000111110
111111000005500010000010000000010000000100010000000000000000100000100000000000000000000001000000005000000000001000000050000000000001111111111111111100000000000000000100000010000010000000050001000010000010000010000000010000010005500000111110
111111000005500010000010000000010000000100010000000000000000100000000000000000000000000001000000005000000000005000000050000000000000000000000000000100000000000005000100000010000010000000050001000010000010000010000000010000010005500000111110
111111000005500010000010000000010000011100010000000000000000100000000000000000000000000001000000005000000000005000000050000000000000000000000000000100000000000005000100000010000011000000050001000010000010000010000000010000010005500000111110
111111000005500010000010000000010000011100010000000000000000100000000000000000000000000001000000001000000000005000000050000000000000000000000000000100000000000005000100000010000010000000010001000000000010000010000000010000010005500000111110
111111000005500010000010000000010000011100010000555555555555100000000000000000000000000001000000001000000000005000000050005000000000000000000000000100000000000005000100000010000011115000010001000000000010000010000000010000010005500000111110
111111000005500010000010000000010000010100010000000000000000100000000000000000000000000001000000001000000000005000000050000000000000000000000000000100000005000005000100000010000050005000010001000000000010000010000000010000010005500000111110
111111000005500010000010000000010000010100010000000000000000100000000000000555550000000001000000001000000000005000000111111111111111111111111111111100000005555555000100000010000050005000010001000000000010000010000000010000010005500000111110
111111000005500010000010000000010000010100010000000000000000100000001110000500000000000001000000001000000000000000000100000000000000000000000000000000000005000001000500000010000050005000010001000000000010000010000000010000010005500000111110
111111000005500010000010000000010000010100015555555555555500100000005510000500000000000001000000001000000000000000000100000000000000000500000000000000000005000001000500000010000050005000010001000000000010000010000000010000010005500000111110
111111000005500010000010000000010000010100010000000000000000100000055510000500000000000001000000001000005500000000000100000000000000000000000000000000000005000001000500000010000050005000010001000000000010000010000000010000010005500000111110
111111000005500010000010000000010000010100010000000000000000100000055500000500000000000001000000001000000000000000000100000000000000000000000000000000000005000001000500000010000050005000010001000000000010000010000000010000010005500000111110
111111000005500010000010000000010000010100010000000000000000100000005500000500000000000001000000001000000000000000000100000000000000000000000000000000000005000001000500000010000050005000010001000000000010000010000000010000010005500000111110
111111000005500010000010000000010000010100010000000000000000100000000000000500000000000001000000001111111111111111111155555555000000000055555555111111111111000001000500000010000050000000010001000000000010000010000000010000010005500000111110
111111000005500010000010000000010000010100010000000000000000100000000000000500000000000001000000000000000000000000000000000000000000000000000000000000000000000001000500000010000000000000010001000000000010000010000000050000010005500000111110
111111000005500010000010000000010000010100010000000000000000100000000000050500000000000001000000000000000000000000000000000000000000000000000000000000000000000001000500000010000000000000010001000000000010000010000100050000010005500000111110
111111000005500010000010000000010000010100010000000000000000100000000000000500000000000001000000000000000000000000000000000000000000000000000000000000000000000005000000000010000000000000010000000000000010000010000100050000010005500000111110
111111000005500010000010000000010000010100010000000000000000100000000000000500000000000001555555555000000000000000000111111111111111111111111111100000000000000005000000000010000000000000010000000000000010000010000100050000010005500000111110
111111000005500010000010000000010000010100011111111111000000100000000000000500000000000001000000000000000000000000000000000000000000000000000000000000000000000005000000000010000000000000010000000000000010000010000100050000010005500000111110
111111000005500010000010000000010000010100050000000001000000111555550000000500000000000001000000000000000000000000000000000000000000000000000000000000000000000005000000000011111110000000015555555555550010000010000100050000010005500000111110
111111000005500010000010000000010000010100050000000001000000100000000000000500001000000001000000000000000000000000000000000000000000000000000000000000000000000005000000000050000010000000010000000000000010000010000100050000010005500000111110
111111000005500010000010000000010000010100050000000001000000100000000000000111111000000001000005555550000111111111111111111111111111111111111111100000000000000005000000000050000010000000010000555555555510000010000100050000010005500000111110
111111000005500010000010000000010000010100050000000001000000100000000000000110001000000001000000000010000100000000000000000000000100000000000000100000000000000005555555555550000010000000010000000000000010000010000100050000010005500000111110
111111000005500010000010000000010000010100000000000001000000100111111111111110001000000001000000000010000100000000000000000000000100000000000000100000000000000000000000000000000010000000010000000000000010000010000100050000010005500000111110
111111000005500010000010000000010000010100000000000001000000100000000000000010001000000001000000000010000100000000000000000000000100000000000000100000000000000000000000000000000010000000010000000000000010000010000100050000010005500000111110
111111000005500010000010000000010000010100000000000001000000100000000000000010001000000001000000000010000100015555555555555555000100000000000000100000000000000000000000000000000010000000010000000000000010000010000100050000010005500000111110
111111000005505510000010000000010001010100000000000001000000100000000000000010001000000001000000000010000100010000000011111111000100005555000000100000000000000000000000055500000010000000015555555555550010000010000100000000010005500000111110
111111000005505510000010000000010001010100000000000001000001111111111111100010001000000001000000000010000100010000000011111111000100001000000000100000000000000050000000050000000010000000010000000000000010000010000100000000010005500000111110
111111000005500010000010000000050001010100000000000001000005000050000000100010001000000001000000000010000100010000000011111111000100001000000000100000000000000050000000050000000010000000010055555555555510000010000100000000010005500000111110
111111000005500010000010000000050001010100000000000001000005000050000000100010001000000001000000000010000100010000000000111111000100001000000000100000000000000050000000050000000011111111110000000000000010000010000100000000010005500000111110
111111000005500010000010000000050001010155555500005001000005000050000000100010001000000001000000000010000100010000000000111111000100001000005555111111115555555550000000010000000000000000050000000000000010000010500100000000010005500000111110
111111000005500010000010000000050001010100000500005001000005000050000000100010001000000001000000000010000100010000000000111111000100001000000000000000010000000000000000010000000000000000050000000000000010000010000100000000010005500000111110
111111000005500010000010000000050001010500000500001001000000000050000000100010001000000001000000000010000100010000000011111111000100001000000000000000010000000000000000010000000000000000050000000000500010000010000100000000010005500000111110
111111000005500010000010000000050001010500000500001001000000000050000000100010001000000001000000000010000100010000000011111111000100001000000000000000010000000000000000015555555555555550050000000000500010000010000100000000010005500000111110
111111000005500010000010000000050001010500000500001001000000000050000000100010001000000001000000000010000100010000000011111111000100001000000000000000010000000000000000010000000000000000050000000000500010000010000100000000010005500000111110
111111000005500010000010000000050001010500000500001001000000000050000000100010001000000001000000000010000100010000000011111111000100001000000000000000010000000000000000010000000000000000050000000000500010000010000100000000010005500000111110
111111000005500010000010000000050001010000000500001001000000555550000000100010001000000001000000000010000100010000000000000000000100001000000000000000010000000000000000010000000000000000050000000000500010000010000100050000010005500000111110
111111000005500010000010000000050001010000000500001001000000000000000000100010001000000001555000055510000100010000000000000000000100011111111111100000015555555550000000010000000000000000050000000000500010000010000100050000010005500000111110
111111000005500010000010000000000001010000000500001001000000000000000000000000001000000001005000050010000100010000000000000000000100010000000000100000010000000010000000010000000055555555550000000000500010000010000100050000010005500000111110
111111000005500010000010000000000001010000000500001001000000000000000000000000001000000001005000050010000100011111111111111111111100010000000000100000010000000010000000010000000000000000000000000000500010000010000100050000010005500000111110
111111000005500010000010000000000001010000000500001001000000000000000000000000001000000001005000050010000100000000000000000000000000010000000000100000010000000010000000010000000000000000000000000000500010000010000100050000010005500000111110
111111000005500010000010000000000001010000000000001001000000000000000000000000001000000001005000050010000100000000000000000000000000010000000000100000010000000010000000010000000000000000000000000000500010000010000100050000010005500000111110
111111000005500010000010000000000001010000000000001001000000000000000000000000001000000001000000000010000100000000000000000000000000010000000000100000010000000010000000010000000000000000000000000000500010000010000100050000010005500000111110
111111000005500010000010000000500001010000000000001001000000000000000000000000001000000001000000000010000111111111111111111111111111110000500000105500010000000010000000010000000000000000000000000000500010000010000100050000010005500000111110
111111000005500010000010000000000001010000000000001001000000000000000000000000001000000001000000000011111111111111111111111111111111110000500000100000010000000010000000011111111111111111111111111111500010000010000100050000010005500000111110
111111000005500010000010000000000001010000000000001001000000000000000000000000001000000001000000000010000000100000000000000000110000000000500000100000010000000010000000000000000000000000000000000000000010000010000100050000010005500000111110
111111000005500010000010000000000001010000000000001001000000000000000000000000001000000001000000000010000000100000000000000000000000000000500000100000010000000010000000000000000000000000000000000000000010000010000100050000010005500000111110
111111000005500010000010000000000001010000000000001111111111111111111111111111111000000001000000000010000000100000000000000000000000000000500000100000010000000010000000000000000000000000000000000000000010000010000000050000010005500000111110
111111000005500010000010000000050001011111111100000000000000000000000000000000055550000001000000000010000000100000000000000000000000000000500000100000010000000010000000000000000000000000000000000000000010000010000000010000010005500000111110
111111000005500010000010000000050001010000000100000000000000000000000000000000000000000001000000000010000000100000011111111111111555500000500000100000010000000010000000000000000111111111111111111111000010000010000000010000010005500000111110
111111000005500010000010000000050001010000000100000000000000000000000000000000000000000001000000000010000000100000051111111111111555500000500000100000010000000010000000000000000100000000000000000000000010000010000000010000010005500000111110
111111000005500010000010000000050001010000000100000000000000000111111111111000000000000001000000000010000000100000050000001110000000000000500000100000010000000010000000000000000100000000000000000000000010000010000000010000010005500000111110
111111000055500010000010000000050001010001000111111111111100000100000000005000000000000001000000000010005000100000010000000010000000000000500000500000010000000010000111000000000100000000000000000000000010000010000000010000010005500000111110
111111000005500010000010000000050001010001000000000000000000000100000000000000055555555555000000000010005000100000010000000010000000000000500000500000010000000010000111111100000100000000000000000000000010000010000000010000010005500000111110
111111000005500010000010000000050001010001000000000000000000000100000000000000010000000001000000000010005000100000010000000010000000000000500000500000010000000010000111110100000100000011111111111111000010000010000000015000010005500000111110
111111000005500010000010000000050001010001000000000000000000000100000000000000010000000001000000000010005000100000010000500010000000500000500000500000010000000010000111111000000100000000000000000001000010000010000000010000010005500000111110
111111000005500010000010000000050001010001111111111111111111111111000000000000010000000001000000000050005000100000010000500010000000000000500000500000010000000010000000100000000100000000000000000001000010000010000000010000010005500000111110
111111000005500010000010000000050001010000000000000000000000000001111111111111110000000001000000000050005000100000010000500010000000000000100000500000010000000011111111111111111110000000000000000001000010000010000000010000010005500000111110
111111000005500010000010000000050001010000000000000000000000000001000000000000000000000001000000100050005000100000010000500010000000000000100000500000010000000000000000000000000050000000000000000001000010000010000000010000010000000000111110
111111000005500010000010000000050001010000000000000000000000000001000000000000000000000001000000100050005000100000010000500011111110000000100000500000010000000000000000000000000050005000111111111111000010000010000000010000010000000000111110
111111000005500010000010000000010000010000000000000000000000000001000000000000000000000001000000100050005000100000010000500000000010000000100000500000010000000000000000000000000050005000100000000000000010000010000000010000010000000000111110
111111000005500010000010000000010000010000000000000000000000000001000000000000000000000001000000100050005000100000010000500000000010000000100000000000010000000000000000000000000050005000100000000000000010000010000000010000010000000000111110
111111000005500010000010000000010000010000000000000000000000000001111111111111110000000001000005100050005000100000010000500000000010000000100000000000010000000000000000000000000050005000100000000000000010000010000000010000010000000000111110
111111000005500010000010000000010000010000000000000000000000000000010000000000010000000001000000100050005000100000010000511110000010000000100000000000010000000000000000000000000050005000100000000000000010000010000000010000010000000000111110
111111000005500010000010000000010000050000050000000000000000000000011111000000010000000001000000100050005000100000010000000100000010000000100000000000010000000000000000000000000050005000100000555555555510000010000000010000010000000000111110
111111000005500010000010000000010000050000050000000000000000000000000001000000010000000001000000100050005000100000010000000100000010000000100000000000010000000000000000000000000050005000100000000000000010000010000000010000010000000000111110
111111000005500010000010000000010000050000050000000000000000000000000001000000010000000001000000100050005000100000010000000100000010000000100000000000010000000000000000000000000050005000100000000000000010000010000000010000010000500000111110
111111000005500010000010000000010000050000050000000000000000000000000001000000010000000001000000100050005000100000010000000100000011111111111111111111110000000000000000000000000000005000100000000000000010000010000000010000010000000000111110
111111000005500010000010000000010000000000050000000000000000000000010001000000010000000001000000100050005000100000010000000100000000000000000000000000010000000000000000000000000000001000100000155555000010000010000000010000010000000000111110
111111000005500010000010000000010000000000050000000000000000000000010001000000010000000001000000100050005000100000010000000100000000000000000000000000010000000000000000000000000000001000100000100000000010000010000000010000010000000000111110
111111000005500010000010000000010000000000050000000500000050000000010001000000010000000001000000100050005000100000010000000100000000000000000000000000010000000000000000000000000000001000100000100000000010000010000000010000010000000000111110
111111000005500010000010000000010000000000050000000000000000000000010001000000010000000001000000100050005000100000010000000100000000000000000000000000010000000000000000000000000000001000100000100000000010000010000000010000010000000000111110
111111000005500010000010000000010000050000050000000000000000000000010001000000010000000001000000100050001000100000010000000111111111111111111100000000010000000000000000000000500000001000100000100000000010000010000000010000010005500000111110
111111000005500010050010000000010000050000050000000000000000000000010001000000010000000001000000100050001000100000010000000000000000000111111100000000010000000000000000000000000000001000100000100000000010000010000000010000010005500000111110
111111000005500010000010000000010000050000050000000000000000000000010001000000010000000001000000100000001000100000010000000000000000000111111100000000010000000000000000000000000000001000100000100100000010000010000000010000010005500000111110
111111000005500010000010000000010000050000050000000000000000000000010001000000010000000001000000100000001000100000010000000000000000000000111100000000010000000000511000000000000000001000100000100100000010000010000000010000010005500000111110
111111000005500010000010000000010000010000000000000000000000000000010001000000010000000001000000100000001000100000010000000000000000000000110100000000010000000000511000000000000000001000100000100100000010000010000000010000010005500000111110
111111000005500010000010000000010000010000000000000000000000000000010001000000010000000001000000100000001000100000010000000000000000000000000100000000010000000000050000000000000000001000100000100100000010000010000000010000010005500000111110
111111000005500010000010000000010000010000000000000000000000000000010001000000010000000001000000100000001000100000010000000000000000000000000100000000010000000000000000000011111111111000100000100100000010000010000000010000010005500000111110
111111000005500010000010000000010000010000000000000000000000000000010001000000010000000001000000111111111000100000010000000000000000000000000100000000010000000000000000000010000000000000100000100100000010000010000000010000010005500000111110
111111000005500010000010000000010000010000000000000000000000000000010001000000010000000001000000000000001000100000010000000000000000000000000100000000010000000000000000000010000000000000000000100100000010100050000000010000010005500000111110
111111000005500010000010000000010000010000000000000000000000000000010001000000010000000001000000000000001000155500010000000000000000000000000100000000015555555555555500000010000000000000000000100100000010100050000000010000010005500000111110
111111000005500010000010000000010000010000000000000000000000000000010001000000010000000001000000000000001000000000010000000000000000000000000100000000010000000000000000000010000000000000000000100100000010100050000000010000010005500000111110
111111000005500010000010000000010000011111111111111110000001111111110001000000010000000001000000000000001000000000010000000000000000000000000100000000010000000000000000000010000000000000000000100100000010100050000000010000010005500000111110
111111000005500010000010000000010000010000000000000010000001000000000000000000010000000000000000000000001000000000010000000000000050000000000100000000010000000000000000000010000000000000000000100100000010100050000000010000010005500000111110
111111000005500010000010000000010000010000000000000010000001000000000000000000010000000000000000000000001000000000010000000000000050000000000100000000010000000000000000000010000000000000000000100100000010100050000000010000010005500000111110
111111000005500010000010000000010000010000000000000010000001000000000000000000010000000000000000000000001000000000010000000000000050000000000100000000010000000000000000000010000000000000000000100100000010100050005500010000010005500000111110
111111000005500010000010000000010000010000000000000010000001000000000000000000010000000000000000000000001000000000010000000000000050000000000100000000010000000001111111111111111111111111111111111100000010100050000000010000010005500000111110
111111000001100010000010000000010000010000000000000010000001000000000000000000010000100000000000011111111111111111111111111111111150000000000100500000010000000000000100000000000000000000000000000000000010100050000000010000010005500000111110
111111000001100010000010000000010000010000000000000010000001000000000000000000010000100000000000011000000000000000000000000000000100000000000100000000010000000000000100000000000000000000000000000000000010100050000000010000010005500000111110
111111000001100010000010000000010000010000000000000010000001000000000000000000010000100000000000011000000000000000000000000000000100000000000100000000010000000000000100000000000000000000000000000000000010100050000000010000010005500000111110
111111000001100010000010000000010000010000000000000010000001000000000000000000010000100000000000011000000000000000000000000000000100000000000100000000010000000000000100000000000000000000000000000000000010100050000000010000010005500000111110
111111000001100010000010000000010000010000000000000000000001000000000000111111110000100000000000011000000000000000000000000000000100000000000100000000010000000000000100000011111111111111111111100000000010100000000000010000010005500000111110
111111000001100010000010000000010000010000000000000000000001000000000000100000000000100000000000011111111111111111000000000000011100000000000100000000010000000000000100000010000000000000000000100000000010100000000000010000010005500000111110
111111000001100010000010000000010000010000000000000000000001000000000000100000000000100000000000010000000000000000000000000000000000000000000100000000010000000000100100000010000050000000000000100000000010100000000000010000010005500000111110
111111000001100010000010000000010000010000000000000000000001000000000000100000000000100000000000010000000000000000000000000000000000000000000100000000010000000000100100000010000000000000000000100000000010100000000000010000010005500000111110
111111000001100010000010000000010000010000000000000000000001000000000000100000000000100000000000010000000000000000000000000000000000000000000100000000010000000000100100000010000000000000000000100000000010100000000000010000010005500000111110
111111000001100010000010000000010000010000000500000000000001000000000000100000000000100000000000010000000000000000000000000000000000000000000100000000010000000000100100000010000000000000000000100000000010100000000000010000010005500000111110
111111000001100010000010000000010000010000000500000000000001000000000000100000000000150000000000010000000000000000000000000000000000000000000100000000010000000000100100000010000000000000000000100000000010100000000000010000010005500000111110
111111000001100010000010000000010000010000000500000000000001000000000000111111110000100000000000010000000000000000000000000000000000000000000100000000010000000000100100000010000000000000000000100000000010100000000000010000010005500000111110
111111000001100010000010000000010000010000000500000000000001000000000000000000000000100000000000010000000000000000000000000000000000000000000100000000010000000000100100000010000000000000000000100000000010100050000000010000010005500000111110
111111000001100010000010000000010000010000000500000000000001000000000000000000000000100000000000010000000011111111111111111111111111111111111100000000010000000000100100000010000055555555500000100000000010100050000000010000010005500000111110
111111000001100010000010000000010005010000000500000000000001000000000000000000000000100000000001110000000000000000000000000000000000000000000000000000010000000000100100000010000000000000500000100000000010100050000000010000010005500000111110
111111000001100010000010000000010005010000000500000000000001000000000000000000000000100000000001110000000000000000000000000000000000000000000000000000010000000000100100000010000000000000500000100000000010100050000000010000010005500000111110
111111000001100010000010000000010000010000000500000000000001000000000000000000000000100000000111110000000000000000000000000000000000000000000000000000010000000000100100000010000000000000500000100000000010100050000000010000010005500000111110
111111000001100010000010000000010000010000000500000000000001000000000000000000000000100000001111110000000000000000000000000000000000000000000000000000010000000000100100000010000000000000500000100000000010100050000000010000010005500000111110
111111000001100010000010000000010000010000000500000000000001000000000000000000000000100000001111110000000000000000000000000000000000000000000000000000010000000000100100000010000000000000500000100000000010100050000000010000010005500000111110
111111000001100010000010000000010000010000000500000000000001000000000000000000000000100000001111110000000000000000000000000000000000000000000000000000010000000000100100000011111111110000500000100000000010100050000000010000010005500000111110
111111000001100010000010000000010000010000000511111111111111111111111111111111111111111111111111111111111111111000000000000000000000000000000000000000010000000000100100000000000000000000500000100000000010100050000000010000010005500000111110
111111000001100010000010000000010000010000000000000000000000000000000000000000000000000000000000000000000000000000000011111111111111111111111111111111110000000000100100000000000000000000500000100000000010100050000000010000010005500000111110
111111000001100010000010000000010000010000000000000000000000000005000000000000000000000000000000000000000000000000000000000000000000000000000000000000000000000000100100000000000000000000500000100000000010100050000000010050010005500000111110
111111000001100010000010000000010000010000000000000000000000000000000000000000000000000000000000000000000000000000000000000000000000000000000000000000000000000000100100000000000000000000500000100000000010100050000000010000010005500000111110
111111000001100010000010000000010000010000000000000000000000000000000000000000000000000000000000000000000000000000000000000000000000000000000000000000000000000000100100000000000000000000500000100000000010000010000000010000010005500000111110
111111000001100010000010000000010000010000000000000000000000000000000000000000000000000000000000000000000000000000000000000000000000000000000000000000000000000000100100000000000000000000500000100000000010000010000000010000010005500000111110
111111000501100010000010000000010000010000000000000000000000000000000000000000000000000000000000000000000000000000000000111111111111111111111111111111111111111111111111111111111111111111100000100000000010000010000000010000010005500000111110
111111000001100010000010000000010000010000000000000000000000000000000000000000000000000000000000000000000000000000000000100000000000000000000000000000000000000011100000000000000000000000000000100000000010000010000000010000010005500000111110
111111000001100010000010000000010000011111111111111111111111111111111111111111111111111111111111111111111111111111111111105555555555111111111111111111111111111111100055555555511111111111111111111111111110000010000000010000010005500000111110
111111000001100010000010000000010000000000000000000000000000000000000000000000000000000000000000000000000000000000000000000000000000000000000000000000000000000000000000000000000000000000000000000000000000000010000000010000010005500000111110
111111000001100010000010000000010000000000111111111111111111111111111111111111000000000000000000550000000000000000000000000000000000000000000000000000000000000000000000000000000000000000000000000000000000000010000000010000010005500000111110
111111000001100010000010000000010000000000000000000000000000000000000000000000000000000000000000000000000000000000000000000000000000000000000000000000000000000000000000000000000000000000000000000000000000000010000000010000010005500000111110
111111000001100050000010000000010000000000000000000000000000000000000000000000000000000000000000000000000000000000000000000000000000000000000000000000000000000000000000000000000000000000000000000000000000000010000000010000010005500000111110
111111000001100050001010000000010000000000000000000000000000000000000000000000000000000000000000000000000000000000000000000000000000000000000000000000000000000000000000000000000000000000000000000000000000000010000000010000010005500000111110
111111000001100050001010000000011111111111555555555555000000000055555555555555111111111111111111111111111111111111111111111111111111111111111111111111111111111111111111111111111111111111111111111111111111111110000000010000010005500000111110
111111000001100050001010000000000000000000000000000000000000000000000000000000000000000000000000000000000000000000000000000000000000000000000000000000000000000000000000000000000000000000000000000000000000000000000000010000010005500000111110
111111000001100050001010000000000000000000000000000000000000000000000000000000000000000000000000000000000000000000000000000000000000000000000000000000000000000000000000000000000000000000000000000000000000000000000000010000010005500000111110
111111000001100050001010000000000000000000000000000000000000000000000000000000000000000000000000000000000000000000000000000000000000000000000000000000000000000000000000000000000000000000000000000000000000000000000000010000010005500000111110
111111000001100050001010000000000000000000000000000000000000000000000000000000000000000000000000000000000000000000000000000000000000000000000000000000000000000000000000000000000000000000000000000000000000000000000000010000010005500000111110
111111000001100050001010000000000000000000000000000000000000000000000000000000000000000000000000000000000000000000000000000001111111111111111111111111111110000000000000000000000000000000000000000000000000000000000000010000010005500000111110
111111000001100050001010000000000000000000000000000000000000000000000500000000000000000000000000000000000000000000000000000000000000000000000000000000000000000000000000000000000000000000000000000000000000000000000000010000010005505000111110
111111000001100050001010000000000000000000000000000000000000000000000000000000000000000000000000000000000000000000000000000000000000000000000000000000000000000000000000000000000000000000000000000000000000000000000000010000010005500000111110
111111000001100050001010000000000000000000000000000000000000000000000000000000000000000000000000000000000000000000000000000000000000000000000000000000000000000000000000000000000000000000000000000000000000000000000000010000010005500000111110
111111000001100050001011111111111111111111111111111111111111111111111111111111111111111111111111111111111111111111111111115555555555550000000000555555555555111111111111111111111111111111111111111111111111111111111111110000010005500000111110
111111000001100050001000000000000000000000000000000000000000000000000000000000000000000000000000000000000000000000000000000000000000000000000000000000000000000000000000000000000000000000005500000000000000000000000000000000010005500000111110
111111000001100050001111111111111110000000000000000000000000000000000000000000000000000000000000000000000000000000000000000000000000000005500000000000000000000000000000000000000000000000000000000000000000000000000000000000010005500000111110
111111000001100000000000000000000000000000000000000000000000000000000000000000000000000000000000000000000000000000000000000000000000000000000000000000000000000000000000000000000000000000000000000000000000000000000000000000010005500000111110
111111000001100000000000000000000000000000000000000000000000000000000000000000000000000000000000000000000000000000000000000000000000000000000000000000000000000000000000000000000000000000000000000000000000000000000000000000010005500000111110
111111000001100005000000000000000000000000000000000000000000000000000000000000000000000000000000000000000000000000000000000000000000000000000000000000000000000000000000000000000000000000000000000000000000000000000000000000010005500000111110
111111000001100000000055555555555555111111111111111111111111111111111111111111111111111111111111111111111111111111111111111111111111111111111111111111111111111111111111111111111111111111111111111111111111111111111111111111110005500000111110
111111000001100000000000000000000000000000000000000000000050000000000000000000000000000000000000000000000000000000000000000000000000000000000000000000000000000000000000000000000000000000000000000000000000000000000000000000000005500000111110
111111000001100000000000000000000000000000000000000000000000000000000000000000000000000000000000000000000000000000000000000000000000000000000000000000000000000000000000000000000000000000000000000000000000000000000000000000000005500000111110
111111000001100000000000000000000000000000000000000000000000000000000000000000000000000000000000000000000000000000000000000000000000000000000000000000000000000000000000000000000000000000000000000000000000000000000000000000000005500000111110
111111000001111111111111111111111111111111111111111111555555555555555555555555555555555555555555555555555555555555555555555555555555555555555555555555555555555555555555555555555555555555555555555555555555555555555555555555555555500000111110
111111110001111111111111111111111111111111111111111111555555555555555555555555555555555555555555555555555555555555555555555555555555555555555555555555555555555555555555555555555555555555555555555555555555555555555555555555555555500000111110
111111110000000000000000000000000000000000000000000000000000000000000000000000000000000000000000000000000000000000000000000000000000000000005000000000000000000000000000000000000000000000000000000000000000000000000000000000000000000000111110
111111110000000000000000000000000000000000000000000000000000000000000000000000000000000000000000000000000000000000000000000000000000000000000000000000000000000000000000000000000000000000000000000000000050000000000000000000000000000000111110
111111110000000000000000000000000000000000000000000000000000000000000000000000000000000000000000000000000000000000000000000000000000000000000000000000000000000000000000000000000000000000000000000000000000000000000000000000000000000000111110
111111110000000000000000000000000000000000000000000000000000000000000000000000055000000000000000000000000000000000000000000000000000000000000000000000000000000000000000000000000000000000000000000000000000000000000000000000000000000000111110
111111110000000000000000000000000000000000000000000000000000000000000000000000000000000000000000000000000000000000000000000000000000000000000000000000000000000000000000000000000000000000000000000000000000000000000000000000000000000000111110
111111111111111111111111111111111111111111111111111111111111111111111111111111111111111111111111111111111111111111111111111111111111111111111111111111111111111111111111111111111111111111111111111111111111111111111111111111111111111111111110
111111111111111111111111111111111111111111111111111111111111111111111111111111111111111111111111111111111111111111111111111111111111111111111111111111111111111111111111111111111111111111111111111111111111111111111111111111111111111111111110
111111111111111111111111111111111111111111111111111111111111111111111111111111111111111111111111111111111111111111111111111111111111111111111111111111111111111111111111111111111111111111111111111111111111111111111111111111111111111111111110
111111111111111111111111111111111111111111111111111111111111111111111111111111111111111111111111111111111111111111111111111111111111111111111111111111111111111111111111111111111111111111111111111111111111111111111111111111111111111111111110
111111111111111111111111111111111111111111111111111111111111111111111111111111111111111111111111111111111111111111111111111111111111111111111111111111111111111111111111111111111111111111111111111111111111111111111111111111111111111111111110
111111111111111111111111111111111111111111111111111111111111111111111111111111111111111111111111111111111111111111111111111111111111111111111111111111111111111111111111111111111111111111111111111111111111111111111111111111111111111111111110
