000000000000000000000000000000000000000000000000000000000000000000000000000000000000000000000000000000000000000000000000000000000000000000000000000000000000000000000000000000000000000000000000000000000000000000000000000000000000000000000000000000000000000000000000000000000000000000000000000000000000
111111111111111111111111111111111111111111111111111111111111111111111111111111111111111111111111111111111111111111111111111111111111111111111111111111111111111111111111111111111111111111111111111111111111111111111111111111111111111111111111111111111111111111111111111111111111111111111111111111111110
111111111111111111111111111111111111111111111111111111111111111111111111111111111111111111111111111111111111111111111111111111111111111111111111111111111111111111111111111111111111111111111111111111111111111111111111111111111111111111111111111111111111111111111111111111111111111111111111111111111110
111111111111111111111111111111111111111111111111111111111111111111111111111111111111111111111111111111111111111111111111111111111111111111111111111111111111111111111111111111111111111111111111111111111111111111111111111111111111111111111111111111111111111111111111111111111111111111111111111111111110
111111111111111111111111111111111111111111111111111111111111111111111111111111111111111111111111111111111111111111111111111111111111111111111111111111111111111111111111111111111111111111111111111111111111111111111111111111111111111111111111111111111111111111111111111111111111111111111111111111111110
111111111111111111111111111111111111111111111111111111111111111111111111111111111111111111111111111111111111111111111111111111111111111111111111111111111111111111111111111111111111111111111111111111111111111111111111111111111111111111111111111111111111111111111111111111111111111111111111111111111110
111111111111111111111111111111111111111111111111111111111111111111111111111111111111111111111111111111111111111111111111111111111111111111111111111111111111111111111111111111111111111111111111111111111111111111111111111111111111111111111111111111111111111111111111111111111111111111111111111111111110
111111111111111111111111111111111111111111111111111111111111111111111111111111111111111111111111111111111111111111111111111111111111111111111111111111111111111111111111111111111111111111111111111111111111111111111111111111111111111111111111111111111111111111111111111111111111111111111111111111111110
111111111111111111111111111111111111111111111111111111111111111111111111111111111111111111111111111111111111111111111111111111111111111111111111111111111111111111111111111111111111111111111111111111111111111111111111111111111111111111111111111111111111111111111111111111111111111111111111111111111110
111111111111111111111111111111111111111111111111111111111111111111111111111111111111111111111111111111111111111111111111111111111111111111111111111111111111111111111111111111111111111111111111111111111111111111111111111111111111111111111111111111111111111111111111111111111111111111111111111111111110
111111111111111111111111111111111111111111111111111111111111111111111111111111111111111111111111111111111111111111111111111111111111111111111111111111111111111111111111111111111111111111111111111111111111111111111111111111111111111111111111111111111111111111111111111111111111111111111111111111111110
111111111111111111111111111111111111111111111111111111111111111111111111111111111111111111111111111111111111111111111111111111111111111111111111111111111111111111111111111111111111111111111111111111111111111111111111111111111111111111111111111111111111111111111111111111111111111111111111111111111110
111111111111111111111111111111111111111111111111111111111111111111111111111111111111111111111111111111111111111111111111111111111111111111111111111111111111111111111111111111111111111111111111111111111111111111111111111111111111111111111111111111111111111111111111111111111111111111111111111111111110
111111111111111111111111111111111111111111111111111111111111111111111111111111111111111111111111111111111111111111111111111111111111111111111111111111111111111111111111111111111111111111111111111111111111111111111111111111111111111111111111111111111111111111111111111111111111111111111111111111111110
111111111111111111111111111111111111111111111111111111111111111111111111111111111111111111111111111111111111111111111111111111111111111111111111111111111111111111111111111111111111111111111111111111111111111111111111111111111111111111111111111111111111111111111111111111111111111111111111111111111110
111111111111111111111111111111111111111111111111111111111111111111111111111111111111111111111111111111111111111111111111111111111111111111111111111111111111111111111111111111111111111111111111111111111111111111111111111111111111111111111111111111111111111111111111111111111111111111111111111111111110
111111111111111111111111111111111111111111111111111111111111111111111111111111111111111111111111111111111111111111111111111111111111111111111111111111111111111111111111111111111111111111111111111111111111111111111111111111111111111111111111111111111111111111111111111111111111111111111111111111111110
111111111111111111111111111111111111111111111111111111111111111111111111111111111111111111111111111111111111111111111111111111111111111111111111111111111111111111111111111111111111111111111111111111111111111111111111111111111111111111111111111111111111111111111111111111111111111111111111111111111110
111111111111111111111111111111111111111111111111111111111111111111111111111111111111111111111111111111111111111111111111111111111111111111111111111111111111111111111111111111111111111111111111111111111111111111111111111111111111111111111111111111111111111111111111111111111111111111111111111111111110
111111111111111111111111111111111111111111111111111111111111111111111111111111111111111111111111111111111111111111111111111111111111111111111111111111111111111111111111111111111111111111111111111111111111111111111111111111111111111111111111111111111111111111111111111111111111111111111111111111111110
111111111111111111111111111111111111111111111111111111111111111111111111111111111111111111111111111111111111111111111111111111111111111111111111111111111111111111111111111111111111111111111111111111111111111111111111111111111111111111111111111111111111111111111111111111111111111111111111111111111110
111111111111111111111111111111111111111111111111111111111111111111111111111111111111111111111111111111111111111111111111111111111111111111111111111111111111111111111111111111111111111111111111111111111111111111111111111111111111111111111111111111111111111111111111111111111111111111111111111111111110
111111111111111111111111111111111111111111111111111111111111111111111111111111111111111111111111111111111111111111111111111111111111111111111111111111111111111111111111111111111111111111111111111111111111111111111111111111111111111111111111111111111111111111111111111111111111111111111111111111111110
111111111111111111111111111111111111111111111111111111111111111111111111111111111111111111111111111111111111111111111111111111111111111111111111111111111111111111111111111111111111111111111111111111111111111111111111111111111111111111111111111111111111111111111111111111111111111111111111111111111110
111111111111111111111111111111111111111111111111111111111111111111111111111111111111111111111111111111111111111111111111111111111111111111111111111111111111111111111111111111111111111111111111111111111111111111111111111111111111111111111111111111000000000000001111111111111111111111111111111111111110
111111111111111111111111111111111111111111111111111111111111111111111111111111111111111111111111111111111111111111111111111111111111111111111111111111111111111111111111111111111111111111111111111111111111111111111111111111111111111111111111111111000000000000001111111111111111111111111111111111111110
111111111111111111111111111111111111111111111111111111111111111111111111111111111111111111111111111111111111111111111111111111111111111111111111111111111111111111111111111111111111111111111111111111111111111111111111111111111111111111111111110000000000000000000011111111111111111111111111111111111110
111111111111111111111111111111111111111111111111111111111111111111111111111111111111111111111111111111111111111111111111111111111111111111111111111111111111111111111111111111111111111111111111111111111111111111111111111111111111111111111111110000000000000000000011111111111111111111111111111111111110
111111111111111111111111111111111111111111111111111111111111111111111111111111111111111111111111111111111111111111111111111111111111111100000000000000000000000000000000000000000000000011111111111111111111111111111111111111111111111111111100000000000000000000000011111111111111111111111111111111111110
111111111111111111111111111111111111111111111111111111111111111111111111111111111111111111111111111111111111111111111111111111111111111100000000000000000000000000000000000000000000000011111111111111111111111111111111111111111111111111111100000000000000000000000011111111111111111111111111111111111110
111111111111111111111111111111111111111111111111111111111111111111111111111111111111111111111111111111111111111111111111111111111111111100011001100000000000000000000000000000000000000011111111111111111111111111111111111111111111111111110000000111100000000000000111110011111111111111111111111111111110
111111111111111111111111111111111111111111111111111111111111111111111111111111111111111111111111111111111111111111111111111111111111111100111111110000000000000000000000000000000000000011111111111111111111111111111111111111111111111111110000011111110000000000011111110011111111111111111111111111111110
111111111111111111111111111111111111111111111111111111111111111111111111111111111111111111111111111111111111111111111111111111111111111100111111110000000000000000000000000000000000000011111111111111111111111111111111111111111111111111000000111111111000000000011111110000111111111111111111111111111110
111111111111111111111111111111111111111111111111111111111111111111111111111111111111111111111111111111111111111111111111111111111111111100011001100000000000000000000000000000000000000011111111111111111111111111111111111111111111111111000000111111111000000000011111110000111111111111111111111111111110
111111111111111111111111111111111111111111111111111111111111111111111111111111111111111111111111111111111111111111111111111111111111111100000000000000000000000000000000000000000000000011111111111111111111111111111111111111111111111100000001111111111100000000001111110000001111111111111111111111111110
111111111111111111111111111111111111111111111111111111111111111111111111111111111111111111111111111111111111111111111111111111111111111100000000000000000000000000000000000000000000000011111111111111111111111111111111111111111111111100000001111111111100000000000011110000001111111111111111111111111110
111111111111111111111111111111111111111111111111111111111111111111111111111111111111111111111111111111111111111111111111111111111111111100000000000000000000000000000000000000000000000011111111111111111111111111111111111111111111110000000001111111111100000000000011110000000000001111111111111111111110
111111111111111111111111111111111111111111111111111111111111111111111111111111111111111111111111111111111111111111111111111111111111111100000000000000000000000000000000000000000000000011111111111111111111111111111111111111111111110000000001111111111000000000000001100000000000001111111111111111111110
111111111111111111111111111111111111111111111111111111111111111111111111111111111111111111111111111111111111111111111111111111111111111100000000000000000001100000000000000000000000000011111111111111111111111111111111111111111111110000000000111111110000000000000000000000000000000011111111111111111110
111111111111111111111111111111111111111111111111111111111111111111111111111111111111111111111111111111111111111111111111111111111111111100000000000000000011110000000000000000000000000011111111111111111111111111111111111111111111110000000000011111110000000000000000000000001000000011111111111111111110
111111111111111111111111111111111111111111111111111111111111111111111111111111111111111111111111111111111111111111111111111111111111111100000000000000000011110000000000000000000000000011111111111111111111111111111111111111111111000000000000011111110000000000000000000000000000000011111111111111111110
111111111111111111111111111111111111111111111111111111111111111111111111111111111111111111111111111111111111111111111111111111111111111100000000000000000001100000000000000000000000000011111111111111111111111111111111111111111111000000000000000000000000000000000000000000000000000011111111111111111110
111111111111111111111111111111111111111111111111111111111111111111111111111111111111111111111111111111111111111111111111111111111111111100000000000000000001100110000000000000000000000011111111111111111111111111111111111111111100000000000000000000000000000000000000111000000000000011111111111111111110
111111111111111111111111111111111111111111111111111111111111111111111111111111111111111111111111111111111111111111111111111111111111111100000000000000000011111111000000000000000000000011111111111111111111111111111111111111111100000000000000000000000000000000000111111000000000000011111111111111111110
111111111111111111111111111111111111111111111111111111111111111111111111111111111111111111111111111111111111111111111111111111111111111100000000000000000011111111000000000000000000000011111111111111111111111111111111111111110000000000000000000000000000000000000111111100000000000011111111111111111110
111111111111111111111111111111111111111111111111111111111111111111111111111111111111111111111111111111111111111111111111111111111111111100000000000000000001111110000000000000000000000011111111111111111111111111111111111111110000000000000000000000000000000000001111111100000010000011111111111111111110
111111111111111111111111111111111111111111111111111111111111111111111111111111111111111111111111111111111111111111111111111111111111111100000000000000000001111110011000000000000000000011111111111111111111111111111111111111110000000000000000000000000000000000001111111100000000000011111111111111111110
111111111111111111111111111111111111111111111111111111111111111111111111111111111111111111111111111111111111111111111111111111111111111100000000000000000011111111111100000000000000000011111111111111111111111111111111111111110000000000000000000000000000000000011111111100000000000011111111111111111110
111111111111111111111111111111111111111111111155555555511111111111111111111111111111111111111111111111111111111111111111111111111111111100000000000000000011111111111100000000000000000011111111111111111111111111111111111111000000000000000000000000000000000000011111111100000000000011111111111111111110
111111111111111111111111111111111111111111111155555555511111111111111111111111111111111111111111111111111111111111111111111111111111111100000000000000000001111111111000000000000000000011111111111111111111111111111111111111000000111000000000000000000000000000011111111100000000000011111111111111111110
111111111111111111111111111111111111111111115555555555511111111111111111111111111111111111111111111111111111111111111111111111111111111100000000000110011001111111111000000000000000000011111111111111111111111111111111111111000000111000000000000000000000000000011111111000000000001111111111111111111110
111111111111111111111111111111111111111111115555000000555511111111111111111111111111111111111111111111111111111111111111111111111111111100000000001111111111111111111100000000000000000011111111111111111111111111111111111111000000111000000000000000000000000000000111110000000000001111111111111111111110
111111111111111111111111111111111111111111115550000000055551111111111111111111111111111111111111111111111111111111111111111111111111111100000000001111111111111111111100000000000000000011111111111111111111111111111111111100000000000000000000000000000000000000000000000000000000001111111111111111111110
111111111111111111111111111111111111111111155550000000055551111111111111111111111111111111111111111111111111111111111111111111111111111100000000000110011001111110011000000000000000000011111111111111111111111111111111111100000000000000000000000000000000000000000000000000000000001111111111111111111110
111111111111111111111111111111111111111111155500000000055551111111111111111111111111111111111111111111111111111111111111111111111111111100000000000110000001111110000000000000000000000011111111111111111111111111111111111100000000000000000000000000000000000000000000000000000000001111111111111111111110
111111111111111111111111111111111111111111155500000000055551111111111111111111111111111111111111111111111111111111111111111111111111111100000000001111000011111111000000000000000000000011111111111111111111111111111111111100000000000000000000000000000000000000000000000000000000001111111111111111111110
111111111111111111111111111111111111111111155500000000055551111111111111111111111111111111111111111111111111111111111111111111111111111100000000001111000011111111000000000000000000000011111111111111111111111111111111110000011110000000000000000000000000000000000000000000000000111111111111111111111110
111111111111111111111111111111111111111111155550000000055551111111111111111111111111111111111111111111111111111111111111111111111111111100000000000110000001100110000000000000000000000011111111111111111111111111111111110000011111000000000000000000000000000000000000000000000000111111111111111111111110
111111111111111111111111111111111111111111155550000000055551111111111111111111111111111111111111111111111111111111111111111111111111111100000000000000000000000000000000000000000000000011111111111111111111111111111111000000011111000000000000000000000000000000000000000000000000111111111111111111111110
111111111111111111111111111111111111111111155500000000555551111111111111111111111111111111111111111111111111111111111111111111111111111100000000000000000000000000000000000000000000000011111111111111111111111111111111000000011111000000000000000000000000000000000000000000000000111111111111111111111110
111111111111111111111111111111111111111111555000005555555111111111111111111111111111111111111111111111111111111111111111111111111111111100000000000000000000000000000000000000000000000011111111111111111111111111111100000011111110000000000000000000000000000000000000000000000000111111111111111111111110
111111111111111111111111111111111111111111550000005555555111111111111111111111111111111111111111111111111111111111111111111111111111111100000000000000000000000000000000000000000000000011111111111111111111111111111100000111100000000000000000000000000000000000000000000000000000111111111111111111111110
111111111111111111111111111111111111111111550000005555551111111111111111111111111111111111111111111111111111111111111111111111111111111100000000000000000000000000000000000000000000000011111111111111111111111111110000000111100000000000000000000000000000000000000000000000000000111111111111111111111110
111111111111111111111111111111111111111111550000005551111111111111111111111111111111111111111111111111111111111111111111111111111111111100000000000000000000000000000000000000000000000011111111111111111111111111110000000111100000000000000000000000000000000000000000000000000000111111111111111111111110
111111111111111111111111111111111111111111550000005551111111111111111111111111111111111111111111111111111111111111111111111111111111111100000000000000000000000000000000000000000000000011111111111111111111111111110000000000000000000000000000000000000000000000000000000000000000111111111111111111111110
111111111111111111111111111111111111111111555000055551111111111111111111111111111111111111111111111111111111111111111111111111111111111100000000000000000000000000000000000000000000000011111111111111111111111111110000000000000000000000000000000000000000000000000000000000000000111111111111111111111110
111111111111111111111111111111111111111111555550055551111111111111111111111111111111111111111111111111111111111111111111111111111111111100000000000000000000000000000000000000000000000011111111111111111111111111110000000000000000000000000000000000000000000000000001000000000011111111111111111111111110
111111111111111111111111111111115555555555555550005555555555555555555555555511111111111111111111111111111111111111111111111111111111111100000000000000000000000000000000000000000000000011111111111111111111111111110000000000000000000000000000000000000010000000000001100000000011111111111111111111111110
111111111111111111111111111111115555555555555500000555555555555555555555555511111111111111111111111111111111111111111111111111111111111100000000000000000000000000000000000000000000000011111111111111111111111111110000000000000000000000000000000000000000000000000011110000000011111111111111111111111110
111111111111111111111111111111115555555555555500000555555555555555555555555511111111111111111111111111111111111111111111111111111111111100000000000000000000000000000000000000000000000011111111111111111111111111110000000000000000000000000000000110000000000000000001100000000011111111111111111111111110
111111111111111111111111111111115555555555555500000555555555555555555555555511111111111111111111111111111111111111111111111111111111111100000000000000000000000000000000000000000000000011111111111111111111111111110000000000000000000000000000000000000000000000000000000000100011111111111111111111111110
111111111111111111111111111111115555555555555500000555555555555555555555555511111111111111111111111111111111111111111111111111111111111100000000000000000000000000000000000000000000000011111111111111111111111111110000000000000000000000000000000000000000000000000000000000100011111111111111111111111110
111111111111111111111111111111115555555555555500000555555555555555555555555511111111111111111111111111111111111111111111111111111111111100000000000000000000000000000000000000000000000011111111111111111111111111110001100000000000000000000000000000000000000000000000000000000011111111111111111111111110
111111111111111111111111111111115555555555555550005555555555555555555555555511111111111111111111111111111111111111111111111111111111111100000000000000000000000000000000000000000000000011111111111111111111111111110000000000000000000000000000000000000000000000000000000000000011111111111111111111111110
111111111111111111111111111111110000000000000000000000000000000000000000000000000000000000000000000000001111111111111111111111111111111100000000000000000000000000000000000000000000000011111111111111111111111111000000000000000000000000000000000001111100000000000000000000000011111111111111111111111110
111111111111111111111111111111110000000000000000000000000000000000000000000000000000000000000000000000001111111111111111111111111111111100000000000000000000000000000000000000000000000011111111111111111111111111000000000000000000000000000000000011111110000000000000000000000011111111111111111111111110
111111111111111111111111111111110000000000000000000000000000000000000000000000000000000000011005500000001111111111111111111111111111111111111111111111111111111111111111111111111111111111111111111111111111111111000000000000000000000000000000000011111110000000000000000000000011111111111111111111111110
111111111111111111111111111111110000000000000000000000000000000000000000000000000000000000111155550000001111111111111111111111111111111111111111111111111111111111111111111111111111111111111111111111111111111111000000000000000000000000000000000011111110000000000000000000000011111111111111111111111110
111111111111111111111111111111110000000000000000000000000000000000000000000000000000000000111155550000001111111111111111111111111111111111111111111111111111111111111111111111111111111111111111111111111111111111000000000000000000000000000000000011111110000000000000000000000011111111111111111111111110
111111111111111111111111111111110000000000000000000000000000000000000000000000000000000000011005500000001111111111111111111111111111111111111111111111111111111111111111111111111111111111111111111111111111111111000001111100000000000000000000000001111100000000000000000000000011111111111111111111111110
111111111111111111111111111111110000000000000000000000000000000000000000000000000000000000000000000000001111111111111111111111111111111111111111111111111111111111111111111111111111111111111111111111111111111111110001111110000000000000000000111100000000000000000000000000000011111111111111111111111110
111111111111111111111111111111110000000000000000000000000000000000000000000000000000000000000000000000001111111111111111111111111111111111111111111111111111111111111111111111111111111111111111111111111111111111000001111110000000000000000000111100000000000000000000000000000011111111111111111111111110
111111111111111111111111111111110000000000000000000000000000000000000000000000000000000000000000000000001111111111111111111111111111111111111111111111111111111111111111111111111111111111111111111111111111111111000001111110000000000000000000111100000000000000000000000000000011111111111111111111111110
111111111111111111111111111111110000000000000000000000000000000000000000000000000000000000000000000000001111111111111111111111111111111111111111111111111111111111111111111111111111111111111111111111111111111111000001111110000000000000000000011000000000000000000000000000000011111111111111111111111110
111111111111111111111111111111110000000000000000000000000000000000000000000000000000000000000000000000001111111111111111111111111111111111111111111111111111111111111111111111111111111111111111111111111111111111000001111100000000000000000000000000000000000000000000000000000011111111111111111111111110
111111111111111111111111111111110000000000000000000000000000000000000000000000000000000000000000000000001111111111111111111111111111111111111111111111111111111111111111111111111111111111111111111111111111111111000000000000000000000000000000000000000000000000000000000000000011111111111111111111111110
111111111111111111111111111111110000000000000000000000000000000000000000000000000000000000000000000000001111111111111111111111111111111111111111111111111111111111111111111111111111111111111111111111111111111111000000000000000000000000000000000000000000000000000000000000000011111111111111111111111110
111111111111111111111111111111110000000000000000000000000000000000000000000000000000000000000000000000001111111111111111111111111111111111111111111111111111111111111111111111111111111111111111111111111111111111000000000000000000000000000000000000000000000000000000000000000011111111111111111111111110
111111111111111111111111111111110000000000000000000000000000000000000000000000000000000000000000000000001111111111111111111111111111111111111111111111111111111111111111111111111111111111111111111111111111111111000000000000000000000000000000000000000000000000000000000000000011111111111111111111111110
111111111111111111111111111111110000000000000000000000000000000000000000000000000000000000000000000000001111111111111111111111111111111111111111111111111111111111111111111111111111111111111111111111111111111111000000000000000000000000000000000000000000000000000000000000000011111111111111111111111110
111111111111111111111111111111110000000000000000000000000000000000000000000000000000000000000000000000001111111111111111111111111111111111111111111111111111111111111111111111111111111111111111111111111111111111000000000000000000000000000000000000000000000000000000000000000011111111111111111111111110
111111111111111111111111111111110000000000000000000000000000000000000000000000000000000000000000000000001111111111111111111111111111111111111111111111111111111111111111111111111111111111111111111111111111111111000000000000000000000000000000000000000000000000000011111000000011111111111111111111111110
111111111111111111111111111111110000000000000000000000000000000000000000000000000000000000000000000000001111111111111111111111111111111111111111111111111111111111111111111111111111111111111111111111111111111111000000000000000000000000000000000000000000000000000111111110000011111111111111111111111110
111111111111111111111111111111110000000000000000000000000000000000000000000000000000000000000000000000001111111111111111111111111111111111111111111111111111111111111111111111111111111111111111111111111111111111000000000000000000000000000000000000000000000000000111111111000011111111111111111111111110
111111111111111111111111111111110000000000000000000000000000000000000000000000000000000000000000000000001111111111111111111111111111111111111111111111111111111111111111111111111111111111111111111111111111111111000000000000000000000000000000000000000000000000000111111111000011111111111111111111111110
111111111111111111111111111111110000000000000000000000000000000000000000000000000000000000000000000000001111111111111111111111111111111111111111111111111111111111111111111111111111111111111111111111111111111111000000000000000000000000000000000000000000000000000111111111000011111111111111111111111110
111111111111111111111111111111110000000000000000000000000000000000000000000000011000000000000000000000001111111111111111111111111111111111111111111111111111111111111111111111111111111111111111111111111111111111110000000000000000000000000000000000000000000000000111111111000011111111111111111111111110
111111111111111111111111111111110000000000000000000000000000000000000000000000111100000000000000000000001111111111111111111111111111111111111111111111111111111111111111111111111111111111111111111111111111111111110000000000000000000000000000000000000000000000000001111110000011111111111111111111111110
111111111111111111111111111111110000000000000000000000000000000000000000000000111100000000000000000000001111111111111111111111111111111111111111111111111111111111111111111111111111111111111111111111111111111111110000000000000000000000000000000000000000000000000000111100000011111111111111111111111110
111111111111111111111111111111110000000000000000000000000000000000000000000000011000000000000000000000001111111111111111111111111111111111111111111111111111111111111111111111111111111111111111111111111111111111110000000000000000000000000000000000000000000000000000000000000011111111111111111111111110
111111111111111111111111111111110000000000000000000000000000000000000000000550055001100000000000000000001111111111111111111111111111111111111111111111111111111111111111111111111111111111111111111111111111111111110000000000000000000000000000000000000000000000000000000000001111111111111111111111111110
111111111111111111111111111111110000000000000000000000000000000000000000005555555511110000000000000000001111111111111111111111111111111111111111111111111111111111111111111111111111111111111111111111111111111111110000000000000000000000000000000000011000000000000000000000001111111111111111111111111110
111111111111111111111111111111110000000000000000000000000000000000000000005555555511110000000000000000001111111111111111111111111111111111111111111111111111111111110000000000000000001111111111111111111111111111110000000000000000000000000000000000111100000000000011001111111111111111111111111111111110
111111111111111111111111111111110000000000000000000000000000000000000000000551155001100000000000000000001111111111111111111111111111111111111111111111111111111111110000000000000000001111111111111111111111111111110000000000000000000000000000000000011000000000000000001111111111111111111111111111111110
111111111111111111111111111111110000000000000000000000000001100550055005500551111000000110000000000000001111111111111111111111111111111111111111111111111111111111110000000000000000001111111111111111111111111111110000000000000000000000000000001100001000000000000000111111111111111111111111111111111110
111111111111111111111111111111110000000000000000000000000011115555555555555555111100001111000000000000001111111111111111111111111111111111111111111111111111111111110000000000000000001111111111111111111111111111110000000000000000000000000000001100000000000000000000111111111111111111111111111111111110
111111111111111111111111111111110000000000000000000000000011115555555555555555111100001111000000000000001111111111111111111111111111111111111111111111111111111111110000000000000000001111111111111100000000111111110000000000000011100000000000000000000000000000000011111111111111111111111111111111111110
111111111111111111111111111111110000000000000000000000000001100551155115511551111000000110000000000000001111111111111111111111111111111111111111111111111111111111110000000000000000001111111111111000000000001111110000000000000011110000000000000000000000000000000011111111111111111111111111111111111110
111111111111111111111111111111110000000000000001100000000000000111155111111111111000000000000000000000001111111111111111111111111111111111111111111111111111111111110000000000000000001111111111110000000000000111110000000000000011110000000000000000000000000000001111111111111111111111111111111111111110
111111111111111111111111111111110000000000000011110000000000001111555511111111111100000000000000000000001111111111111111111111111111111111111111111111111111111111110000000000000000001111111111110000000000000111110000000000000011100000000000000000000000000000001111111111111111111111111111111111111110
111111111111111111111111111111110000000000000011110000000000001111555511111111111100000000000000000000001111111111111111111111111111111111111111111111111111111111110000000000000000001111111111100000000000000055550000000000000000000000000000000000000000000000111111111111111111111111111111111111111110
111111111111111111111111111111110000000000000001100000000000000111155111111110011000000000000000000000001111111111111111111111111111111111111111111111111111111111110000000000000000001111111111100000000000000055500000000000000000000000000000000000000000000000111111111111111111111111111111111111111110
111111111111111111111111111111110000000000000000000550000001100551111115511550000000000000000000000000001111111111111111111111111111111111111111111111111111111111110000000000000000001111111111100000011000000000000055511111111111111111111111110000000000000011111111111111111111111111111111111111111110
111111111111111111111111111111110000000000000000005555000011115555111155555555000000000000000000000000001111111111111111111111111111111111111111111111111111111111110000000000000000001111111111100000011100000000000055111111111111111111111111110000000000000011111111111111111111111111111111111111111110
111111111111111111111111111111110000000000000000005555000011115555111155555555000000000000000000000000001111111111111111111111111111111111111111111111111111111111110000000000000000001111111111100000011100000000000051111111111111111111111111111111111111111111111111111111111111111111111111111111111110
111111111111111111111111111111110000000000000000000550000001111551111115555550000000000000000000000000001111111111111111111111111111111111111111111111111111111111110000000000000000001111111111100000000000000000000011111111111111111111111111111111111111111111111111111111111111111111111111111111111110
111111111111111111111111111111110000000000000005500000055001111551111115555550000000000000000000000000001111111111111111111111111111111111111111111111111111111111110000000000000000001111111111100000000000000011111111111111111111111111111111111111111111111111111111111111111111111111111111111111111110
111111111111111111111111111111110000000000000055550000555511115555111155555555000000000000000000000000001111111111111111111111111111111111111111111111111111111111110000000000000000001111111111100000000000000011111111111111111111111111111111111111111111111111111111111111111111111111111111111111111110
111111111111111111111111111111110000000000000055550000555511115555111155555555000000000000000000000000001111111111111111111111111111111111111111111111111111111111110000000000000000001111111111110000000000001111111111111111111111111111111111111111111111111111111111111111111111111111111111111111111110
111111111111111111111111111111110000000000000005500000055551115551111115511550000000000000000000000000001111111111111111111111111111111111111111111111111111111111110000000000000000001111111111110000000000001111111111111111111111111111111111111111111111111111111111111111111111111111111111111111111110
111111111111111111111111111111110000000000000000000110055555555551155111111550000000000000000000000000001111111111111111111111111111111111111111111111111111111111111111111111111111111111111111111111111111111111111111111111111111111111111111111111111111111111111111111111111111111111111111111111111110
111111111111111111111111111111110000000000000000001111555555555555555511115555000000000000000000000000001111111111111111111111111111111111111111111111111111111111111111111111111111111111111111111111111111111111111111111111111111111111111111111111111111111111111111111111111111111111111111111111111110
111111111111111111111111111111110000000000000000001111555555555555555511115555000000000000000000000000001111111111111111111111111111111111111111111111111111111111111111111111111111111111111111111111111111111111111111111111111111111111111111111111111111111111111111111111111111111111111111111111111110
111111111111111111111111111111110000000000000000000110055515511551155111111550000000000000000000000000001111111111111111111111111111111111111111111111111111111111111111111111111111111111110011111111111111111111111111111111111111111111111111111111111111111111111111111111111111111111111111111111111110
111111111111111111111111111111110000000000000000000000011111111551111111111110000000000000000000000000001111111111111111111111111111111111111111111111111111111111111111111111111111111110000000011111111111111111111111111111111111111111111111111111111111111111111111111111111111111111111111111111111110
111111111111111111111111111111110000000000000000000000111111115555111111111110000000000000000000000000001111111111111111111111111111111111111111111111111100000011111111111111111111111100000000001111111111111111111111111111111111111111111111111111111111111111111111111111111111111111111111111111111110
111111111111111111111111111111110000000000000000000000111111115555111111111110000000000000000000000000001111111111111111111111111111111111111111111111111000000001111111111111111111111000000000000111111111111111111111111111111111111111111111111111111111111111111111111111111111111111111111111111111110
111111111111111111111111111111110000000000000000000000011111111551111111111110000000000000000000000000001111111111111111111111111111111111111111111111110000000000111111111111111111110000000000000011111111111111111111111111111111111111111111111111111111111111111111111111111111111111111111111111111110
111111111111111111111111111111110000000000000000000000055111111111111111111550000000000000000000000000001111111111111111111111111111111111111111111111110000000000111111111111111111100000000000000001111111111111111111111111111111111111111111111111111111111111111111111111111111111111111111111111111110
111111111111111111111111111111110000000000000000000000555511111111111111115555000000000000000000000000001111111111111111111111111111111111111111111111110000000000111110000001111111000000000000000001111111111111111111111111111111111111111111111111111111111111111111111111111111111111111111111111111110
111111111111111111111111111111110000000000000000000000555511111111111111115555000000000000000000000000001111111111111111111111111111111111111111111111110000000000000000000000011110000000000000000000111111111111111111111111111111111111111111111111111111111111111111111111111111111111111111111111111110
111111111111111111111111111111110000000000000000000000055001100110011001100550000000000000000000000000001111111111111111111111111111111111111111111111110000000000000000000000001110000000000000000000111111111111111111111111111111111111111111111111111111111111111111111111111111111111111111111111111110
111111111111111111111111111111110000000000000000000000000000000110000000000000000000000000000000000000001111111111111111111111111111111111111111111111110000000000000000000000000000000000000000000000011111111111111111111111111111111111111111111111111111111111111111111111111111111111111111111111111110
111111111111111111111111111111110000000000000000000000000000001111000000000000000000000000000000000000001111111111111111111111111111111111111111111111110000000000000000000000000000000000000000000000011111111111111111111111111111111111111111111111111111111111111111111111111111111111111111111111111110
111111111111111111111111111111110000000000000000000000000000001111000000000000000000000000000000000000001111111111111111111111111111111111111111111111111000000000000000000000000110000000000000000000011111111111111111111111111111111111111111111111111111111111111111111111111111111111111111111111111110
111111111111111111111111111111110000000000000000000000000000000110000000000000000000000000000000000000001111111111111111111111111111111111111111111111111110000111000000000000000110000000000000000000011111111111111111111111111111111111111111111111111111111111111111111111111111111111111111111111111110
111111111111111111111111111111110000000000000000000000000000000000055000000000000000000000000000000000001111111111111111111111111111111111111111111111111111111111100000000000000111000000000000000000111111111111111111111111111111111111111111111111111111111111111111111111111111111111111111111111111110
111111111111111111111111111111110000000000000000000000000000000000555500000000000000000000000000000000001111111111111111111111111111111111111111111111111111111111100000000000000111100000000000000001111111111111111111111111111111111111111111111111111111111111111111111111111111111111111111111111111110
111111111111111111111111111111110000000000000000000000000000000000555500000000000000000000000000000000001111111111111111111111111111111111111111111111111111111111100000000000000111110000000000000011111111111111111111111111111111111111111111111111111111111111111111111111111111111111111111111111111110
111111111111111111111111111111110000000000000000000000000000000000055000000000000000000000000000000000001111111111111111111111111111111111111111111111111111111111100000000000000111110000000000000111111111111111111111111111111111111111111111111111111111111111111111111111111111111111111111111111111110
111111111111111111111111111111110000000000000000000000000000000000000000000000000000000000000000000000001111111111111111111111111111111111111111111111111111111111110000000000000111111000000000001111111111111111111111111111111111111111111111111111111111111111111111111111111111111111111111111111111110
111111111111111111111111111111110000000000000000000000000000000000000000000000000000000000000000000000001111111111111111111111111111111111111111111111111111111111110000000000001111111100000000011111111111111111111111111111111111111111111111111111111111111111111111111111111111111111111111111111111110
111111111111111111111111111111110000000000000000000000000000000000000000000000000000000000000000000000001111111111111111111111111111111111111111111111111111111111111000000000111111111110000000111111111111111111111111111111111111111111111111111111111111111111111111111111111111111111111111111111111110
111111111111111111111111111111110000000000000000000000000000000000000000000000000000000000000000000000001111111111111111111111111111111111111111111111111111111111111111111111111111111111111111111111111111111111111111111111111111111111111111111111111111111111111111111111111111111111111111111111111110
111111111111111111111111111111110000000000000000000000000000000000000000000000000000000000000000000000001111111111111111111111111111111111111111111111111111111111111111111111111111111111111111111111111111111111111111111111111111111111111111111111111111111111111111111111111111111111111111111111111110
111111111111111111111111111111110000000000000000000000000000000000000000000000000000000000000000000000001111111111111111111111111111111111111111111111111111111111111111111111111111111111111111111111111111111111111111111111111111111111111111111111111111111111111111111111111111111111111111111111111110
111111111111111111111111111111111111111111111111111111111111111111111111111111111111111111111111111111111111111111111111111111111111111111111111111111111111111111111111111111111111111111111111111111111111111111111111111111111111111111111111111111111111111111111111111111111111111111111111111111111110
111111111111111111111111111111111111111111111111111111111111111111111111111111111111111111111111111111111111111111111111111111111111111111111111111111111111111111111111111111111111111111111111111111111111111111111111111111111111111111111111111111111111111111111111111111111111111111111111111111111110
111111111111111111111111111111111111111111111111111111111111111111111111111111111111111111111111111111111111111111111111111111111111111111111111111111111111111111111111111111111111111111111111111111111111111111111111111111111111111111111111111111111111111111111111111111111111111111111111111111111110
111111111111111111111111111111111111111111111111111111111111111111111111111111111111111111111111111111111111111111111111111111111111111111111111111111111111111111111111111111111111111111111111111111111111111111111111111111111111111111111111111111111111111111111111111111111111111111111111111111111110
111111111111111111111111111111111111111111111111111111111111111111111111111111111111111111111111111111111111111111111111111111111111111111111111111111111111111111111111111111111111111111111111111111111111111111111111111111111111111111111111111111111111111111111111111111111111111111111111111111111110
111111111111111111111111111111111111111111111111111111111111111111111111111111111111111111111111111111111111111111111111111111111111111111111111111111111111111111111111111111111111111111111111111111111111111111111111111111111111111111111111111111111111111111111111111111111111111111111111111111111110
111111111111111111000000000111111111111111111111111111111111111111111111111111111111111111111111111111111111111111111111111111111111111111111111111111111111111111111111111111111111111111111111111111111111111111111111111111111111111111111111111111111111111111111111111111111111111111111111111111111110
111111111111111110000000000000001111111111111111111111111111111111111111111111111111111111111111111111111111111111111111111111111111111111111111111111111111111111111111111111111111111111111111111111111111111111111111111111111111111111111111111111111111111111111111111111111111111111111111111111111110
111111111111111110000000000000000011111111111111111111111111111111111111111111111111111111111111111111111111111111111111111111111111111111111111111111111111111111111111111111111111111111111111111111111111111111111111111111111111111111111111111111111111111111111111111111111111111111111111111111111110
111111111111111100000000000000000001111111111111111111111111111111111111111111111111111111111111111111111111111111111111111111111111111111111111111111111111111111111111111111111111111111111111111111111111111111111111111111111111111111111111111111111111111111111111111111111111111111111111111111111110
111111111111111100000000000000000000011111111111111111111111111111111111111111111111111111111111111111111111111111111111111111111111111111111111111111111111111111111111111111111111111111111111111111111111111111111111111111111111111111111111111111111111111111111111111111111111111111111111111111111110
111111111111111100000000000000000000000111111111111111111111111111111111111111111111111111111111111111111111111111111111111111111111111111111111111111111111111111111111111111111111111111111111111111111111111111111111111111111111111111111111111111111111111111111111111111111111111111111111111111111110
111111111111111000000000000000000000000011111111111111111111111111111111111111111111111111111111111111111111111111111111111111111111111111111111111111111111111111111111111111111111111111111111111111111111111111111111111111111111111111111111111111111111111111111111111111111111111111111111111111111110
111111111111111000000000000000000000000000111111111111111111111111111111111111111111111111111111111111111111111111111111111111111111111111111111111111111111111111111111111111111111111111111111111111111111111111111111111111111111111111111111111111111111111111111111111111111111111111111111111111111110
111111111111111000000000000000000000000000011111111111111111111111111111111111111111111111111111111111111111111111111111111111111111111111111111111111111111111111111111111111111111111111111111111111000000000000000000000000000000000000000000000000000000000000000000000000000000001111111111111111111110
111111111111111000000000000000000000000000000000001111111111111111111111111111111111111111111111111111111111111111111111111111111111111111111111111111111111111111111111111111111111111111111111111111000000000000000000000000000000000000000000000000000000000000000000000000000000001111111111111111111110
111111111111111000001000000000000000000000000000000000001111111111111111111111111111111111000000000000000000000000111111111111111111111111111111111111111111111111111111111111111111111111111111111111000000000000000000000000000000000000000000000000000000000000000000000000000000001111111111111111111110
111111111111111000001000000000000000000000000000000000000111111111111111111111111111111111000000000000000000000000111111111111111111111111111111111111111111111111111111111111111111111111111111111111000000000000000000000000000000000000000000000000000000000000000000000000000000001111111111111111111110
111111111111111000000000000000000000000000000000000000000011111111111111111111111111111111000000000000000000000000111111111111111111111111111111111111111111111111111111111111111111111111111111111111000000000000000000000000000000000000000000000000000000000000000000000000000000001111111111111111111110
111111111111110000000000000000000000000000000000000000000011111111111111111111111111111111000000000000011110000000111111111111111111111111111111111111111111111111111111111111111111111111111111111111000000000000000000000000000000000000000000000000000000000000000000000000000000001111111111111111111110
111111111111110000000000000000000000000000000000000000000011111111111111111111111111111111000000000000011110000000111111111111111111111111111111111111111111111111111111111111111111111111111111111111000000000000000000000000000000000000000000011001100000000000000000000000000000001111111111111111111110
111111111111110000000000000000000000000000000000000000000011111111111111111111111111111111000000000001111111100000111111111111111111111111111111111111111111111111111111111111111111111111111111111111000000000000000000000000000000000000000000111111110000000000000000000000000000001111111111111111111110
111111111111100000000000000000000000000000000000000000000011111111111111111111111111111111000000000001111111110000111111111111111111111111111111111111111111111111111111111111111111111111111111111111000000000000000000000000000000000000000000111111110000000000000000000000000000001111111111111111111110
111111111111100000000000000000000000000000000000000000000011111111111111111111111111111111000000000001100000011000111111111111111111111111111111111111111111111111111111111111111111111111111111111111000000000000000000000000000000000000000000011001100000000000000000000000000000001111111111111111111110
111111111111100000000000000000000000000000000000000000000011111111111111111111111111111111000000000001100000011000111111111111111111111111111111111111111111111111111111111111111111111111111111111111000000011001100000000001100110011000000000000001100110000000000000011001100000001111111111111111111110
111111111111000000000000000000000000000000000000000000000011111111111111111111111111111111000000000000111110000000111111111111111111111111111111111111111111111111111111111111111111111111111111111111000000111111110000000011111111111100000000000011111111111100000000111111111000001111111111111111111110
111111111110000000000000000000000000000000000000000000000011111111111111111111111111111111000000000000011110000000111111111111111111111111111111111111111111111111111111111111111111111111111111111111000000111111110000000011111111111100000000000011111111111100000000111111111000001111111111111111111110
111111111110000000000000000000000000000000000000000000000011111111111111111111111111111111000000000000011111100000111111111111111111111111111111111111111111111111111111111111111111111111111111111111000000011001100000000001111110011000000000000001100110000000000000011001100000001111111111111111111110
111111111110000000000000000000000000000000000000000000000011111111111111111111111111111111000000000000011111100000111111111111111111111111111111111111111111111111111111111111111111111111111111111111000000011000000110000001111110000000000000000000000110000000000110000001100000001111111111111111111110
111111111110000000000000000000000111100000000000000000000011111111111111111111111111111111000000000000000000000000111111111111111111111111111111111111111111111111111111111111111111111111111111111111000000111100001111000011111111000000000000000000001111000000001111000011110000001111111111111111111110
111111111110000000000000000000000011110000000000000000000011111111111111111111111111111111000000000000000000000000111111111111111111111111111111111111111111111111111111111111111111111111111111111111000000111100001111000011111111000000000000000000001111000000001111000011110000001111111111111111111110
111111111110000000000000000000000011110000000000000000000011111111111111111111111111111111000000000000000110000000111111111111111111111111111111111111111111111111111111111111111111111111111111111111000000011000000110000001100110000000000000000000000110000000000110000001100000001111111111111111111110
111111111111000000000111111100000011110000000000000000000011111111111111111111111111111111000000000000000110000000111111111111111111111111111111111111111111111111111111111111111111111111111111111111000000000000000000000000000000000000000000000001100000000000000000000000000000001111111111111111111110
111111111111000000111111111110000001110000000000000000000011111111111111111111111111111111000000000000000000000000111111111111111111111111111111111111111111111111111111111111111111111111111111111111000000000000000000000000000000000000000000000011110000000000000000000000000000001111111111111111111110
111111111111100000111111111111000000000000000000000000000011111111111111111111111111111111000000000000000000000000111111111111111111111111111111111111111111111111111111111111111111111111111111111111000000000000000000000000000000000000000000000011110000000000000000000000000000001111111111111111111110
111111111111100000011111111111000000000000000000000000000011111111111111111111111111111111000000000000000000000000111111111111111111111111111111111111111111111111111111111111111111111111111111111111000000000000000000000000000000000000000000000001100000000000000000000000000000001111111111111111111110
111111111111100000011111111110000000000000000000000000000011111111111111111111111111111111000000000000000000000000111111111111111111111111111111111111111111111111111111111111111111111111111111111111000000000001100000000000000000000000000110000001100000000001100000011000000000001111111111111111111110
111111111111100000001111111100000000000000000000000000000011111111111111111111111111111111000000000000000000000000111111111111111111111111111111111111111111111111111111111111111111111111111111111111000000000011110000000000000000000000001111000011110000000011110000111100000000001111111111111111111110
111111111111100000000000000000000000000000000000000000000011111111111111111111111111111111000000000000000000000000111111111111111111111111111111111111111111111111111111111111111111111111111111111111000000000011110000000000000000000000001111000011110000000011110000111100000000001111111111111111111110
111111111111100000000000000000000000000000000000000000000011111111111111111111111111111111000000000000000000000000111111111111111111111111111111111111111111111111111111111111111111111111111111111111000000000001100000000000000000000000000110000001100000000001100000011000000000001111111111111111111110
111111111111100000000000000000000000000000000000000000000011111111111111111111111111111111111111111111111111111111111111111111111111111111111111111111111111111111111111111111111111111111111111111111000000000000000000000000000000000000000000000000000000000000000000000000000000001111111111111111111110
111111111111100000000000000000000000000000000000000000000111111111111111111111111111111111111111111111111111111111111111111111111111111111111111111111111111111111111111111111111111111111111111111111000000000000000000000000000000000000000000000000000000000000000000000000000000001111111111111111111110
111111111111100000001111111100000000000000000000000000001111111111111111111111111111111111111111111111111111111111111111111111111111111111111111111111111111111111111111111111111111111111111111111111000000000000000000000000000000000000000000000000000000000000000000000000000000001111111111111111111110
111111111111100000011111111100000000000000000000000000001111111111111111111111111111111111111111111111111111111111111111111111111111111111111111111111111111111111111111111111111111111111111111111111000000000000000000000000000000000000000000000000000000000000000000000000000000001111111111111111111110
111111111111100000111111111110000000000000000000000000001111111111111111111111111111111111111111111111111111111111111111111111111111111111111111111111111111111111111111111111111111111111111111111111000000000001100110011000000110000000000000000000000000000000000000011000000000001111111111111111111110
111111111111100000111111111110000000000000000000000000011111111111111111111111111111111111111111111111111111111111111111111111111111111111111111111111111111111111111111111111111111111111111111111111000000000011111111111100001111000000000000000000000000000000000000111100000000001111111111111111111110
111111111111100000011111111110000000000000000000000000011111111111111111000000001111111111111111111111111111111111111111111111111111111111111111111111111111111111111111111111111111111111111111111111000000000011111111111100001111000000000000000000000000000000000000111100000000001111111111111111111110
111111111111100000001111111100000000000000000000000000011111111111111100000000000111111111111111111111111111111111111111111111111111111111111111111111111111111111111111111111111111111111111111111111000000000001111111111000000110000000000000000000000000000000000000011000000000001111111111111111111110
111111111111100000000000000000000000000000000000000000111111111111111100000000000011111111111111111111111111111111111111111111111111111111111111111111111111111111111111111111111111111111111111111111000000000001111111111001100000000000000110000000000000000000000110000000000000001111111111111111111110
111111111111100000000000000000000000000000000000000000111111111111111000000000000001111111111111111111111111111111111111111111111111111111111111111111111111111111111111111111111111111111111111111111000000000011111111111111110000000000001111000000000000000000001111000000000000001111111111111111111110
111111111111100000000000000000000000000000000000000000111111111111111000000000000001111111111111111111111111111111111111111111111111000000000000000000000000000000000000000000000000111111111111111111000000000011111111111111110000000000001111000000000000000000001111000000000000001111111111111111111110
111111111111100000000000000000000000000000000000000000111111111111111000000000000001111111111111111111111111111111111111111111111111000000000000000000000000000000000000000000000000111111111111111111000000000001100110011001100000000000000110000000000000000000000110000000000000001111111111111111111110
111111111111100000000000000000000000000000000000000001111111111111111000000000000001111111111111111111111111111111111111111111111111000000000000000000000000000000000000000000000000111111111111111111000000011001100000000000000000000000000000000000000000000000000000011000000000001111111111111111111110
111111111111100000000000000000000000000000000000000001111111111111111000000000000001111111111111111111111111111111111111111111111111000000000000000000000000000000000000000000000000111111111111111111000000111111110000000000000000000000000000000000000000000000000000111100000000001111111111111111111110
111111111111100000000000000000000000000000000000000011111111111111111000000000000001111111111111111111111111111111111111111111111111000000000000000000000000000000000000000000000000111111111111111111000000111111110000000000000000000000000000000000000000000000000000111100000000001111111111111111111110
111111111111100000000000000000000000000000000000000111111111111111111000000000000001111111111111111111111111111111111111111111111111000000000000000000000000000000000000000000000000111111111111111111000000011001100000000000000000000000000000000000000000000000000000011000000000001111111111111111111110
111111111111110000000000000000000000000000000000001111111111111111111000000000000001111111111111111111111111111111111111111111111111000000000000000000055000000000000000000000000000111111111111111111000000000000000000011001100000000001100000000000000000000000000000000001100000001111111111111111111110
111111111111110000000000000000000000000000000000011111111111111111111100000000000011111111111111111111111111111111111111111111111111000000000000000000555500000000000000000000000000111111111111111111000000000000000000111111111111000011110000000000000000000000000000000011110000001111111111111111111110
111111111111110000000000000000000000000000000000011111111111111111111100000000000111111111111111111111111111111111111111111111111111000000000000000000555500000000000000000000000000111111111111111111000000000000000000111111111111000011110000000000000000000000000000000011110000001111111111111111111110
111111111111111000000000000000000000000000000000111111111111111111111111000000001111111111111111111111111111111111111111111111111111000000000000000000055000000000000000000000000000111111111111111111000000000000000000011111100000000001100000000000000000000000000000000001100000001111111111111111111110
111111111111111000000000000000000000000000000001111111111111111111111111111111111111111111111111111111111111111111111111111111111111000000000001100000011001100000000000000000000000111111111111111111000000000001100110011111100000000000000000000000000000011001100110011000000000001111111111111111111110
111111111111111100000000000000000000000000000001111111111111111111111111111111111111111111111111111111111111111111111111111111111111000000000011110000111111110000000000000000000000111111111111111111000000000011111111111111110000000000000000000000000000111111111111111100000000001111111111111111111110
111111111111111100000000000000000000000000000011111111111111111111111111111111111111111111111111111111111111111111111111111111111111000000000011110000111111110000000000000000000000111111111111111111000000000011111111111111110000000000000000000000000000111111111111111100000000001111111111111111111110
111111111111111110000000000000000000000000000111111111111111111111111111111111111111111111111111111111111111111111111111111111111111000000000001100000011001100000000000000000000000111111111111111111000000000001100110011001100000000000000000000000000000011001111110011000000000001111111111111111111110
111111111111111110000000000000000000000000001111111111111111111111111111111111111111111111111111111111111111111111111111111111111111000000000000000110011000000000000000000000000000111111111111111111000000000001100000000000000000011000000000011000000000000001111110000000000000001111111111111111111110
111111111111111110000000000000000000000000001111111111111111111111111111111111111111111111111111111111111111111111111111111111111111000000000000001111111100000000000000000000000000111111111111111111000000000011110000000000000000111100000000111100000000000011111111000000000000001111111111111111111110
111111111111111111000000000100000000000000011111111111111111111111111111111111111111111111111111111111111111111111111111111111111111000000000000001111111100000000000000000000000000111111111111111111000000000011110000000000000000111100000000111100000000000011111111000000000000001111111111111111111110
111111111111111111000000000100000000000000111111111111111111111111111111111111111111111111111111111111111111111111111111111111111111000000000000000111111000000000000000000000000000111111111111111111000000000001100000000000000000011000000000011000000000000001100110000000000000001111111111111111111110
111111111111111111000000000000000000000000111111111111111111111111111111111111111111111111111111111111111111111111111111111111111111000000000001100551111005500000000000000000000000111111111111111111000000000000000000000000000000000000000000000000000110011000000000000000000000001111111111111111111110
111111111111111111100000000000000000000001111111111111111111111111111111111111111111111111111111111111111111111111111111111111111111000000000011115555111155555555000000000000000000111111111111111111000000000000000000000000000000000000000000000000001111111100000000000000000000001111111111111111111110
111111111111111111100000000000000000000001111111111111111111111111111111111111111111111111111111111111111111111111111111111111111111000000000011115555111155555555000000000000000000111111111111111111000000000000000000000000000000000000000000000000001111111100000000000000000000001111111111111111111110
111111111111111111100000000000000000000011111111111111111111111111111111111111111111111111111111111111111111111111111111111111111111000000000001155551111155500000000000000000000000111111111111111111000000000000000000000000000000000000000000000000000110011000000000000000000000001111111111111111111110
111111111111111111110000000000000000000011111111111111111111111111111111111111111111111111111111111111111111111111111111111111111111000000055005555551111105500000000000000000000000111111111111111111000000000000000110000000000000000000000110011001100110000000000110000000000000001111111111111111111110
111111111111111111111000000000000000000111111111111111111111111111111111111111111111111111111111111111111111111111111111111111111111000000555555555555111155550000000000000000000000111111111111111111000000000000001111000000000000000000001111111111111111000000001111000000000000001111111111111111111110
111111111111111111111111100000000000001111111111110000000000000000000000000000000000000000000000001111111111111111111111111111111111000000555555555555111155550000000000000000000000111111111111111111000000000000001111000000000000000000001111111111111111000000001111000000000000001111111111111111111110
111111111111111111111111111111111111111111111111110000000000000000000000000000000000000000000000001111111111111111111111111111111111000000055005511551111005500000000000000000000000111111111111111111000000000000000110000000000000000000000111111111111110000000000110000000000000001111111111111111111110
111111111111111111111111111111111111111111111111110000000000000000000000000000000000000000000000001111111111111111111111111111111111000000000005511111155000000000000000000000000000111111111111111111000000000001100110000001100000000000000111111111111110000000000000011000000000001111111111111111111110
111111111111111111111111111111111111111111111111110000000000000000000000000000000000000000000000001111111111111111111111111111111111000000000055551111555500000000000000000000000000111111111111111111000000000011111111000011110000000000001111111111111111000000000000111100000000001111111111111111111110
111111111111111111111111111111111111111111111111110000000000000000000000000000000000000000000000001111111111111111111111111111111111000000000055551111555500000000000000000000000000111111111111111111000000000011111111000011110000000000001111111111111111000000000000111100000000001111111111111111111110
111111111111111111111111111111111111111111111111110000000000000000000000000000000000000000000000001111111111111111111111111111111111000000000005555110055000000000000000000000000000111111111111111111000000000001111110000001100000000000000111111111100110000000000000011000000000001111111111111111111110
111111111111111111111111111111111111111111111111110000000000000000000000000000000000000000000000001111111111111111111111111111111111000000000001155550000000000000000000000000000000111111111111111111000000000001111110011001100000011000000111111111100000000000000110000001100000001111111111111111111110
111111111111111111111111111111111111111111111111110000000000000000000000000000000000000000000000001111111111111111111111111111111111000000000011115555000000000000000000000000000000111111111111111111000000000011111111111111110000111100001111111111110000000000001111000011110000001111111111111111111110
111111111111111111111111111111111111111111111111110000000000000000000000000000000000000000000000001111111111111111111111111111111111000000000011115555000000000000000000000000000000111111111111111111000000000011111111111111110000111100001111111111110000000000001111000011110000001111111111111111111110
111111111111111111111111111111111111111111111111110000000000000000000000000000000000000000000000001111111111111111111111111111111111000000000001100550000000000000000000000000000000111111111111111111000000000001111111111001100000011000000111111001100000000000000110000001100000001111111111111111111110
111111111111111111111111111111111111111111111111110000000000000000000000000000000000000000000000001111111111111111111111111111111111000000011000000000000000000000000000000000000000111111111111111111000000000001111111111000000000000001100111111000000000000001100110011000000000001111111111111111111110
111111111111111111111111111111111111111111111111110000000000000000000000000000000000000000000000001111111111111111111111111111111111000000111100000000000000000000000000000000000000111111111111111111000000000011111111111100000000000011111111111100000000000011111111111100000000001111111111111111111110
111111111111111111111111111111111111111111111111110000000000000000000000000000000000000000000000001111111111111111111111111111111111000000111100000000000000000000000000000000000000111111111111111111000000000011111111111100000000000011111111111100000000000011111111111100000000001111111111111111111110
111111111111111111111111111111111111111111111111110000000000000000000000000000000000000000000000001111111111111111111111111111111111000000011000000000000000000000000000000000000000111111111111111111000000000001100110011000000000000001100110011000000000000001100110011000000000001111111111111111111110
111111111111111111111111111111111111111111111111110000000000000000000000000000000000000000000000001111111111111111111111111111111111000550000000000000000000000000000000000000000000111111111111111111000000000000000000000000000000000000000000000000000000000000000000000000000000001111111111111111111110
111111111111111111111111111111111111111111111111110000000000000000000000000000000000000000000000001111111111111111111111111111111111005555000000000000000000000000000000000000000000111111111111111111000000000000000000000000000000000000000000000000000000000000000000000000000000001111111111111111111110
111111111111111111111111111111111111111111111111110000000000000000000000000000000000000000000000001111111111111111111111111111111111005555000000000000000000000000000000000000000000111111111111111111000000000000000000000000000000000000000000000000000000000000000000000000000000001111111111111111111110
111111111111111111111111111111111111111111111111110000000000000000000000000000000000000000000000001111111111111111111111111111111111000550000000000000000000000000000000000000000000111111111111111111000000000000000000000000000000000000000000000000000000000000000000000000000000001111111111111111111110
111111111111111111111111111111111111111111111111110000000110000000000000000000000000000000000000001111111111111111111111111111111111000000000000000000000000000000000000000000000000111111111111111111000000000000000000000000000000000000000000000000000000000000000000000000000000001111111111111111111110
111111111111111111111111111111111111111111111111110000001111000000000000000000000000000000000000001111111111111111111111111111111111000000000000000000000000000000000000000000000000111111111111111111000000000000000000000000000000000000000000000000000000000000000000000000000000001111111111111111111110
111111111111111111111111111111111111111111111111110000001111000000000000000000000000000000000000001111111111111111111111111111111111000000000000000000000000000000000000000000000000111111111111111111111111111111111111111111111111111111111111111111111111111111111111111111111111111111111111111111111110
111111111111111111111111111111111111111111111111110000000110000000000000000000000000000000000000001111111111111111111111111111111111000000000000000000000000000000000000000000000000111111111111111111111111111111111111111111111111111111111111111111111111111111111111111111111111111111111111111111111110
111111111111111111111111111111111111111111111111110000000000000000000110000000000000000000000000001111111111111111111111111111111111000000000000000000000000000000000000000000000000111111111111111111111111111111111111111111111111111111111111111111111111111111111111111111111111111111111111111111111110
111111111111111111111111111111111111111111111111110000000000000000001111000000000000000000000000001111111111111111111111111111111111000000000000000000000000000000000000000000000000111111111111111111111111111111111111111111111111111111111111111111111111111111111111111111111111111111111111111111111110
111111111111111111111111111111111111111111111111110000000000000000001111000000000000000000000000001111111111111111111111111111111111111111111111111111111111111111111111111111111111111111111111111111111111111111111111111111111111111111111111111111111111111111111111111111111111111111111111111111111110
111111111111111111111111111111111111111111111111110000000000000000000110000000000000000000000000001111111111111111111111111111111111111111111111111111111111111111111111111111111111111111111111111111111111111111111111111111111111111111111111111111111111111111111111111111111111111111111111111111111110
111111111111111111111111111111111111111111111111110000000000000000000000011000000000000000000000001111111111111111111111111111111111111111111111111111111111111111111111111111111111111111111111111111111111111111111111111111111111111111111111111111111111111111111111111111111111111111111111111111111110
111111111111111111111111111111111111111111111111110000000000000000000000111100000000000000000000001111111111111111111111111111111111111111111111111111111111111111111111111111111111111111111111111111111111111111111111111111111111111111111111111111111111111111111111111111111111111111111111111111111110
111111111111111111111111111111111111111111111111110000000000000000000000111100000000000000000000001111111111111111111111111111111111111111111111111111111111111111111111111111111111111111111111111111111111111111111111111111111111111111111111111111111111111111111111111111111111111111111111111111111110
111111111111111111111111111111111111111111111111110000000000000000000000011000000000000000000000001111111111111111111111111111111111111111111111111111111111111111111111111111111111111111111111111111111111111111111111111111111111111111111111111111000000011111111111111111111111111111111111111111111110
111111111111111111111111111111111111111111111111110000000000000001100000000001100000000000000000001111111111111111111111111111111111111111111111111111111111111111111111111111111111111111111111111111111111111111111111111111111111111111111111111100011000001111111111111111111111111111111111111111111110
111111111111111111111111111111111111111111111111110000000000000011110000000011110000000000000000001111111111111111111111111111111111111111111111111111111111111111111111111111111111111111111111111111111111111111111111111111111111111111111111111000011100000111111111111111111111111111111111111111111110
111111111111111111111111111111111111111111111111110000000000000011110000000011110000000000000000001111111111111111111111111111111111111111111111111111111111111111111111111111111111111111111111111111111111111111111111111111111111111111111111111001111111100111111111111111111111111111111111111111111110
111111111111111111111111111111111111111111111111110000000000000001100000000001100000000000000000001111111111111111111111111111111111111111111111111111111111111111111111111111111111111111111111111111111111111111111111111111111111111111111111110001111111100011111111111111111111111111111111111111111110
111111111111111111111111111111111111111111111111110000000000011000000110000001100110000000000000001111111111111111111111111111111111111111111111111111111111111111111111111111111111111111111111111111111111111111111111111111111111111111111111110001111111100011111111111111111111111111111111111111111110
111111111111111111111111111111111111111111111111110000000000111100001111000011111111000000000000001111111111111111111111111111111111111111111111111111111111111111111111111111111111111111111111111111111111111111111111111111111111111111111111110011111111110011111111111111111111111111111111111111111110
111111111111111111111111111111111111111111111111110000000000111100001111000011111111000000000000001111111111111111111111111111111111111111111111111111111111111111111111111111111111111111111111111111111111111111111111111111111111111111111111110111111111111011111111111111111111111111111111111111111110
111111111111111111111111111111111111111111111111110000000000011000000110000001100110000000000000001111111111111111111111111111111111111111111111111111111111111111111111111111111111111111111111111111111111111111111111111111111111111111111111110111111111110011111111111111111111111111111111111111111110
111111111111111111111111111111111111111111111111110000000000000000000000000001100000000000000000001111111111111111111111111111111111111111111111111111111111111111111111111111111111111111111111111111111111111111111111111111111111111111111111110011111111100011111111111111111111111111111111111111111110
111111111111111111111111111111111111111111111111110000000000000000000000000011110000000000000000001111111111111111111111111111111111111111111111111111111111111111111111111111111111111111111111111111111111111111111111111111111111111111111111110001111111100011111111111111111111111111111111111111111110
111111111111111111111111111111111111111111111111110000000000000000000000000011110000000000000000001111111111111111111111111111111111111111111111111111111111111111111111111111111111111111111111111111111111111111111111111111111111111111111111110000110011100111111111111111111111111111111111111111111110
111111111111111111111111111111111111111111111111110000000000000000000000000001100000000000000000001111111111111111111111111111111111111111111111111111111111111111111111111111111111111111111111111111111111111111111111111111111111111111110000000000000000001111111111111111111111111111111111111111111110
111111111111111111111111111111111111111111111111110000000000000000000000000000000000000000000000001111111111111111111111111111111111111111111111111111111111111111111111111111111111111111111111111111111111111111111111111111111111111111100000000011000000011111111111111111111111111111111111111111111110
111111111111111111111111111111111111111111111111110000000000000000000000000000000000000000000000001111111111111111111111111111111111111111111111111111111111111111111111111111111111111111111111111111111111111111111111111111111111111111100000000011111111111111111111111111111111111111111111111111111110
111111111111111111111111111111111111111111111111110000000000000000000000000000000000000000000000001111111111111111111111111111111111111111111111111111111111111111111111111111111111111111111111111111111111111111111111111111111111111111100000000011111111111111111111111111111111111111111111111111111110
111111111111111111111111111111111111111111111111110000000000000000000000000000000000000000000000001111111111111111111111111111111111111111111111111111111111111111111111111111111111111111111111111111111111111111111111111111111111000001000000000011111111111111111111111111111111111111111111111111111110
111111111111111111111111111111111111111111111111110000000000000000000000000000000000000000000000001111111111111111111111111111111111111111111111111111111111111111111111111111111111111111111111111111111111111111111111111111111110000000000000000011111111111111111111111111111111111111111111111111111110
111111111111111111111111111111111111111111111111110000000000000000000000000000000000000000000000001111111111111111111111111111111111111111111111111111111111111111111111111111111111111111111111111111111111111111111111111111111110000000000000000011111111111111111111111111111111111111111111111111111110
111111111111111111111111111111111111111111111111111111111111111111111111111111111111111111111111111111111111111111111111111111111111111111111111111111111111111111111111111111111111111111111111111111111111111111111111111111111110000000110000000111111111111111111111111111111111111111111111111111111110
111111111111111111111111111111111111111111111111111111111111111111111111111111111111111111111111111111111111111111111111111111111111111111111111111111111111111111111111111111111111111111111111111111111111111111111111111111111110000001111000001111111111111111111111111111111111111111111111111111111110
111111111111111111111111111111111111111111111111111111111111111111111111111111111111111111111111111111111111111111111111111111111111111111111111111111111111111111111111111111111111111111111111111111111111100000001111111111111111000011111111111111111111111111111111111111111111111111111111111111111110
111111111111111111111111111111111111111111111111111111111111111111111111111111111111111111111111111111111111111111111111111111111111111111111111111111111111111111111111111111111111111111111111111111111110000000000011111111111111001111111111111111111111111111111111111111111111111111111111111111111110
111111111111111111111111111111111111111111111111111111111111111111111111111111111111111111111111111111111111111111111111111111111111111111111111111111111111111111111111111111111111111111111111111111111110100000000001111111111000001111111111111111111111111111111111111111111111111111111111111111111110
111111111111111111111111111111111111111111111111111111111111111111111111111111111111111111111111111111111111111111111111111111111111111111111111111111111111111111111111111111111111111111111111111111111100000000000000111111110000001111111111111111111111111111111111111111111111111111111111111111111110
111111111111111111111111111111111111111111111111111111111111111111111111111111111111111111111111111111111111111111111111111111111111111111111111111111111111111111111111111111111111111111111111111111111100000111111100111111100000000111111111111111111111111111111111111111111111111111111111111111111110
111111111111111111111111111111111111111111111111111111111111111111111111111111111111111111111111111111111111111111111111111111111111111111111111111111111111111111111111111111111111111111111111111111111100111111111100111111100000000111111111111111111111111111111111111111111111111111111111111111111110
111111111111111111111111111111111111111111111111111111111111111111111111111111111111111111111111111111111111111111111111111111111111111111111111111111111111111111111111111111111111111111111111111110011100111111111100100000100000000111111111111111111111111111111111111111111111111111111111111111111110
111111111111111111111111111111111111111111111111111111111111111111111111111111111111111111111111111111111111111111111111111111111111111111111111111111111111111111111111111111111111111111111111111000000000111111111100000000000000000111111111111111111111111111111111111111111111111111111111111111111110
111111111111111111111111111111111111111111111111111111111111111111111111111111111111111111111111111111111111111111111111111111111111111111111111111111111111111111111111111111111111111111111111111000000000111111111100000000000000001111111111111111111111111111111111111111111111111111111111111111111110
111111111111111111111111111111111111111111111111111111111111111111111111111111111111111111111111111111111111111111111111111111111111111111111111111111111111111111111111111111111111111111111111111000000000111111111100000000011100111111111111111111111111111111111111111111111111111111111111111111111110
111111111111111111111111111111111111111111111111111111111111111111111111111111111111111111111111111111111111111111111111111111111111111111111111111111111111111111111111111111111111111111111111111000000000001111111100110000111111111111111111111111111111111111111111111111111111111111111111111111111110
111111111111111111111111111111111111111111111111111111111111111111111111111111111111111111111111111111111111111111111111111111111111111111111111111111111111111111111111111111111111111111111111111000000000000000000000111111111111111111111111111111111111111111111111111111111111111111111111111111111110
111111111111111111111111111111111111111111111111111111111111111111111111111111111111111111111111111111111111111111111111111111111111111111111111111111111111111111111111111111111111111111111111111100000110000000000011111111111111111111111111111111111111111111111111111111111111111111111111111111111110
111111111111111111111111111111111111111111111111111111111111111111111111111111111111111111111111111111111111111111111111111111111111111111111111111111111111111111111111111111111111111111111111111111111111100000000111111111111111111111111111111111111111111111111111111111111111111111111111111111111110
111111111111111111111111111111111111111111111111111111111111111111111111111111111111111111111111111111111111111111111111111111111111111111111111111111111111111111111111111111111111111111111111111111111111111111111111111111111111111111111111111111111111111111111111111111111111111111111111111111111110
111111111111111111111111111111111111111111111111111111111111111111111111111111111111111111111111111111111111111111111111111111111111111111111111111111111111111111111111111111111111111111111111111111111111111111111111111111111111111111111111111111111111111111111111111111111111111111111111111111111110
111111111111111111111111111111111111111111111111111111111111111111111111111111111111111111111111111111111111111111111111111111111111111111111111111111111111111111111111111111111111111111111111111111111111111111111111111111111111111111111111111111111111111111111111111111111111111111111111111111111110
111111111111111111111111111111111111111111111111111111111111111111111111111111111111111111111111111111111111111111111111111111111111111111111111111111111111111111111111111111111111111111111111111111111111111111111111111111111111111111111111111111111111111111111111111111111111111111111111111111111110
111111111111111111111111111111111111111111111111111111111111111111111111111111111111111111111111111111111111111111111111111111111111111111111111111111111111111111111111111111111111111111111111111111111111111111111111111111111111111111111111111111111111111111111111111111111111111111111111111111111110
111111111111111111111111111111111111111111111111111111111111111111111111111111111111111111111111111111111111111111111111111111111111111111111111111111111111111111111111111111111111111111111111111111111111111111111111111111111111111111111111111111111111111111111111111111111111111111111111111111111110
111111111111111111111111111111111111111111111111111111111111111111111111111111111111111111111111111111111111111111111111111111111111111111111111111111111111111111111111111111111111111111111111111111111111111111111111111111111111111111111111111111111111111111111111111111111111111111111111111111111110
111111111111111111111111111111111111111111111111111111111111111111111111111111111111111111111111111111111111111111111111111111111111111111111111111111111111111111111111111111111111111111111111111111111111111111111111111111111111111111111111111111111111111111111111111111111111111111111111111111111110
111111111111111111111111111111111111111111111111111111111111111111111111111111111111111111111111111111111111111111111111111111111111111111111111111111111111111111111111111111111111111111111111111111111111111111111111111111111111111111111111111111111111111111111111111111111111111111111111111111111110
111111111111111111111111111111111111111111111111111111111111111111111111111111111111111111111111111111111111111111111111111111111111111111111111111111111111111111111111111111111111111111111111111111111111111111111111111111111111111111111111111111111111111111111111111111111111111111111111111111111110
111111111111111111111111111111111111111111111111111111111111111111111111111111111111111111111111111111111111111111111111111111111111111111111111111111111111111111111111111111111111111111111111111111111111111111111111111111111111111111111111111111111111111111111111111111111111111111111111111111111110
111111111111111111111111111111111111111111111111111111111111111111111111111111111111111111111111111111111111111111111111111111111111111111111111111111111111111111111111111111111111111111111111111111111111111111111111111111111111111111111111111111111111111111111111111111111111111111111111111111111110
111111111111111111111111111111111111111111111111111111111111111111111111111111111111111111111111111111111111111111111111111111111111111111111111111111111111111111111111111111111111111111111111111111111111111111111111111111111111111111111111111111111111111111111111111111111111111111111111111111111110
111111111111111111111111111111111111111111111111111111111111111111111111111111111111111111111111111111111111111111111111111111111111111111111111111111111111111111111111111111111111111111111111111111111111111111111111111111111111111111111111111111111111111111111111111111111111111111111111111111111110
111111111111111111111111111111111111111111111111111111111111111111111111111111111111111111111111111111111111111111111111111111111111111111111111111111111111111111111111111111111111111111111111111111111111111111111111111111111111111111111111111111111111111111111111111111111111111111111111111111111110
111111111111111111111111111111111111111111111111111111111111111111111111111111111111111111111111111111111111111111111111111111111111111111111111111111111111111111111111111111111111111111111111111111111111111111111111111111111111111111111111111111111111111111111111111111111111111111111111111111111110
