0000000000000000000000000000000000000000000000000000000000000000000000000000000000000000000000000000000000000000000000000000000000000000000000000000000000000000000000000000000000000000000000000000000000000000000000000000000000000000000000000000000000000000000000000000
1111111111111111111111111111111111111111111111111111111111111111111111111111111111111111111111111111111111111111111111111111111111111111111111111111111111111111111111111111111111111111111111111111111111111111111111111111111111111111111111111111111111111111111111111110
1111111111111111111111111111111111111111111111111111111111111111111111111111111111111111111111111111111111111111111111111111111111111111111111111111111111111111111111111111111111111111111111111111111111111111111111111111111111111111111111111111111111111111111111111110
1111111111111111111111111111111111111111111111111111111111111111111111111111111111111111111111111111111111111111111111111111111111111111111111111111111111111111111111111111111111111111111111111111111111111111111111111111111111111111111111111111111111111111111111111110
1111111111111111111111111111111111111111111111111111111111111111111111111111111111111111111111111111111111111111111111111111111111111111111111111111111111111111111111111111111111111111111111111111111111111111111111111111111111111111111111111111111111111111111111111110
1111111111111111111111111111111111111111111111111111111111111111111111111111111111111111111111111111111111111111111111111111111111111111111111111111111111111111111111111111111111111111111111111111111111111111111111111111111111111111111111111111111111111111111111111110
1111111111111111111111111111111111111111111111111111111111111111111111111111111111111111111111111111111111111111111111111111111111111111111111111111111111111111111111111111111111111111111111111111111111111111111111111111111111111111111111111111111111111111111111111110
1111111111111111111111111111111111111111111111111111111111111111111111111111111111111111111111111111111111111111111111111111111111111111111111111111111111111111111111111111111111111111111111111111111111111111111111111111111111111111111111111111111111111111111111111110
1111111111111111111111111111111111111111111111111111111111111111111111111111111111111111111111111111111111111111111111111111111111111111111111111111111111111111111111111111111111111111111111111111111111111111111111111111111111111111111111111111111111111111111111111110
1111111111111111111111111111111111111111111111111111111111111111111111111111111111111111111111111111111111111111111111111111111111111111111111111111111111111111111111111111111111111111111111111111111111111111111111111111111111111111111111111111111111111111111111111110
1111111111111111111111111111111111111111111111111111111111111111111111111111111111111111111111111111111111111111111111111111111111111111111111111111111111111111111111111111111111111111111111111111111111111111111111111111111111111111111111111111111111111111111111111110
1111111111111111111111111111111111111111111111111111111111111111111111111111111111111111111111111111111111111111111111111111111111111111111111111111111111111111111111111111111111111111111111111111111111111111111111111111111111111111111111111111111111111111111111111110
1111111111111111111111111111111111111111111111111111111111111111111111111111111111111111111111111111111111111111111111111111111111111111111111111111111111111111111111111111111111111111111111111111111111111111111111111111111111111111111111111111111111111111111111111110
1111111111111111111111111111111111111111111111111111111111111111111111111111111111111111111111111111111111111111111111111111111111111111111111111111111111111111111111111111111111111111111111111111111111111111111111111111111111111111111111111111111111111111111111111110
1111111111111111111111111111111111111111111111111111111111111111111111111111111111111111111111111111111111111111111111111111111111111111111111111111111111111111111111111111111111111111111111111111111111111111111111111111111111111111111111111111111111111111111111111110
1111111111111111111111111111111111111111111111111111111111111111111111111111111111111111111111111111111111111111111111111111111111111111111111111111111111111111111111111111111111111111111111111111111111111111111111111111111111111111111111111111111111111111111111111110
1111111111111111111111111111111111111111111111111111111111111111111111111111111111111111111111111111111111111111111111111111111111111111111111111111111111111111111111111111111111111111111111111111111111111111111111111111111111111111111111111111111111111111111111111110
1111111111111111111111111111111111111111111111111111111111111111111111111111111111111111111111111111111111111111111111111111111111111111111111111111111111111111111111111111111111111111111111111111111111111111111111111111111111111111111111111111111111111111111111111110
1111111111111111111111111111111111111111111111111111111111111111111111111111111111111111111111111111111111111111111111111111111111111111111111111111111111111111111111111111111111111111111111111111111111111111111111111111111111111111111111111111111111111111111111111110
1111111111111111111111111111111111111111111111111111111111111111111111111111111111111111111111111111111111111111111111111111111111111111111111111111111111111111111111111111111111111111111111111111111111111111111111111111111111111111111111111111111111111111111111111110
1111111111111111111111111111111111111111111111111111111111111111111111111111111111111111111111111111111111111111111111111111111111111111111111111111111111111111111111111111111111111111111111111111111111111111111111111111111111111111111111111111111111111111111111111110
1111111111111111111111111111111111111111111111111111111111111111111111111111111111111111111111111111111111111111111111111111111111111111111111111111111111111111111111111111111111111111111111111111111111111111111111111111111111111111111111111111111111111111111111111110
1111111111111111111111111111111111111111111111111111111111111111111111111111111111111111111111111111111111111111111111111111111111111111111111111111111111111111111111111111111111111111111111111111111111111111111111111111111111111111111111111111111111111111111111111110
1111111111111111111111111111111111111111111111111111111111111111111111111111111111111111111111111111111111111111111111111111111111111111111111111111111111111111111111111111111111111111111111111111111111111111111111111111111111111111111111111111111111111111111111111110
1111111111111111111111111111111111111111111111111111111111111111111111111111111111111111111111111111111111111111111111111111111111111111111111111111111111111111111111111111111111111111111111111111111111111111111111111111111111111111111111111111111111111111111111111110
1111111111111111111111111111111111111111111111111111111111111111111111111111111111111111111111111111111111111111111111111111111111111111111111111111111111111111111111111111111111111111111111111111111111111111111111111111111111111111111111111111111111111111111111111110
1111111111111111111111111111111111111111111111111111111111111111111111111111111111111111111111111111111111111111111111111111111111111111111111111111111111111111111111111111111111111111111111111111111111111111111111111111111111111111111111111111111111111111111111111110
1111111111111111111111111111111111111111111111111111111111111111111111111111111111111111111111111111111111111111111111111111111111111111111111111111111111111111111111111111111111111111111111111111111111111111111111111111111111111111111111111111111111111111111111111110
1111111111111111111111111111111111111111111111111111111111111111111111111111111111111111111111111111111111111111111111111111111111111111111111111111111111111111111111111111111111111111111111111111111111111111111111111111111111111111111111111111111111111111111111111110
1111111111111111111111111111111111111111111111111111111111111111111111111111111111111111111111111111111111111111111111111111111111111111111111111111111111111111111111111111111111111111111111111111111111111111111111111111111111111111111111111111111111111111111111111110
1111111111111111111111111111111111111111111111111111111111111111111111111111111111111111111111111111111111111111111111111111111111111111111111111111111111111111111111111111111111111111111111111111111111111111111111111111111111111111111111111111111111111111111111111110
1111111111111111111111111111111111111111111111111111111111111111111111111111111111111111111111111111111111111111111111111111111111111111111111111111111111111111111111111111111111111111111111111111111111111111111111111111111111111111111111111111111111111111111111111110
1111111111111111111111111111111111111111111111111111111111111111111111111111111111111111111111111111111111111111111111111111111111111111111111111111111111111111111111111111111111111111111111111111111111111111111111111111111111111111111111111111111111111111111111111110
1111111111111111111111111111111111111111111111111111111111111111111111111111111111111111111111111111111111111111111111111111111111111111111111111111111111111111111111111111111111111111111111111111111111111111111111111111111111111111111111111111111111111111111111111110
1111111111111111111111111111111111111111111111111111111111111111111111111111111111111111111111111111111111111111111111111111111111111111111111111111111111111111111111111111111111111111111111111111111111111111111111111111111111111111111111111111111111111111111111111110
1111111111111111111111111111111111111111111111111111111111111111111111111111111111111111111111111111111111111111111111111111111111111111111111111111111111111111111111111111111111111111111111111111111111111111111111111111111111111111111111111111111111111111111111111110
1111111111111111111111111111111111111111111111111111111111111111111111111111111111111111111111111111111111111111111111111111111111111111111111111111111111111111111111111111111111111111111111111111111111111111111111111111111111111111111111111111111111111111111111111110
1111111111111111111111111111111111111111111111111111111111111111111111111111111111111111111111111111111111111111111111111111111111111111111111111111111111111111111111111111111111111111111111111111111111111111111111111111111111111111111111111111111111111111111111111110
1111111111111111111111111111111111111111111111111111111111111111111111111111111111111111111111111111111111111111111111111111111111111111111111111111111111111111111111111111111111111111111111111111111111111111111111111111111111111111111111111111111111111111111111111110
1111111111111111111111111111111111111111111111111111111111111111111111111111111111111111111111111111111111111111111111111111111111111111111111111111111111111111111111111111111111111111111111111111111111111111111111111111111111111111111111111111111111111111111111111110
1111111111111111111111111111111111111111111111111111111111111111111111111111111110000000011111111111111111111111111111111111111111111111111111111111111111111111111111111111111111111111111111111111111111111111111111111111111111111111111111111111111111111111111111111110
1111111111111111111111111111111111111111111111111111111111111111111111111111111111000011001111111111111111111111111111111111111111111111111111111111111111111111111111111111111111111111111111111111111111111111111111111111111111111111111111111111111111111111111111111110
1111111111111111111111111111111111111111111111111111111111111111111111111111111111100011000111111111111111111111111111111111111111111111111111111111111111111111111111111111111111111111111111111111111111111111111011111111111111111111111111111111111111111111111111111110
1111111111111111111111111111111111111111111111111111111111111111111111111111111111100000000111111111111111111111111111111111111111111111111111111111111111111111111111111111111111111111111111111111111111111111111001111111111111111111111111111111111111111111111111111110
1111111111111111111111111111111111111111111111111111111111111111111111111111111111000000000011111111111111111111111111111111111111111111111111111111111111111111111111111111111111111111111111111111111111111111110000011111111111111111111111111111111111111111111111111110
1111111111111111111111111111111111111111111111111111111111111111111111111111111111000000000011111111111111111111111111111111111111111111111111111111111111111111110011111111111111111111111111111111111111111111110000001111111111111111111111111111111111111111111111111110
1111111111111111111111111111111111111111111111111111111111111111111111111111111111000000000001111111111111111111111111111111111111111111111111111111111111110000000011111111111111111111111111111111111111111111111000001111111111111111111111111111111111111111111111111110
1111111111111111111111111111111111111111111111111111111111111111111111100111111111000000000000000000000011111111111111111111111111111111111111111111111000000000000001111111111111111111111111111111111111111111111000000011111111111111111111111111111111111111111111111110
1111111111111111111111111111111111111111111111111111111111111111111111100011111111000000000000000000000001111111111111111111111111111111111111111111100000000000000001111111111111111111111111111111111111111110000011000001111111111111111111111111111111111111111111111110
1111111111111111111111111111111111111111111111111111111111111111111111100011111100000000000000000000000001111111111111111111111111111111111111111111100000000000000000011111111111111111111111111111111111111110000011001001111111111111111111111111111111111111111111111110
1111111111111111111111111111111111111111111111111111111111111111111111100001100000000000000000000000000000111111111111111111111111111111111111111111100000000000000000000000000011111111111111111111110000011100000011000001111111111111111111111111111111111111111111111110
1111111111111111111111111111111111111111111111111111111111111111111111100000000000000000000000000000000000111111111111111111111111111111111111111100000000000000000000000000000011111111111111111111110000001000000011000001111111111111111111111111111111111111111111111110
1111111111111111111111111111111111111111111111111111111111111111111111100000000000000000000000000000000000011111111111111111111111111111111111111100000000000000000000000000000011111111111111111111110000000000000000000001111111111111111111111111111111111111111111111110
1111111111111111111111111111111111111111111111111111111111111111111111111111111111111000000000000000000000001111111111111111111111111111111111111100000000000000000000000000000011111111111111111111110000000000000011000001111111111111111111111111111111111111111111111110
1111111111111111111111111111111111111111111111111111111111111111111111111111111111111111111110000000000000001111111111111111111111111111111111111100000000000000000000000000000011111111111111111111110000000000000000000001111111111111111111111111111111111111111111111110
1111111111111111111111111111111111111111111111111111111111111111111111111111111111111111111111000000000000000000011111111111111111111111111111111100000000000000000000000000000001111111111111111111110000000000000000000001111111111111111111111111111111111111111111111110
1111111111111111111111111111111111111111111111111111111111111111111111111111111111111111111111100000000000000000000111111111111111111111111111111100000000000000000111111100000000111111111111111111110000000000000000000011111111111111111111111111111111111111111111111110
1111111111111111111111111111111111111111111111111111111111111111111111111111111111111111111111100000000000000000000011111111111111111111111111111100000000000000000111111100000000111111111111111111110000000000000000000011111111111111111111111111111111111111111111111110
1111111111111111111111111111111111111111111111111111111111111111111111111111110000000000011111100000000000000000000001111111111111111111111111111100000000011110000111111100000000111111111111111111110000000000000000000011111111111111111111111111111111111111111111111110
1111111111111111111111111111111111111111111111111111111111111111111111111111110000000000001111100000000000000000000001111111111111111111111111111100000000011111111111111110000000011111111111111111110000000000000000000111111111111111111111111111111111111111111111111110
1111111111111111111111111111111111111111111111111111111111111111111111111111110000000000001111100000000000000000000000111111111111111111111111111100000000011111111111111110000000011111111111111111110000000000000000111111111111111111111111111111111111111111111111111110
1111111111111111111111111111111111111111111111111111111111111111111111111111110000000000001111111111110000000000000000111111111111111111111111111100000000011111111111111110000000011111111111111111110000000000000001111111111111111111111111111111111111111111111111111110
1111111111111111111111111111111111111111111111111111111111111111111111111111110000000000001111111111111111111000000000011111111111111111111111111100000000111111111111111110000000111111111111111111110000000000000001111111111111111111111111111111111111111111111111111110
1111111111111111111111111111111111111111111111111111111111111111111111111111110000000000001111111111111111111100000000011111111111111111111111111100000000111111111111111110000000111111111111111111110000000000000001111111111111111111111111111111111111111111111111111110
1111111111111111111111111111111111111111111111111111111111111111111111111111110000110000001111111111111111111100000000011111111111111111111111111100000000111111111111111110000000111111111111111111100000000000000001111111111111111111111111111111111111111111111111111110
1111111111111111111111111111111111111111111111111111111111111111111111111111110000110000011111111111111111111110000000001111111111111111111111111100000000011111111111111110000000111111111111111111100000000000000000111111111111111111111111111111111111111111111111111110
1111111111111111111111111111111111111111111111111111111111111111111111111111110000000000111111111111111111111110000000001111111111111111111111111100000000011111111111111110000000111111111111111111000000000000000000011111111111111111111111111111111111111111111111111110
1111111111111111111111111111111111111111111111111111111111111111011111111111100000000001111111111111111111111110000000001111111111111111111111111100000000011111111111111100000000111111111111111111000000000000000000011111111111111111111111111111111111111111111111111110
1111111111111111111111111111111111111111111111111111111111111111000011111111100000000011111111111111111111111110000000000011111111111111111111111100000000011111111111111100000000111111111111111111000000000000000000111111111111111111111111111111111111111111111111111110
1111111111111111111111111111111111111111111111111111111111100000000011111111100000000111111111111111111111111100000000000000011111111111111111111100011111111111111111111100111111111111111111111110000000000000000000111111111111111111111111111111111111111111111111111110
1111111111111111111111111111111111111111111111111111111110000000000010001001000000001101111111111111111111111100000000000000011111111111111111111100011111111111111111111101111111111111111111111110000000000000000000111111111111111111111111111111111111111111111111111110
1111111111111111111111111111111111111111111111111111111100000000000000000011000000001001111111111111111111111000000000000000011111111111111111111100011111111111111111111111111111111111111111111100000000000000000000111111111111111111111111111111111111111111111111111110
1111111111111111111111111111111111111111111111111111000000000000000000000110000000011001111111111111111111111000000000000000001111111111111111111100011111111111111111111111111111111111111111111100000000000000000000111111111111111111111111111111111111111111111111111110
1111111111111111111111111111111111111111111111111111000000000000001111111100000000010001111111111111111111110000000000000000000011111111111111111100011111111111111111111111111111111111111111111100000000000000000000111111111111111111111111111111111111111111111111111110
1111111111111111111111111111111111111111111111111111000000011110011000000000000000010001111111111111111111100000000000000001000000011111111111111100010000111111111111111111111111111111111111111000000000000000000001111111111111111111111111111111111111111111111111111110
1111111111111111111111111111111111111111111111111111111111110000000000000000000000010001111111111111111111000000000000000001100000001111111111111100010000111111111111111111111111111111111111111000000000000000000011111111111111111111111111111111111111111111111111111110
1111111111111111111111111111111111111111111110000000000000000000000000000000000000010000111111111111111111000000000000000001111000000111111111111100010000111111111111111111111111111111111111111000000000000000000111111111111111111111111111111111111111111111111111111110
1111111111111111111111111111111111111111111110000000000000000011111100000000000000010000001111111111111111000000000000000001111100000011111111111000000000111111111111111111111111111111111111110000000000000000000111111111111111111111111111111111111111111111111111111110
1111111111111111111111111111111111111111111110000000000000000111111110000000000000010000000010000000000010100000000000000001111100000011111111110000000000111111111111111111111111111111111111110000000000000000000111111111111111111111111111111111111111111111111111111110
1111111111111111111111111111111111111111111110000000000000001111111111000000000000010000000010000000000010000000000000000001111100000011111111100000000000111111111111111111111111111111111111110000000000000000001111111111111111111111111111111111111111111111111111111110
1111111111111111111111111111111111111111111111000000000000011111111111100000000000011100000000000000000010000000000000000001111100000011111111100000000000111111111111111111111111111111111111100000000000000000001111111111111111111111111111111111111111111111111111111110
1111111111111111111111111111111111111111111111111000000000011111111111100000000000000111110000000000000010000000000000000001111100000011111111000000001111111111111111111111111111111111111111000000000000000000001111111111111111111111111111111111111111111111111111111110
1111111111111111111111111111111111111111111111111111100000011111111111100000000000000000011110011111111110000000000000000001111100000011111111000000001111111111111111111111111111111111111000000000000000000000001111111111111111111111111111111111111111111111111111111110
1111111111111111111111111111111111111111111111111000100000011111111111100000000000000000000000000000100000000000000000000011111000000011111100000000001111111111111111111111111111111111110000000000000000000000011111111111111111111111111111111111111111111111111111111110
1111111111111111111111111111111111111111111111111100000000011111111111100000000000000000000000000000000000000000000000000111111000000001111000000000001111111111111111111111111111111111100000000000000000000000011111111111111111111111111111111111111111111111111111111110
1111111111111111111111111111111111111111111111111110001100011111111111100000000000000000000000000000000000000000000000000111110000000001110000000000001111111111111111111111111111111111000000000000000000000000011111111111111111111111111111111111111111111111111111111110
1111111111111111111111111111111111111111111111111110000110001111111111000000000000000000000000000000000000000000000000000111110000000000110000000000001111111111111111111111111111111110000000000000000000000000111111111111111111111111111111111111111111111111111111111110
1111111111111111111111111111111111111111111111111111000011000111111110000000000000000000000000000000000000000000000000000111110000000000000000000000001111111111111111111111111111111100000000000000000000000000111111111111111111111111111111111111111111111111111111111110
1111111111111111111111111111111111111111111111111111000001110011111100000000000000000000000000000000000000000000000000011111100000000000000000000000001111111111111111111111111000000000000000000000000000000001111111111111111111111111111111111111111111111111111111111110
1111111111111111111111111111111111111111111111111111000011011000000000000000000000000000000000000000000000000000000000111111100000000000000000000000001111111111111111111111111000000000000000000000000000000011111111111111111111111111111111111111111111111111111111111110
1111111111111111111111111111111111111111111111111111000110001100000000000000000000000000000000000000000000000000000000111111100000000000000000000000001111111111111111111110000000000000000000000000000000001111111111111111111111111111111111111111111111111111111111111110
1111111111111111111111111111111111111111111111111111001100000100000000000000011111111110000000000000000000000000000000111111100000000000000000000000001111111111111111000000000000000000000000000000000000001111111111111111111111111111111111111111111111111111111111111110
1111111111111111111111111111111111111111111111111110011000000000000000000000111111111110000000000000000000000000000001111111100000000000000000000000101111111111111111000000000000000000000000000000000000001111111111111111111111111111111111111111111111111111111111111110
1111111111111111111111111111111111111111111111111000110000000001000000000000111111111111111111111111100000000000000001111111000000000000111110000000111111111111111111000000000000000000000000000000000000001111111111111111111111111111111111111111111111111111111111111110
1111111111111111111111111111111111111111111111100000111100000001110000000000111111111111111111111111100000000000000001111110000000000111111111111111111111111111111111000000000000000000000000000000000000000011111111111111111111111111111111111111111111111111111111111110
1111111111111111111111111111111111111111111111100001111111110000110000000000111111111111111111111111100000000000000001111110000000011111111111111111111111111111111111000000000000000000000000000000000000000011111111111111111111111111111111111111111111111111111111111110
1111111111111111111111111111111111111111111111100011111111111000110000000000111111111111111111111111100000000000000001111110000000111111111111111111111111111111111111000000000000000000000000000000000000000011111111111111111111111111111111111111111111111111111111111110
1111111111111111111111111111111111111111111111110111111111111110010000000000011111111111111111111111100000000000000001111110000001111111111111111111111111111111111111000000000000000000000000000000000000000001111111111111111111111111111111111111111111111111111111111110
1111111111111111111111111111111111111111111111111111111111111110010000000000010000000001111111111111100000000011000001111110000001111100000000000011111111111111111111000000000000000000000000000000000000000001111111111111111111111111111111111111111111111111111111111110
1111111111111111111111111111111111111111111111111111111111111100010000000000010000000001111111111111100000000011000001111110000000000000000000000011111111111111111111000000000000000000000000000000000000000001111111111111111111111111111111111111111111111111111111111110
1111111111111111111111111111111111111111111111111111111111111100011000000000010011111111111111111111100000000000000001111110000000000000000000010011111111111111111111000000000000000000000000000000000000000001111111111111111111111111111111111111111111111111111111111110
1111111111111111111111111111111111111111111111111111111111111000001000000000010010000111111111111111110000000000000001111110000000000000000000000011111111111111111111000000000000000000000000000000000000000001111111111111111111111111111111111111111111111111111111111110
1111111111111111111111111111111111111111111111111111111111111000001000000000000000000111111111111111110000000000000001111110000000000000000000000011111111111111111111000000000000000000000000000000000000001111111111111111111111111111111111111111111111111111111111111110
1111111111111111111111111111111111111111111111111111111111110000011000000000000000000111111111111111000000000000000001111110000000000000000000000011111111111111111111000000000000000000000000000000000000001111100111111111111111111111111111111111111111111111111111111110
1111111111111111111111111111111111111111111111111111111111111000010000000000000000000111111111111110000111100000000001111110000000000000000000001111111111111111111110000000000000000000000000000000000000011111100001111111111111111111111111111111111111111111111111111110
1111111111111111111111111111111111111111111111111111111111111000110000000000000000000111111111111110001111111100000001111110000000000000000011111111111111111111111110000000000000000000000000000000000000011111100000111111111111111111111111111111111111111111111111111110
1111111111111111111111111111111111111111111111111111111111111000100000000001000000000111111111111110001111111110000001111110000000000000011111111111111111111111111110000000000000000000000000000000000000011111100000011111111111111111111111111111111111111111111111111110
1111111111111111111111111111111111111111111111111111111111110001100000000000011000000111111111111110001111111111000001111110000000000000011111111111111111111111111110000000000000000000000000000000000000011111110000011111111111111111111111111111111111111111111111111110
1111111111111111111111111111111111111111111111111111111111110001000000000000111100000001111111111110000011111111000001111110000000000000011111111111111111111111111110000000000000001000000000000000011000111111110000001111111111111111111111111111111111111111111111111110
1111111111111111111111111111111111111111111111111111111111111111000000000001111000000100111111111100000000011111000001111110000000000000011111111111111111111111111110000000000000000100000000000000011001111100000000000111111111111111111111111111111111111111111111111110
1111111111111111111111111111111111111111111111111111111111111100000000000111111000000011001111110010000000000000000001111110000000000000011111111111111111111111111110000000000000000000000000000000000001111100000000000111111111111111111111111111111111111111111111111110
1111111111111111111111111111111111111111111111111111111111111100000010001111110000000011001111110000000000000000000011111111000000000000011111111111111111111111111110000000000000000000000000000000000001111100000000000111111111111111111111111111111111111111111111111110
1111111111111111111111111111111111111111111111111111111111111110000000011111100000000000000000000000000000000000000000111100000000000000011111111111111111111111111110110000000000000000000000000000000000111000000000000011111111111111111111111111111111111111111111111110
1111111111111111111111111111111111111111111111111111111111111111100000111111000000000000000000000000000000000000100000111100000000000000011111111111111111111111111110110000000000000000000000000000000000000000000000000001111111111111111111111111111111111111111111111110
1111111111111111111111111111111111111111111111111111111111111111110000111100000000000000000000000000000000000000000000111100000000000000011111111111111111111111111110000000000000000000000000000000000000000000000000000000111111111111111111111111111111111111111111111110
1111111111111111111111111111111111111111111111111111111111111111111100011000000000000000000000000000000000000000000000111100000000000000011111111111111111111111111110000000000000000000000100010000000000000000000000000000001111111111111111111111111111111111111111111110
1111111111111111111111111111111111111111111111111111111111111111111110000000000000000000000000000000000000000000000000111100000000000000011111111111111111111111111110000000000000000000000100010000000000000000000000000000000111111111111111111111111111111111111111111110
1111111111111111111111111111111111111111111111111111111111111111111111000000000000000000000000000000000111100000000000111100000000000000011111111111111111111111111110000000000000000000000100010000000000000000000000000000000111111111111111111111111111111111111111111110
1111111111111111111111111111111111111111111111111111111111111111111111000000000000000000000000000000000111110000000011111111000000000000011111111111111111111111111110000000000000000000000100010000000000000000000000000000000111111111111111111111111111111111111111111110
1111111111111111111111111111111111111111111111111111111111111111111111100000000000000000000000000000000011100000000011111111000000000000011111111111111111111111111110000000000000000000000100010000000000000000000000000000000111111111111111111111111111111111111111111110
1111111111111111111111111111111111111111111111111111111111111111111111111100000000000000000000000000000000000000000011111111000000000000011111111111111111111111111110000000000000000000000100010000000000000000000000000000000111111111111111111111111111111111111111111110
1111111111111111111111111111111111111111111111111111111111111111111111000111000000000000000000000000000000000000000011111111000000000000011111111111111111111111111110000000000000000000000100010000000000000000000000000100000111111111111111111111111111111111111111111110
1111111111111111111111111111111111111111111111111111111111111111110010000000000000000001111000000000000000000000000111111111100000000000011111111111111111111111111110000000000011111111111100010000000000000000000000000100000111111111111111111111111111111111111111111110
1111111111111111111111111111111111111111111111111101111111111111110011000000000000001011111110000000000000000000000000000000000000000000011111111111111111111111111110000000000010000000000000010000000000000000000000000000001111111111111111111111111111111111111111111110
1111111111111111111111111111111111111111111110111100111111111111100001100000000000001011111100000000000000000000000000000000000000000000011111111111111111111110000010000000000010000000000000010000000000000000000000000000011111111111111111111111111111111111111111111110
1111111111111111111111111111111111111111111100110100011111111111001000100000000000001011111100000000000000000000000000000000000000000000001111111110000111100000000010000000000010000000000000110000000000000000000000000000111111111111111111111111111111111111111111111110
1111111111111111111111111111111111111111111100000000000111111110000000010000000000011111111100000000000000000000000000000000000000000000000111111110000000000000000010000000000010000111111111100000000000000000000011000000111111111111111111111111111111111111111111111110
1111111111111111111111111111111111111111111000000000000011111110000000000000000001111111111000000000000000000000000111111111100000000000000011111110000000000000000010000000000010000000000000100000000000100000000011000000111111111111111111111111111111111111111111111110
1111111111111111111111111111111111111111110000000000000000111100000000000000000000011110000000000000000100000000001111111111110000000000000001111100000000000000000010000000000010000000000000100000000000000000000000000000111111111111111111111111111111111111111111111110
1111111111111111111111111111111111111111110000000000000000011000000000000000000000001111100000000000000000000000011111111111110000000000000000111111111100001111111110000000000010000000000000100000000000000000000000000000111111111111111111111111111111111111111111111110
1111111111111111111111111111111111111111100000000000000000001100000000000000000000000110000000000000000000000011111111111111111000000000000000000000000000000000000000000000000010000000000000100000000000000000000000000000111111111111111111111111111111111111111111111110
1111111111111111111111111111111111111111100000000000000000001100000000000000000000000100000000000000000000000111111111111111111000000000000000000000000000000000000000000000000010000000000000100000000000000000000000000001111111111111111111111111111111111111111111111110
1111111111111111111111111111111111111111000000000000000000100000110000000000000000000000000000000000000000001111111111000111111000000000000000000000000000000000000000000000000011111000000111100000000000000000000000000011111111111111111111111111111111111111111111111110
1111111111111111111111111111111111111111111111111111100000000000110010000000000000000000000000000000000000011111111110000111111111111111111100000000000000000000000000000000000010000000000000100000000000000000000000000111111111111111111111111111111111111111111111111110
1111111111111111111111111111111111111111111111111111110000000000011110000000000000000000000000000000000000011111111100000111111111111111111110000000000000000000000000000000000010000000000000100000000000000000000000011111111111111111111111111111111111111111111111111110
1111111111111111111111111111111111111111111111111111111000000000011110000000000000000000000000000000000000011111100000000111111111111111111111000000000000000000000000000000000010001111111111100000000000000000000011111111111111111111111111111111111111111111111111111110
1111111111111111111111111111111111111111111111111111111100000000011110000000000000000011000000000000000000011111100000000111111111111111111111100000000000000000000000000000000010001000000000000000000000000000000111111111111111111111111111111111111111111111111111111110
1111111111111111111111111111111111111111111111111111111110000000011110000000000000000111100000000000000100011111100000000011111111111111111111100000000000000000000000000000000010001000000000000000000000000000001111111111111111111111111111111111111111111111111111111110
1111111111111111111111111111111111111111111111111111111111000000011110000000000000000111100000000000000000011111100000000000011111111111111111100000000000000000000000000000000010001000000000000000000000000001111111111111111111111111111111111111111111111111111111111110
1111111111111111111111111111111111111111111111111111111111100000000000000000000000000011000000000000000000011111100000000000000000000000111111100000000000100001000000000000000011111000000000000000000111111111111111111111111111111111111111111111111111111111111111111110
1111111111111111111111111111111111111111111111111111111111110000000000000000100000000000000000000000000000011111100000000000000000000000011111110000000000100001000000000000000000000000000000000000011111111111111111111111111111111111111111111111111111111111111111111110
1111111111111111111111111111111111111111111111111111111111100000000000000011110000000000000000000000000000011111100001100000000000000000011111111111111111100001111100000000000000000000000000000000111111111111111111111111111111111111111111111111111111111111111111111110
1111111111111111111111111111111111111111111111111111111111100000111100000011110000000000000000000000000000011111100001100000000011000000011111111111111111100001111110000000000000000000000000000001111111111111111111111111111111111111111111111111111111111111111111111110
1111111111111111111111111111111111111111111111111111111111100000111100000001110000000000000000000000000000011111100000000000000011000000011111111111111111100001111111000000000000000000000000000011111111111111111111111111111111111111111111111111111111111111111111111110
1111111111111111111111111111111111111111111111111111111111100000111100000000000000000000000000000000000000011111100000000000000000000000011111111111111111100001111111100000000000000000000000000111111111111111111111111111111111111111111111111111111111111111111111111110
1111111111111111111111111111111111111111111111111111111111100000111100000000000000000000000000000000000000011111100000000000000000000000001111111111111111100001111111100000000000000000000000011111111111111111111111111111111111111111111111111111111111111111111111111110
1111111111111111111111111111111111111111111111111111111111100000111100000000000000000000000000000000000100011111100000000000000000001000000111111111111111100001111111100000000000000000000001111111111111111111111111111111111111111111111111111111111111111111111111111110
1111111111111111111111111111111111111111111111111111111111100000111100000000000000000000000000000000000000011111100000000000000000001111000000000000000000100001111111100000000000000000001111111111111111111111111111111111111111111111111111111111111111111111111111111110
1111111111111111111111111111111111111111111111111111111111100000111100110000000000000000000000000000000000011111100000000000000000011111110000000000000000100001011111110000000001111111111111111111111111111111111111111111111111111111111111111111111111111111111111111110
1111111111111111111111111111111111111111111111111111111111000000000011110000000000000000000000000000000000011111111111000000000000011111111100000000000000000000011111111111111111111111111111111111111111111111111111111111111111111111111111111111111111111111111111111110
1111111111111111111111111111111111111111111111111111111110000000000000111000000000000000000000000000000000011111111111110000000000111111111111100000010000000000011111111111111111111111111111111111111111111111111111111111111111111111111111111111111111111111111111111110
1111111111111111111111111111111111111111111111111111111100000000000011100000000000000000000000000000000000011111111111100000000000111111111111111100000000000000011111111111111111111111111111111111111111111111111111111111111111111111111111111111111111111111111111111110
1111111111111111111111111111111111111111111111111111111000000000000111110000000011100000000000000000000000011111111111000000000001111111111111111111000000000000011111111111111111111111111111111111111111111111111111111111111111111111111111111111111111111111111111111110
1111111111111111111111111111111111111111111111111111110000000000000001110000000011110000000000000000000000001111111100001100000001111111111111111111111000000000001111111111111111111111111111111111111111111111111111111111111111111111111111111111111111111111111111111110
1111111111111111111111111111111111111111111111111111100000000000000001111000000011110000000000000000000000000011111000011000000001111111111111111111111111000000000001111111111111111111111111111111111111111111111111111111111111111111111111111111111111111111111111111110
1111111111111111111111111111111111111111110000000000000000000000000000111000000001100000000000000000000100000000100000111000000011111111111111111111111111000000000000000000000001111111111111111111111111111111111111111111111111111111111111111111111111111111111111111110
1111111111111111111111111111111111111111111000000000000000000000000000111100000000000000000000000000000000000000000011111000000011111111111111111111111111000000000000000000000000000001111111111111111111111111111111111111111111111111111111111111111111111111111111111110
1111111111111111111111111111111111111111111110000000000000000000000000011100000000000000000000000000001100000000000111111000000111111111111111111111111110000000000000000000000000000001111111111111111111111111111111111111111111111111111111111111111111111111111111111110
1111111111111111111111111111111111111111111111000000000000000000000000011100000000000000000000000000001000000000000111111000000111111111111111111111111110000001000000000000000000000000000111111111111111111111111111111111111111111111111111111111111111111111111111111110
1111111111111111111111111111111111111111111111111111111111111110000000100001100000000000000000000000001000000000000111111000001111111111111111111111111110000000000000000000000000000000000111111111111111111111111111111111111111111111111111111111111111111111111111111110
1111111111111111111111111111111111111111111111001111111111111111100000000011110000000000000000000000000000000000000111111000001111111111111111111111111111110000000000000000000000000000000001111111111111111111111111111111111111111111111111111111111111111111111111111110
1111111111111111111111111111111111111111111111001111111111111111110000000111110000000000000000000000000000000000000111111000001001111111111111111111111111110000000000000000000000000000000001111111111111111111111111111111111111111111111111111111111111111111111111111110
1111111111111111111111111111111111111111111111001111111111111111110000000011111000000000000000000000000000000000000111111000011000001111111111111111111111110000000000010000000000000000000000000011111111111111111111111111111111111111111111111111111111111111111111111110
1111111111111111111111111111111111111111111111001111111111111111111000000001111111111111100000000000000000000000000111111000011100000011111111111111111111110000000000000000000000000000000000000011111111111111111111111111111111111111111111111111111111111111111111111110
1111111111111111111111111111111111111111111111001111111111111111111100000000111101111111100010000001000000000000000111111100000001000000111111111111111111100000000000000000000000000000000000000011111111111111111111111111111111111111111111111111111111111111111111111110
1111111111111111111111111111111111111111111111001111111111111111111110000000110001111111100000000000000000011000000111111111110000001000000111111111110111100000000000000000000000000000000000000000111111111111111111111111111111111111111111111111111111111111111111111110
1111111111111111111111111111111111111111111111000011111111111111111111000000000001111111100000000000000000111110000111111111111000000001000000111111110000000000000000000000000000000000000000000000111111111111111111111111111111111111111111111111111111111111111111111110
1111111111111111111111111111111111111111111111000011111111111111111111100000000000000000000000000000000001111111000111111111111100000011100000000111100000000000000000000000000000000000000000000000111111111111111111111111111111111111111111111111111111111111111111111110
1111111111111111111111111111111111111111111110000011111111111111111111110000000000000000000000000000000011111111100011111111111110000000000000000001100000000000000000000000000000000000000000111111111111111111111111111111111111111111111111111111111111111111111111111110
1111111111111111111111111111111111111111111110000011111111111111111111111000000000000000000100000000000001111111110001111111111110000000000000000000000000000100100100000000000000000000000000000000000000000000001111111111111111111111111111111111111111111111111111111110
1111111111111111111111111111111111111111111100000011111111111111111111111100000000011100000000000000000011111111111000111111111110000001000000000000111111000100100101000000000000000000000000000000000000000000000111111111111111111111111111111111111111111111111111111110
1111111111111111111111111111111111111111111110000011111111111111111111111110000000011111000000000000000011111111111000000001111110000000000000000000111111000100100101000000000000000000000000000000000000000000000111111111111111111111111111111111111111111111111111111110
1111111111111111111111111111111111111111111110000000111111011111111111111110000000111111110000000000000111111111111100000001111110000000000000000000000000000000000000000000000000000000000000000000000000000000001111111111111111111111111111111111111111111111111111111110
1111111111111111111111111111111111111111111110000000000000001111111111111110000000111111111100000000011111111111111000000001111111111110000000000001000000000000000000000000000000000000000000111111111111111111111111111111111111111111111111111111111111111111111111111110
1111111111111111111111111111111111111111111110000000000000000011111111111110000001111111111000000000011111111111111000000001111111111111000000000001000000000000000000000000000000000000000000000000000011111111111111111111111111111111111111111111111111111111111111111110
1111111111111111111111111111111111111111111110000000000000000001111111111110000001111111111000000000001111111111111000000001111111111111000000000000000000000000000000000000000000000000000000000000000011111111111111111111111111111111111111111111111111111111111111111110
1111111111111111111111111111111111111111111100000000000000000000111111111010000011111111111000000000001111111111111000000000111111111111100000000000111111000100100101000000000000000000000000000000000111111111111111111111111111111111111111111111111111111111111111111110
1111111111111111111111111111111111111111111100000000000000000000001111110010000011111111111000000000001111111110000000000000001111111111100000000000111111000100100101000000000000000000000000000000000111111111111111111111111111111111111111111111111111111111111111111110
1111111111111111111111111111111111111111111100000000000000000000011111110010000011111111100000000000000111111000000000000000000111111111100000000000000000000100100100000000000000000000000000000000000111111111111111111111111111111111111111111111111111111111111111111110
1111111111111111111111111111111111111111111100000000000000000000000000100010000011111111100000000000000001110000000000000000000111111111100000000000000000000000000000000000000000000000000000000000001111111111111111111111111111111111111111111111111111111111111111111110
1111111111111111111111111111111111111111111100000000000000000000000000000010000000111111001100000000001000100000000000000000000111111111110000000000000000000000000000000000000000000000000000000000011111111111111111111111111111111111111111111111111111111111111111111110
1111111111111111111111111111111111111111111100000000000000000000000000000000000000001110001100000000011000000000000000000000100011111111111111000000000000000000000000000000000000000000000000000000111111111111111111111111111111111111111111111111111111111111111111111110
1111111111111111111111111111111111111111111100000000000000000000000000000000000000000100001100000000111000000000000000000000110011111111111111100000000000000000000000000000000000000000000000000000111111111111111111111111111111111111111111111111111111111111111111111110
1111111111111111111111111111111111111111111100000000000000000000000000000000000000000000011100000000111000000011111000000000110001111111111111110000000000000000000000000000000000000000000000000000111111111111111111111111111111111111111111111111111111111111111111111110
1111111111111111111111111111111111111111111100000000000000000000000000000010000000000000011100000000111000000111111100000000011001111111111111111000000000000000000000000000000000000000000000000000111111111111111111111111111111111111111111111111111111111111111111111110
1111111111111111111111111111111111111111111100000000000000000001000000000110000000000000011100000000111000000111111100000000011000111111111111111000000000000000000000001111000000000000000000000001111111111111111111111111111111111111111111111111111111111111111111111110
1111111111111111111111111111111111111111111100000000000000000111000000001100000000000000001100000000110000001111111110000000001100011011111111111000000000000000000000111111100000000000000000000011111111111111111111111111111111111111111111111111111111111111111111111110
1111111111111111111111111111111111111111111100000001000000000111100000001000000000000000001100000000110000001111111111000000000100011000001111111010000100000111111111111111111000000000000000000111111111111111111111111111111111111111111111111111111111111111111111111110
1111111111111111111111111111111111111111111100000001000000000111100000011000000000000000001100000000110000011111111111000000000110001000000111111110000100001111111111111111111111000000000000111111111111111111111111111111111111111111111111111111111111111111111111111110
1111111111111111111111111111111111111111111100000111111111111110000000110000000000000000000000000000110011111111111111100000000010001000000111111110000111111111111111111111111111111111111111111111111111111111111111111111111111111111111111111111111111111111111111111110
1111111111111111111111111111111111111111111111111111111111111111111101100000000000000000000000000000010011111111111111100000000011000000000111111110000111111111111111111111111111111111111111111111111111111111111111111111111111111111111111111111111111111111111111111110
1111111111111111111111111111111111111111111111111111111111111111111101000000000000000000000000000000010001111111111111110000000000000000000111111110000111111111111111111111111111111111111111111111111111111111111111111111111111111111111111111111111111111111111111111110
1111111111111111111111111111111111111111111111111111111111111111111101000000000000000000001100000000110001111111111111111000000000000000000011111110000111111111111111111111111111111111111111111111111111111111111111111111111111111111111111111111111111111111111111111110
1111111111111111111111111111111111111111111111111111111111111111111101000000000000000000001100000000110000111111111111111000000000000000000011111110000111111111111111111111111111111111111111111111111111111111111111111111111111111111111111111111111111111111111111111110
1111111111111111111111111111111111111111111111111111111111111111111101000000000000000000001100000000110000111111111111111100000000000000000001111110000111111111111111111111111111111111111111111111111111111111111111111111111111111111111111111111111111111111111111111110
1111111111111111111111111111111111111111111111111111111111111111111101000000000000000000011100000000111000011111111111111100000000000000000000000010000100011111111111111111111111111111111111111111111111111111111111111111111111111111111111111111111111111111111111111110
1111111111111111111111111111111111111111111111111111111111111111111101000000000000000000011100000000111000111111111111111110000000000000000000000010000100001111111111111111111111111111111111111111111111111111111111111111111111111111111111111111111111111111111111111110
1111111111111111111111111111111111111111111111111111111111111111111101100000000000000000011100000000111001111111111111111110000000000000000000000000000000000111111111111111111111111111111111111111111111111111111111111111111111111111111111111111111111111111111111111110
1111111111111111111111111111111111111111111111111111111111111110000001000000000000000000001100000000000001111111111111111111000000000000000000000000000000000011111111111111111111111111111111111111111111111111111111111111111111111111111111111111111111111111111111111110
1111111111111111111111111111111111111111111111111111111111111111111111000000011111111110001100000000000001111111111111111111000000000000000000000000000000000001111111111111111111111111111111111111111111111111111111111111111111111111111111111111111111111111111111111110
1111111111111111111111111111111111111111111111000000000000000000000000000000110000000010001100000000000001111111111111111111100000000000000000000000000000000000111111111111111111111111111111111111111111111111111111111111111111111111111111111111111111111111111111111110
1111111111111111111111111111111111111111111111000000000000000000000000000001100000000010001100000000000001111111111111111100100000000000000000000000000000000000000001111111111111111111111111111111111111111111111111111111111111111111111111111111111111111111111111111110
1111111111111111111111111111111111111111111111000000000000000000000000000011000000000010001000000000000000000011111111110000000000000000000000000000000000000000000000001111111111111111111111111111111111111111111111111111111111111111111111111111111111111111111111111110
1111111111111111111111111111111111111111111111000001000000000000000000000110000000000010001000000000000000000011111111110000000000000000000000000000000000000000000000000001111111111111111111111111111111111111111111111111111111111111111111111111111111111111111111111110
1111111111111111111111111111111111111111111111000000000000000000000000001100111111111110001100000000000000000001111110000000000000000000000000000000000000000000000000000000111111111111111111111111111111111111111111111111111111111111111111111111111111111111111111111110
1111111111111111111111111111111111111111111111100011111100000000000000011000111111111110001100000000110000000001111100000000000000000000000000000000000000000000000000000000011111111111111111111111111111111111111111111111111111111111111111111111111111111111111111111110
1111111111111111111111111111111111111111111111111111111000000000000000010000111111111110001100000000110000000000011000000000000000000000000000000000000000000000000000000000011111111111111111111111111111111111111111111111111111111111111111111111111111111111111111111110
1111111111111111111111111111111111111111111111111111110000000000000000000000111111111111011100000000111000000000000000000000000000000000000000000000000000000000000000000000011111111111111111111111111111111111111111111111111111111111111111111111111111111111111111111110
1111111111111111111111111111111111111111111111111111100000000000000000000000111111111111011100000000111000000000000000000000000000001111111111111111111000000000000000000000011111111111111111111111111111111111111111111111111111111111111111111111111111111111111111111110
1111111111111111111111111111111111111111111111111111000000000000000110000000111111111111011100000000111000000000000000001110000000001111111111111111111000000000000000000000011111111111111111111111111111111111111111111111111111111111111111111111111111111111111111111110
1111111111111111111111111111111111111111111111111100000000000000001100000000111111111111001100000000110000000000000000111111000000001111111111111111111000000000000000000000011111111111111111111111111111111111111111111111111111111111111111111111111111111111111111111110
1111111111111111111111111111111111111111111111111100000000000000011000000000111111111111000100000000110000000000000000111111100000001111111111111111111000000000000000000000011111111111111111111111111111111111111111111111111111111111111111111111111111111111111111111110
1111111111111111111111111111111111111111111111111000000000000000110000000000111111111111001100000000110000000000000000111111100000111111111111111110000000000000000000000000011111111111111111111111111111111111111111111111111111111111111111111111111111111111111111111110
1111111111111111111111111111111111111111111111111000000000000110100000000000111111111111001100000000000000000000000000111111100000111111111111111110000000000000000000000000011111111111111111111111111111111111111111111111111111111111111111111111111111111111111111111110
1111111111111111111111111111111111111111111111110000000000001111100000000000111111111111001000000000000000000000000000011111000000111111111111111110000000000000000000000000011111111111111111111111111111111111111111111111111111111111111111111111111111111111111111111110
1111111111111111111111111111111111111111111111100000000000011111000000000011111111111111001000000000000000000000000000011111000000111111111111111110000000000000000000000000011111111111111111111111111111111111111111111111111111111111111111111111111111111111111111111110
1111111111111111111111111111111111111111111111000000000000011110000000000000111111111111001100000000110000000000000000000000000000001111111111111111111000000000000000000000111111111111111111111111111111111111111111111111111111111111111111111111111111111111111111111110
1111111111111111111111111111111111111111111110000000000000111110000000000000111111111111001100000000110000000000000000000000000000001111111111111111111000000000000000000000111111111111111111111111111111111111111111111111111111111111111111111111111111111111111111111110
1111111111111111111111111111111111111111111100000000000000111100000000000000001111111110001100000000110000000000000000000000000000001111111111111111111000000000000000000000111111111111111111111111111111111111111111111111111111111111111111111111111111111111111111111110
1111111111111111111111111111111111111111111100000000000011111100000000000000001111111110011100000000111000000000000000000000000000001111111111111111111000000000000000000000111111111111111111111111111111111111111111111111111111111111111111111111111111111111111111111110
1111111111111111111111111111111111111111111100000000011111111100000000000000001111111110011100000000111000000000100000000000000000001111111111111100000000000000000000000000111111111111111111111111111111111111111111111111111111111111111111111111111111111111111111111110
1111111111111111111111111111111111111111111100000000111111111100000000000000000000001100011100000000111000000000100000000000000000001111111111111100000000000000000000000011111111111111111111111111111111111111111111111111111111111111111111111111111111111111111111111110
1111111111111111111111111111111111111111111110000001111111111111111111111111000000001100001100000000110000000011111111111100000000011111111111111100000000000000000000001111111111111111111111111111111111111111111111111111111111111111111111111111111111111111111111111110
1111111111111111111111111111111111111111111111000011111111111111111111111111110000001000001100000000110000001111111111111100000000111111111111111111110000000000000000001111111111111111111111111111111111111111111111111111111111111111111111111111111111111111111111111110
1111111111111111111111111111111111111111111111111111111111111111111111111111111111111000001100000000110000001111111111111100000001111111111111111111111000000000000001111111111111111111111111111111111111111111111111111111111111111111111111111111111111111111111111111110
1111111111111111111111111111111111111111111111111111111111111111111111111111110000000000001100000000110000001111111111111100000011111111111111111111111110000000000001111111111111111111111111111111111111111111111111111111111111111111111111111111111111111111111111111110
1111111111111111111111111111111111111111111111111111111111111111111111111111110000000000001100000000110000001111111111111100001111111111111111111111111110000000111111111111111111111111111111111111111111111111111111111111111111111111111111111111111111111111111111111110
1111111111111111111111111111111111111111111111111111111111111111111111111111110000000000001100000000110000001111111111111100011111111111111111111111111111111111111111111111111111111111111111111111111111111111111111111111111111111111111111111111111111111111111111111110
1111111111111111111111111111111111111111111111111111111111111111111111111111110000000000001100000000110000001111111111111100011111111111111111111111111111111111111111111111111111111111111111111111111111111111111111111111111111111111111111111111111111111111111111111110
1111111111111111111111111111111111111111111111111111111111111111111111111111111100000000001100000000110000000011111111111100111111111111111111111111111111111111111111111111111111111111111111111111111111111111111111111111111111111111111111111111111111111111111111111110
1111111111111111111111111111111111111111111111111111111111111111111111111111111111111000001100000000110000000000000000000001111111111111111111111111111111111111111111111111111111111111111111111111111111111111111111111111111111111111111111111111111111111111111111111110
1111111111111111111111111111111111111111111111111111111111111111111111111111111111111100011100000000111000000000000000000111111111111111111111111111111111111111111111111111111111111111111111111111111111111111111111111111111111111111111111111111111111111111111111111110
1111111111111111111111111111111111111111111111111111111111111111111111111111111111111100011100000000111000000000111111111111111111111111111111111111111111111111111111111111111111111111111111111111111111111111111111111111111111111111111111111111111111111111111111111110
1111111111111111111111111111111111111111111111111111111111111111111111111111111111111100011100000000111000000000111111111111111111111111111111111111111111111111111111111111111111111111111111111111111111111111111111111111111111111111111111111111111111111111111111111110
1111111111111111111111111111111111111111111111111111111111111111111111111111111111111100001100000000110000000000011111111111111111111111111111111111111111111111111111111111111111111111111111111111111111111111111111111111111111111111111111111111111111111111111111111110
1111111111111111111111111111111111111111111111111111111111111111111111111111111111111100001100000000110000000000011111111111111111111111111111111111111111111111111111111111111111111111111111111111111111111111111111111111111111111111111111111111111111111111111111111110
1111111111111111111111111111111111111111111111111111111111111111111111111111111111111100001100000000110000000000011111111111111111111111111111111111111111111111111111111111111111111111111111111111111111111111111111111111111111111111111111111111111111111111111111111110
1111111111111111111111111111111111111111111111111111111111111111111111111111111111111100001100000000110000000000011111111111111111111111111111111111111111111111111111111111111111111111111111111111111111111111111111111111111111111111111111111111111111111111111111111110
1111111111111111111111111111111111111111111111111111111111111111111111111111111111111110001000000000010000000000011111111111111111111111111111111111111111111111111111111111111111111111111111111111111111111111111111111111111111111111111111111111111111111111111111111110
1111111111111111111111111111111111111111111111111111111111111111111111111111111111111110001000000000010000000000011111111111111111111111111111111111111111111111111111111111111111111111111111111111111111111111111111111111111111111111111111111111111111111111111111111110
1111111111111111111111111111111111111111111111111111111111111111111111111111111111111110001100000000110011000011111111111111111111111111111111111111111111111111111111111111111111111111111111111111111111111111111111111111111111111111111111111111111111111111111111111110
1111111111111111111111111111111111111111111111111111111111111111111111111111111111111110001100000000110011000011111111111111111111111111111111111111111111111111111111111111111111111111111111111111111111111111111111111111111111111111111111111111111111111111111111111110
1111111111111111111111111111111111111111111111111111111111111111111111111111111111111110001100000000110000100100011111111111111111111111111111111111111111111111111111111111111111111111111111111111111111111111111111111111111111111111111111111111111111111111111111111110
1111111111111111111111111111111111111111111111111111111111111111111111111111111111111110011100000000111000100100011111111111111111111111111111111111111111111111111111111111111111111111111111111111111111111111111111111111111111111111111111111111111111111111111111111110
1111111111111111111111111111111111111111111111111111111111111111111111111111111111111110011100000000111000100100011111111111111111111111111111111111111111111111111111111111111111111111111111111111111111111111111111111111111111111111111111111111111111111111111111111110
1111111111111111111111111111111111111111111111111111111111111111111111111111111111111110011100000000111000100100011111111111111111111111111111111111111111111111111111111111111111111111111111111111111111111111111111111111111111111111111111111111111111111111111111111110
1111111111111111111111111111111111111111111111111111111111111111111111111111111111111110000000000000000000000000011111111111111111111111111111111111111111111111111111111111111111111111111111111111111111111111111111111111111111111111111111111111111111111111111111111110
1111111111111111111111111111111111111111111111111111111111111111111111111111111111111110111000000000011100000000011111111111111111111111111111111111111111111111111111111111111111111111111111111111111111111111111111111111111111111111111111111111111111111111111111111110
1111111111111111111111111111111111111111111111111111111111111111111111111111111111111111111111111111111111111111111111111111111111111111111111111111111111111111111111111111111111111111111111111111111111111111111111111111111111111111111111111111111111111111111111111110
1111111111111111111111111111111111111111111111111111111111111111111111111111111111111111111111111111111111111111111111111111111111111111111111111111111111111111111111111111111111111111111111111111111111111111111111111111111111111111111111111111111111111111111111111110
1111111111111111111111111111111111111111111111111111111111111111111111111111111111111111111111111111111111111111111111111111111111111111111111111111111111111111111111111111111111111111111111111111111111111111111111111111111111111111111111111111111111111111111111111110
1111111111111111111111111111111111111111111111111111111111111111111111111111111111111111111111111111111111111111111111111111111111111111111111111111111111111111111111111111111111111111111111111111111111111111111111111111111111111111111111111111111111111111111111111110
1111111111111111111111111111111111111111111111111111111111111111111111111111111111111111111111111111111111111111111111111111111111111111111111111111111111111111111111111111111111111111111111111111111111111111111111111111111111111111111111111111111111111111111111111110
1111111111111111111111111111111111111111111111111111111111111111111111111111111111111111111111111111111111111111111111111111111111111111111111111111111111111111111111111111111111111111111111111111111111111111111111111111111111111111111111111111111111111111111111111110
1111111111111111111111111111111111111111111111111111111111111111111111111111111111111111111111111111111111111111111111111111111111111111111111111111111111111111111111111111111111111111111111111111111111111111111111111111111111111111111111111111111111111111111111111110
1111111111111111111111111111111111111111111111111111111111111111111111111111111111111111111111111111111111111111111111111111111111111111111111111111111111111111111111111111111111111111111111111111111111111111111111111111111111111111111111111111111111111111111111111110
1111111111111111111111111111111111111111111111111111111111111111111111111111111111111111111111111111111111111111111111111111111111111111111111111111111111111111111111111111111111111111111111111111111111111111111111111111111111111111111111111111111111111111111111111110
1111111111111111111111111111111111111111111111111111111111111111111111111111111111111111111111111111111111111111111111111111111111111111111111111111111111111111111111111111111111111111111111111111111111111111111111111111111111111111111111111111111111111111111111111110
1111111111111111111111111111111111111111111111111111111111111111111111111111111111111111111111111111111111111111111111111111111111111111111111111111111111111111111111111111111111111111111111111111111111111111111111111111111111111111111111111111111111111111111111111110
1111111111111111111111111111111111111111111111111111111111111111111111111111111111111111111111111111111111111111111111111111111111111111111111111111111111111111111111111111111111111111111111111111111111111111111111111111111111111111111111111111111111111111111111111110
1111111111111111111111111111111111111111111111111111111111111111111111111111111111111111111111111111111111111111111111111111111111111111111111111111111111111111111111111111111111111111111111111111111111111111111111111111111111111111111111111111111111111111111111111110
1111111111111111111111111111111111111111111111111111111111111111111111111111111111111111111111111111111111111111111111111111111111111111111111111111111111111111111111111111111111111111111111111111111111111111111111111111111111111111111111111111111111111111111111111110
1111111111111111111111111111111111111111111111111111111111111111111111111111111111111111111111111111111111111111111111111111111111111111111111111111111111111111111111111111111111111111111111111111111111111111111111111111111111111111111111111111111111111111111111111110
1111111111111111111111111111111111111111111111111111111111111111111111111111111111111111111111111111111111111111111111111111111111111111111111111111111111111111111111111111111111111111111111111111111111111111111111111111111111111111111111111111111111111111111111111110
1111111111111111111111111111111111111111111111111111111111111111111111111111111111111111111111111111111111111111111111111111111111111111111111111111111111111111111111111111111111111111111111111111111111111111111111111111111111111111111111111111111111111111111111111110
1111111111111111111111111111111111111111111111111111111111111111111111111111111111111111111111111111111111111111111111111111111111111111111111111111111111111111111111111111111111111111111111111111111111111111111111111111111111111111111111111111111111111111111111111110
1111111111111111111111111111111111111111111111111111111111111111111111111111111111111111111111111111111111111111111111111111111111111111111111111111111111111111111111111111111111111111111111111111111111111111111111111111111111111111111111111111111111111111111111111110
1111111111111111111111111111111111111111111111111111111111111111111111111111111111111111111111111111111111111111111111111111111111111111111111111111111111111111111111111111111111111111111111111111111111111111111111111111111111111111111111111111111111111111111111111110
1111111111111111111111111111111111111111111111111111111111111111111111111111111111111111111111111111111111111111111111111111111111111111111111111111111111111111111111111111111111111111111111111111111111111111111111111111111111111111111111111111111111111111111111111110
1111111111111111111111111111111111111111111111111111111111111111111111111111111111111111111111111111111111111111111111111111111111111111111111111111111111111111111111111111111111111111111111111111111111111111111111111111111111111111111111111111111111111111111111111110
1111111111111111111111111111111111111111111111111111111111111111111111111111111111111111111111111111111111111111111111111111111111111111111111111111111111111111111111111111111111111111111111111111111111111111111111111111111111111111111111111111111111111111111111111110
1111111111111111111111111111111111111111111111111111111111111111111111111111111111111111111111111111111111111111111111111111111111111111111111111111111111111111111111111111111111111111111111111111111111111111111111111111111111111111111111111111111111111111111111111110
1111111111111111111111111111111111111111111111111111111111111111111111111111111111111111111111111111111111111111111111111111111111111111111111111111111111111111111111111111111111111111111111111111111111111111111111111111111111111111111111111111111111111111111111111110
1111111111111111111111111111111111111111111111111111111111111111111111111111111111111111111111111111111111111111111111111111111111111111111111111111111111111111111111111111111111111111111111111111111111111111111111111111111111111111111111111111111111111111111111111110
1111111111111111111111111111111111111111111111111111111111111111111111111111111111111111111111111111111111111111111111111111111111111111111111111111111111111111111111111111111111111111111111111111111111111111111111111111111111111111111111111111111111111111111111111110
1111111111111111111111111111111111111111111111111111111111111111111111111111111111111111111111111111111111111111111111111111111111111111111111111111111111111111111111111111111111111111111111111111111111111111111111111111111111111111111111111111111111111111111111111110
1111111111111111111111111111111111111111111111111111111111111111111111111111111111111111111111111111111111111111111111111111111111111111111111111111111111111111111111111111111111111111111111111111111111111111111111111111111111111111111111111111111111111111111111111110
1111111111111111111111111111111111111111111111111111111111111111111111111111111111111111111111111111111111111111111111111111111111111111111111111111111111111111111111111111111111111111111111111111111111111111111111111111111111111111111111111111111111111111111111111110
1111111111111111111111111111111111111111111111111111111111111111111111111111111111111111111111111111111111111111111111111111111111111111111111111111111111111111111111111111111111111111111111111111111111111111111111111111111111111111111111111111111111111111111111111110
1111111111111111111111111111111111111111111111111111111111111111111111111111111111111111111111111111111111111111111111111111111111111111111111111111111111111111111111111111111111111111111111111111111111111111111111111111111111111111111111111111111111111111111111111110
