000000000000000000000000000000000000000000000000000000000000000000000000000000000000000000000000000000000000000000000000000000000000000000000000000000000000000000000000000000000000000000000000000000000000000000000000000000000000000000000000000000000000000000000000000000000000000000000000000000000000
111111111111111111111111111111111111111111111111111111111111111111111111111111111111111111111111111111111111111111111111111111111111111111111111111111111111111111111111111111111111111111111111111111111111111111111111111111111111111111111111111111111111111111111111111111111111111111111111111111111110
111111111111111111111111111111111111111111111111111111111111111111111111111111111111111111111111111111111111111111111111111111111111111111111111111111111111111111111111111111111111111111111111111111111111111111111111111111111111111111111111111111111111111111111111111111111111111111111111111111111110
111111111111111111111111111111111111111111111111111111111111111111111111111111111111111111111111111111111111111111111111111111111111111111111111111111111111111111111111111111111111111111111111111111111111111111111111111111111111111111111111111111111111111111111111111111111111111111111111111111111110
111111111111111111111111111111111111111111111111111111111111111111111111111111111111111111111111111111111111111111111111111111111111111111111111111111111111111111111111111111111111111111111111111111111111111111111111111111111111111111111111111111111111111111111111111111111111111111111111111111111110
111111111111111111111111111111111111111111111111111111111111111111111111111111111111111111111111111111111111111111111111111111111111111111111111111111111111111111111111111111111111111111111111111111111111111111111111111111111111111111111111111111111111111111111111111111111111111111111111111111111110
111111111111111111111111111111111111111111111111111111111111111111111111111111111111111111111111111111111111111111111111111111111111111111111111111111111111111111111111111111111111111111111111111111111111111111111111111111111111111111111111111111111111111111111111111111111111111111111111111111111110
111111111111111111111111111111111111111111111111111111111111111111111111111111111111111111111111111111111111111111111111111111111111111111111111111111111111111111111111111111111111111111111111111111111111111111111111111111111111111111111111111111111111111111111111111111111111111111111111111111111110
111111111111111111111111111111111111111111111111111111111111111111111111111111111111111111111111111111111111111111111111111111111111111111111111111111111111111111111111111111111111111111111111111111111111111111111111111111111111111111111111111111111111111111111111111111111111111111111111111111111110
111111111111111111111111111111111111111111111111111111111111111111111111111111111111111111111111111111111111111111111111111111111111111111111111111111111111111111111111111111111111111111111111111111111111111111111111111111111111111111111111111111111111111111111111111111111111111111111111111111111110
111111111111111111111111111111111111000000000000001111111111111111111111111111111100011100500000000000000000000000000000000000000000000000000000000000000011000000000000000000000000000111000000001111111111111111111111111111111111000000000001111111111111111111111111111111111111111111111111111111111110
111111111111111111111111111111111111000000000001111111111111111111111111111111111100011105500000000000000000000000000000000000000000000000000000000000000011001500000000000000500000001111000000001111111111111111111111111111111111000000000011111111111111111111111111111111111111111111111111111111111110
111111111111111111111111111111111100000000000011111111111111111111111111111111111100011500000000000000000000000000000000000000000000550000000000000000000000011500000000000000550000001111000000001111111111111111111111111111111100000000000011111111111111111111111111111111111111111111111111111111111110
111111111111111111111111111111111100000000000011111111111111111111111111111111111100000500000000000000000000005500000000000000000000050000000000000000000000000000000000000000000000000000000000001111111111111111111111111111111100000000000055001111111111111111111111111111111111111111111111111111111110
111111111111111111111111111111111100000000000001101111111111111111111111111111111000000000000000000000000000005000000000000000000000000000000115000000000000000000000000000000000000000000000000001111111111111111111111111111111100000000000000000111111111111111111111111111111111111111111111111111111110
111111111111111111111111111111111100000000000000001111111111111111111111111111111000000000000000000000000000005500000000000000000000000000001115000000000000000000000000000000000000000000000000001111111111111111111111111111111000000000000000000111111111111111111111111111111111111111111111111111111110
111111111111111111111111111111111000000000000000000111111111111111111111111111110000000000000000000000000000000500000000000000000000000000001111000000000000000000000000000000005500000000110000000111111111111111111111111111110000000000000000000001111111111111111111111111111111111111111111111111111110
111111111111111111111111111111110000000000000000000000000000000000000000000000000000000000000000000000000000000000000000000000000000000000000111000000000000000000000000000000000000000000110000000011111111111000000000000000000000000000000000000000000000000000001111111111111111111111111111111111111110
111111111111111111111111110000000000000001000000000000000000000000000000000000000111111111111110000000000000000000000111111111111111111111111111000000000000111111111111111111111111111111111110000000000000000000000000000000000001111111111111111000000000000000000000000000000000000011111111111111111110
111111111111111111111111110000000000000011500000000000000000111111111111111111111111111111111111000000000000000000001111111111111111111111111111000000000001111111111111111111111111111111111111000000000000000000001111111111111111111111111111111111111111111100000000000000000000000011111111111111111110
111111111111111111111111110000000000000050500000000000000011111111111111111111111111111111111111100000000000000000011111111111111111111111111111100000000011111111111111111111111111111111111111100000000000000000011111111111111111111111111111111111111111111110000000000000000055500000111111111111111110
111111111111111111111111110000000000000000000000000000000011111111111111111111111111111111111111110000000000000000111111111111111111111111111111110000000011111111111111111111111111111111111111110000000000000000111111111111111111111111111111111111111111111111000000000000000000550000111111111111111110
111111111111111111111111110000000000000000000000000000000011111111111111111111111111111111111111110000000000000000111111111111111111111111111111110000000011111111111111111111111111111111111111110111100000000000111111111111111111111111111111111111111111111111000000000000000000000000111111111111111110
111111111111111111111111110000000000000000000000000000000011111111111111111111111111111111111111110000000000000050111111111111111111111111111111110000050011111111111111111111111111111111111111110111100000000150111111111111111111111111111111111111111111111111000000000000000000000000111111111111111110
111111111111111111111111100000000000000000000000000000550011111111111111111111111111111111111111110000000000000150111111111111111111111111111111110000055011111111111111111111111111111111111111110111110000001150111111111111111111111111111111111111111111111111000000000000000000000000011111111111111110
111111111111111111111111000000000000000000000000000000000011111111111111111111111111111111111111110000000000000000111111111111111111111111111111110000005511111111111111111111111111111111111111110111110000000000111111111111111111111111111111111111111111111111000000000000000000000000001111111111111110
111111111111111111000000000000000000000000000000000001111111111111111111111111111111111111111111110000000000111111111111111111111111111111111111110000000011111111111111111111111111111111111111111111111111111111111111111111111111111111111111111111111111111111000000000000000000000000000000001111111110
111111111111111111000000000000000000000000000000000111111111111111111111111111111111111111111111110111000001111111111111111111111111111111111111110000000011111111111111111111111111111111111111111111111111111111111111111111111111111111111111111111111111111111000000000000000000000000000000001111111110
111111111111111111000000000000000000000000000000000111111111111111111111111111111111111111111111110111000011111111111111111111111111111111111111110000000011111111111111111111111111111111111111111111111111111111111111111111111111111111111111111111111111111111000000000000000000000000000000001111111110
111111111111111111000000000000000000000000000000001111111111111111111111111111111111111111111111110111000011111111111111111111111111111111111111110000000011111111111111111111111111111111111111111111111111111111111111111111111111111111111111111111111111111111000000000000000000000000000000001111111110
111111111111111111000000000000000000000000000000001111111111111111111111111111111111111111111111110000000011111111111111111111111111111111111111110000000011111111111111111111111111111111111111111111111111111111111111111111111111111111111111111111111111111111005550000000000111500000000000001111111110
111111111111111111000000000000000000000000000000001111111111111111111111111111111111111111111111110000000011111111111111111111111111111111111111110000000011111111111111111111111111111111111111111111111111111111111111111111111111111111111111111111111111111111005500000000001111550000000000001111111110
111111111111111111015000000000000000000000000000111111111111111111111111111111111111111111111111110000001111111111111111111111111111111111111111110000000011111111111111111111111111111111111111111111111111111111111111111111111111111111111111111111111111111111000000000000001111000000000000001111111110
111111111111111111015000000000000000000000000000111111111111111111111111111111111111111111111111110000001111111111111111111111111111111111111111110000000011111111111111111111111111111111111111111111111111111111111111111111111111111111111111111111111111111111000000000000000111000000000000001111111110
111111111111111111000000000000000000000000001111111111111111111111111111111111111111111111111111111111111111111111111111111111111111111111111111110000000011111111111111111111111111111111111111111111111111111111111111111111111111111111111111111111111111111111111110000000000000000000000000001111111110
111111111111111111000000000000000000000050011111111111111111111111111111111111111111111111111111111111111111111111111111111111111111111111111111110000001111111111111111111111111111111111111111111111111111111111111111111111111111111111111111111111111111111111111111000000000000000000000000001111111110
111111111111111111000055000000000000000550011111111111111111111111111111111111111111111111111111111111111111111111111111111111111111111111111111110000011111111111111111111111111111111111111111111111111111111111111111111111111111111111111111111111111111111111111111100000000000000000000000001111111110
111111111111111111000000000000000011100500111111111111111111111111111111111111111111111111111111111111111111111111111111111111111111111111111111110000011111111111111111111111111111111111111111111111111111111111111111111111111111111111111111111111111111111111111111110000000000000000000000001111111110
111111111111111111055000000000000111100000111111111111111111111111111111111111111111111111111111111111111111111111111111111111111111111111111111110000011111111111111111111111111111111111111111111111111111111111111111111111111111111111111111111111111111111111111111110000000000000000000000001111111110
111111111111111111000000000000000111105000111111111111111111111111111111111111111111111111111111111111111111111111111111111111111111111111111111110000000011111111111111111111111111111111111111111111111111111111111111111111111111111111111111111111111111111111111111110000000000000000000000001111111110
111111111111111111000000000000000011005000111111111111111111111111111111111111111111111111111111111111111111111111111111111111111111111111111111110000550011111111111111111111111111111111111111111111111111111111111111111111111111111111111111111111111111111111111111110000000000000000000000001111111110
111111111111111111000000000000000000000000111111111111111111111111111111111111111111111111111111111111111111111111111111111111111111111111111111110000550011111111111111111111111111111111111111111111111111111111111111111111111111111111111111111111111111111111111111110000000000000000000000001111111110
111111111111111111000000000001111111111111111111111111111111111111111111111111111111111111111111111111111111111111111111111111111111111111111111110000000011111111111111111111111111111111111111111111111111111111111111111111111111111111111111111111111111111111111111110000000000000000000000001111111110
111111111111111111000000000011111111111111111111111111111111111111111111111111111111111111111111111111111111111111111111111111111111111111111111110000000011111111111111111111111111111111111111111111111111111111111111111111111111111111111111111111111111111111111111110000000000000000000000001111111110
111111111111111111000000000111111111111111111111111111111111111111111111111111111111111111111111111111111111111111111111111111111111111111111111110000000011111111111111111111111111111111111111111111111111111111111111111111111111111111111111111111111111111111111111110000000000000000000000001111111110
111111111111111111000000001111111111111111111111111111111111111111111111111111111111111111111111111111111111111111111111111111111111111111111111110000000011111111111111111111111111111111111111111111111111111111111111111111111111111111111111111111111111111111111111110000000000000000000011001111111110
111111111111111111000000001111111111111111111111111111111111111111111111111111111111111111111111111111111111111111111111111111111111111111111111110000000011111111111111111111111111111111111111111111111111111111111111111111111111111111111111111111111111111111111111110000005000000000000111101111111110
111111111111111111000000001111111111111111111111111111111111111111111111111111111111111111111111111111111111111111111111111111111111111111111111110000000001111111111111111111111111111111111111111111111111111111111111111111111111111111111111111111111111111111111111110000055500000000005111101111111110
111111111111111110000000001111111111111111111111111111111111111111111111111111111111111111111111111111111111111111111111111111111111111111111111110550000000111111111111111111111111111111111111111111111111111111111111111111111111111111111111111111111111111111111111111100000000000000005501101111111110
111111111111111110000000001111111111111111111111111111111111111111111111111111111111111111111111111111111111111111111111111111111111111111111111110055500000011111111111111111111111111111111111111111111111111111111111111111111111111111111111111111111111111111111111111100000000000000000000001111111110
111111111111111110000000111111111111111111111111111111111111111111111111111111111111111111111111111111111111111111111111111111111111111111111111110005000000000000111111111111111111111111111111111111111111111111111111111111111111111111111111111111111111111111111111111111110000000000001111111111111110
111111111111111110001111111111111111111111111111111111111111111111111111111111111111111111111111111111111111111111111111111111111111111111111111110000000000000000111111111111111111111111111111111111111111111111111111111111111111111111111111111111111111111111111111111111111000000000011111111111111110
111111111111111110001111111111111111111111111111111111111111111111111111111111111111111111111111111111111111111111111111111111111111111111111111110000000000000000111111111111111111111111111111111111111111111111111111111111111111111111111111111111111111111111111111111111111100000000111111111111111110
111111111111111110011111111111111111111111111111111111111111111111111111111111111111111111111111111111111111111111111111111111111111111111111111100000000000000000111111111111111111111111111111111111111111111111111111111111111111111111111111111111111111111111111111111111111100000000111111111111111110
111111111111111110011111111111111111111111111111111111111111111111111111111111111111111111111111111111111111111111111111111111111111111111111111100000000000000000111111111111111111111111111111111111111111111111111111111111111111111111111111111111111111111111111111111111111100000000111111111111111110
111111111111111100011111111111111111111111111111111111111111111111111111111111111111111111111111111111111111111111111111111111111111111111111111100000000000000000111111111111111111111111111111111111111111111111111111111111111111111111111111111111111111111111111111111111111100000000111111111111111110
111111111111111100011111111111111111111111111111111111111111111111111111111111111111111111111111111111111111111111111111111111111111111111111111000000000000000000011111111111111111111111111111111111111111111111111111111111111111111111111111111111111111111111111111111111111100000000111111111111111110
111111111111110000011111111111111111111111111111111111111111111111111111111111111111111111111111111111111111111111111111111111111111111111100000000000000000000000001111111111111111111111111111111111111111111111111111111111111111111111111111111111111111111111111111111111111100000000111111111111111110
111111111100000000011111111111111111111111111111111111111111111111111111111111111111111111111111111111111100000000000050000000000001100000000000001111111111111000000500000000000000000000111111111111111111111111111111111111111111111111111111111111111111111111111111111111111100000000111111111111111110
111111111100000000011111111111111111111111111111111111111111111111111111111111111111111111111111111111111100000000000050000000000011110000000111111111111111111100000000000000000000000000111111111111111111111111111111111111111111111111111111111111111111111111111111111111111100000000111111111111111110
111111111100000000011111111111111111111111111111111111111111111111111111111111111111111111111111111111111100000000000000000000000011110000001111111111111111111110000000000000000000000000111111111111111111111111111111111111111111111111111111111111111111111111111111111111111100000000111111111111111110
111111111100050000111111111111111111111111111111111111111111111111111111111111111111111111111111111111111100000000000000000000000011100000011111111111111111111111011100000000000000000000111111111111111111111111111111111111111111111111111111111111111111111111111111111111111100000000111111111111111110
111111111111150000111111111111111111111111111111111111111111111111111111111111111111111111111111111111111000000000000000000000000000000000011111111111111111111111111110000000000000000000111111111111111111111111111111111111111111111111111111111111111111111111111111111111111100000111111111111111111110
111111111111110000111111111111111111111111111111111111111111111111111111111111111111111111111111111111110000000000000000000055000000000000011111111111111111111111111110000000000000000000111111111111111111111111111111111111111111111111111111111111111111111111111111111111111100001111111111111111111110
111111111111100000111111111111111111111111111111111111111111111111111111111111111111111111111111111111000000000000000000000055000000000000111111111111111111111111001110000000005500000000011111111111111111111111111111111111111111111111111111111111111111111111111111111111111100001111111111111111111110
111111111111000000111111111111111111111111111111111111111111111111111111111111111111111111111111111100000000011100000000000050000000000000111111111111111111111111000000000000000000000000001111111111111111111111111111111111111111111111111111111111111111111111111111111111111100000111111111111111111110
111111111111000000111111111111111111111111111111111111111111111111111111111111111111111111000000000000000011111111111111111111111111111111111111111111111111111111111111111111111111111100000055000000000011111111111111111111111111111111111111111111111111111111111111111111111100000000111111111111111110
111111111100000000111111111111111111111111111111111111111111111111111111111111111111111111000000000000011111111111111111111111111111111111111111111111111111111111111111111111111111111110000005000000001111111111111111111111111111111111111111111111111111111111111111111111111100000000111111111111111110
111111111100000000111111111111111111111111111111111111111111111111111111111111111111111111111000000011111111111111111111111111111111111111111111111111111111111111111111111111111111111111000000000000001111111111111111111111111111111111111111111111111111111111111111111111111100000050111111111111111110
111111111100000000111111111111111111111111111111111111111111111111111111111111111111111111111000000111111111111111111111111111111111111111111111111111111111111111111111111111111111111111000000000000001111111111111111111111111111111111111111111111111111111111111111111111111100000550111111111111111110
111111111100000011111111111111111111111111111111111111111111111111111111111111111111111111111000000111111111111111111111111111111111111111111111111111111111111111111111111111111111111111000000000550001111111111111111111111111111111111111111111111111111111111111111111111111100000000111111111111111110
111111111100000011111111111111111111111111111111111111111111111111111111111111111111111111100000001111111111111111111111111111111111111111111111111111111111111111111111111111111111111111000000005111000011111111111111111111111111111111111111111111111111111111111111111111111000000000111111111111111110
111111111105500011111111111111111111111111111111111111111111111111111111111111111111111110000000551111111111111111111111111111111111111111111111111111111111111111111111111111111111111111000000005111000001111111111111111111111111111111111111111111111111111111111111111111111000000000111111111111111110
111111111100000011111111111111111111111111111111111111111111111111111111111111111111111100000000001111111111111111111111111111111111111111111111111111111111111111111111111111111111111111000000000111000000111111111111111111111111111111111111111111111111111111111111111111111000000000111111111111111110
111111111100000000111111111111111111111111111111111111111111111111111111110000000000000000001111111111111111111111111111111111111111111111111111111111111111111111111111111111111111111111111111111111110000000000111111111111111111111111111111111111111111111111111111111111111000011111111111111111111110
111111111100000000111111111111111111111111111111111111111111111111111111110000000000000000011111111111111111111111111111111111111111111111111111111111111111111111111111111111111111111111111111111111111000000000111111111111111111111111111111111111111111111111111111111111111000111111111111111111111110
111111111100000000111111111111111111111111111111111111111111111111111111110000001100000000111111111111111111111111111111111111111111111111111111111111111111111111111111111111111111111111111111111111111100000000111111111111111111111111111111111111111111111111111111111111111001111111111111111111111110
111111111100000000111111111111111111111111111111111111111111111111111111110000001100000000111111111111111111111111111111111111111111111111111111111111111111111111111111111111111111111111111111111111111100000000111111111111111111111111111111111111111111111111111111111111111001111111111111111111111110
111111111100000000111111111111111111111111111111111111111111111111111111110000000000000000111111111111111111111111111111111111111111111111111111111111111111111111111111111111111111111111111111111111111105500000111111111111111111111111111111111111111111111111111111111111111001111111111111111111111110
111111111100000000111111111111111111111111111111111111111111111111111111110000000000000000111111111111111111111111111111111111111111111111111111111111111111111111111111111111111111111111111111111111111155000000111111111111111111111111111111111111111111111111111111111111111001111111111111111111111110
111111111100000000111111111111111111111111111111111111111111111111111111110000000000000000111111111111111111111111111111111111111111111111111111111111111111111111111111111111111111111111111111111111111100000000011111111111111111111111111111111111111111111111111111111111111001111111111111111111111110
111111111100000000111111111111111111111111111111111111111111111111111111115500000000000000111111111111111111111111111111111111111111111111111111111111111111111111111111111111111111111111111111111111111100000000001111111111111111111111111111111111111111111111111111111111111001111111111111111111111110
111111111100000000111111111111111111111111111111111111111111111111111111110000000000111111111111111111111111111111111111111111111111111111111111111111111111111111111111111111111111111111111111111111111111111000000000001111111111111111111111111111111111111111111111111111111001111111111111111111111110
111111111100000000111111111111111111111111111111111111111111111111111111110000000001111111111111111111111111111111111111111111111111111111111111111111111111111111111111111111111111111111111111111111111111111100000000001111111111111111111111111111111111111111111111111111111001111111111111111111111110
111111111100000000111111111111111111111111111111111111111111111111111111110000000011111111111111111111111111111111111111111111111111111111111111111111111111111111111111111111111111111111111111111111111111111110000000001111111111111111111111111111111111111111111111111111111001111111111111111111111110
111111111100000000111111111111111111111111111111111111111111111111111111110000000011111111111111111111111111111111111111111111111111111111111111111111111111111111111111111111111111111111111111111111111111111110000000001111111111111111111111111111111111111111111111111111111001111111111111111111111110
111111111100000000111111111111111111111111111111111111111111111111111111110000111011111111111111111111111111111111111111111111111111111111111111111111111111111111111111111111111111111111111111111111111111111110000000001111111111111111111111111111111111111111111111111111111001111111111111111111111110
111111111100000000111111111111111111111111111111111111111111111111111111100000111011111111111111111111111111111111111111111111111111111111111111111111111111111111111111111111111111111111111111111111111111111110000000001111111111111111111111111111111111111111111111111111111001111111111111111111111110
111111111100000000111111111111111111111111111111111111111111111111111111000000111011111111111111111111111111111111111111111111111111111111111111111111111111111111111111111111111111111111111111111111111111111110005500000111111111111111111111111111111111111111111111111111111001111111111111111111111110
111111111100000000111111111111111111111111111111111111111111111111111110000000000011111111111111111111111111111111111111111111111111111111111111111111111111111111111111111111111111111111111111111111111111111110005500000011111111111111111111111111111111111111111111111111111001111111111111111111111110
111111111100000111111111111111111111111111111111111111111111111111000000000011111111111111111111111111111111111111111111111111111111111111111111111111111111111111111111111111111111111111111111111111111111111111111110000000000011111111111111111111111111111111111111111111111001111111111111111111111110
111111111100000111111111111111111111111111111111111111111111111111000000000111111111111111111111111111111111111111111111111111111111111111111111111111111111111111111111111111111111111111111111111111111111111111111111000000110011111111111111111111111111111111111111111111111001111111111111111111111110
111111111100000111111111111111111111111111111111111111111111111111000000001111111111111111111111111111111111111111111111111111111111111111111111111111111111111111111111111111111111111111111111111111111111111111111111100001111011111111111111111111111111111111111111111111111001111111111111111111111110
111111111100000011111111111111111111111111111111111111111111111111000000001111111111111111111111111111111111111111111111111111111111111111111111111111111111111111111111111111111111111111111111111111111111111111111111110001111011111111111111111111111111111111111111111111111001111111111111111111111110
111111111100000011111111111111111111111111111111111111111111111111000000001111111111111111111111111111111111111111111111111111111111111111111111111111111111111111111111111111111111111111111111111111111111111111111111110000110011111111111111111111111111111111111111111111111001111111111111111111111110
111111111100000000111111111111111111111111111111111111111111111111000000001111111111111111111111111111111111111111111111111111111111111111111111111111111111111111111111111111111111111111111111111111111111111111111111110000000011111111111111111111111111111111111111111111111001111111111111111111111110
111111111155000000111111111111111111111111111111111111111111111111000000001111111111111111111111111111111111111111111111111111111111111111111111111111111111111111111111111111111111111111111111111111111111111111111111110000000011111111111111111111111111111111111111111111110000111111111111111111111110
111111111101100000111111111111111111111111111111111111111111111111000000001111111111111111111111111111111111111111111111111111111111111111111111111111111111111111111111111111111111111111100111111111111111111111111111110000000011111111111111111111111111111111111111111111100000011111111111111111111110
111111111100000000111111111111111111111111111111111111111111111111005500001111111111111111111111110000000011111111111111111111111111111111111111111111111111111111111111111111111100000110000111111111111111111111111111110000000011111111111111111111111111111111111111110000000000000011111111111111111110
111111111100000000111111111111111111111111111111111111111111111111111000001111111111111111111111110000000011111111111111111111111111111111111111111111111111111111111111111111111100000010001111111111111111111111111111110000000011111111111111111111111111111111111111110000000000000011111111111111111110
111111111100000000111111111111111111111111111111111111111111111111111000001111111111111111111111111101100011111111111111111111111111111111111111111111111111111111111111111111111100000000011111111111111111111111111111110000000011111111111111111111111111111111111111110000000000000000111111111111111110
111111111100000000111111111111111111111111111111111111111111111111110000001111111111111111111111111111100011111111111111111111111111111111111111111111111111111111111111111111111100000000011111111111111111111111111111110000000011111111111111111111111111111111111111110000000000000000111111111111111110
111111111100000000111111111111111111111111111111111111111111111111110000001111111111111111111111110000000011111111111111111111111111111111111111111111111111111111111111111111111111000000111111111111111111111111111111110000000011111111111111111111111111111111111111110000000000000000111111111111111110
111111111100000000111111111111111111111111111111111111111111111111000000001111111111111111111111110000000011111111111111111111111111111111111111111111111111111111111111111111111111000000111111111111111111111111111111110000000011111111111111111111111111111111111111110000000000000000111111111111111110
111111111100000000001111111111111111111111111111111111111111111111000000001111111111111111111111110000000001111111111111111111111111111111111111111111111111111111111111111111111000000000111111111111111111111111111111110000000011111111111111111111111111111111111111110000000000000000111111111111111110
111111111100000000000111111111111111111111111111111111111111111111000000001111111111111111111111111000000000111111111111111111111111111111111111111111111111111111111111111111111000000000111111111111111111111111111111110000000011111111111111111111111111111111111111110000000000000000111111111111111110
111111111100000000000000001111111111111111111111111111111111111111000000001111111111111111111111111111100000000000000000111111111111111111111111111111111111111111111111111111111000000111111111111111111111111111111111110000000011111111111111111111111111111111111111110000000000000000111111111111111110
111111111100000000000000001111111111111111111111111111111111111111000000001111111111111111111111111111110000000000000001111111111111111111111111111111111111111111111111111111111000011111111111111111111111111111111111110000000011111111111111111111111111111111111111110000000000000000111111111111111110
111111111100000000000000001111111111111111111111111111111111111111000000001111111111111111111111111111111000000000000011001111111111111111111111111111111111111111111111111111111000111111111111111111111111111111111111110000000011111111111111111111111111111111111111110000000000000500111111111111111110
111111111100000000000000001111111111111111111111111111111111111111000000001111111111111111111111111111111100000000000000001111111111111111111111111111111111111111111111111111111001111111111111111111111111111111111111111110011111111111111111111111111111111111111111110000000000000500111111111111111110
111111111111000000000000001111111111111111111111111111111111111111000000001111111111111111111111111111111100110000000000001111111111111111111111111111111111111111111111111111110001111111111111111111111111111111111111111110011111111111111111111111111111111111111111110000000000000000111111111111111110
111111111111000000000000001111111111111111111111111111111111111110000000001111111111111111111111111111111100110000000000001111111111111111111111111111111111111111111111111111100011111111111111111111111111111111111111111110011111111111111111111111111111111111111111100000000000000050111111111111111110
111111111100000000000000001111111111111111111111111111111111111100000000001111111111111111111111111111111100010000000000000111111111111111111111111111111111111111111111111000000111111111111111111111111111111111111111110000001111111111111111111111111111111111111111000000000000000050111111111111111110
111111111100000000000000001111111111111111111111111111111111111000000000001111111111111111111111111111111100110000000000000011111111111111111111111111111111111111111111110000001111111111111111111111111111111111111111110000000000111111111111111111111111111111000000000000000000000000111111111111111110
111111111111111100000000001111111111111111111111111111111100000000001111111111111111111111111111111111111111111111111100000000000011111111111111111111111111111111111111100000000111111111111111111111111111111111111111111111100000000011111111111111111111111111000000000001110000000000111111111111111110
111111111111111110000000001111111111111111111111111111111100000000011111111111111111111111111111111111111111111111111110000000000011111111111111111111111111111111111111100000111111111111111111111111111111111111111111111111110000000111111111111111111111111111111111000011110000000000111111111111111110
111111111111111111000000001111111111111111111111111111111100000000111111111111111111111111111111111111111111111111111111000000000011111111111111111111111111111111111111100011111111111111111111111111111111111111111111111111111000000000111111111111111111111111111111100011110000000000111111111111111110
111111111111111111000000001111111111111111111111111111111100000000111111111111111111111111111111111111111111111111111111100000000011111111111111111111111111111111111111100011111111111111111111111111111111111111111111111111111100000000111111111111111111111111111111110001100000000000111111111111111110
111111111111111111000000001111111111111111111111111111111100000000111111111111111111111111111111111111111111111111111111100000000011111111111111111111111111111111111111100111111111111111111111111111111111111111111111111111111100000000111111111111111111111111111111110000000000000000111111111111111110
111111111111111111000000001111111111111111111111111111111100000000111111111111111111111111111111111111111111111111111111101100000001111111111111111111111111111111111111000111111111111111111111111111111111111111111111111111111100000000111111111111111111111111111111110100000000000000111111111111111110
111111111111111111000005501111111111111111111111111111111100000000111111111111111111111111111111111111111111111111111111111100000000011111111111111111111111111111100000000111111111111111111111111111111111111111111111111111111100000000111111111111111111111111111111110150000000000000011111111111111110
111111111111111111000055001111111111111111111111111111111100000000111111111111111111111111111111111111111111111111111111111100000000000011111111111111111111111111000000111111111111111111111111111111111111111111111111111111111100000000111111111111111111111111111111110050000000000000001111111111111110
111111111111111111000011001111111111111111111111111111111100000000111111111111111111111111111111111111111111111111111111111111111110000000111111111111111111111110000000001111111111111111111111111111111111111111111111111111111150000000111111111111111111111111111111111111110000000000000000001111111110
111111111111111111000111101111111111111111111111111111111100000110111111111111111111111111111111111111111111111111111111111111111111100000111111111111111111111111000011111111111111111111111111111111111111111111111111111111111150000000111111111111111111111111111111111111111000000000000000001111111110
111111111111111111000111101111111111111111111111111111111100001110111111111111111111111111111111111111111111111111111111111111111111111100111111111111111111111110000111111111111111111111111111111111111111111111111111111111111100000000111111111111111111111111111111111111111100000000000000001111111110
111111111111111111000111001111111111111111111111111111111100051110111111111111111111111111111111111111111111111111111111111111111111111110011111111111111111111100001111111111111111111111111111111111111111111111111111111111111100000000111111111111111111111111111111111111111100000000000000001111111110
111111111111111111001100001111111111111111111111111111111100055550111111111111111111111111111111111111111111111111111111111111111111111110011111111111111111111100011111111111111111111111111111111111111111111111111111111111111100000000111111111111111111111111111111111111111100000000000000001111111110
111111111111111111000000001111111111111111111111111111111100000000111111111111111111111111111111111111111111111111111111111111111111111110011111111111111111111000011111111111111111111111111111111111111111111111111111111111111100000000111111111111111111111111111111111111111100000000000000001111111110
111111111111111111000000001111111111111111111111111111111100000000111111111111111111111111111111111111111111111111111111111111111111111110001111111111111111110000011111111111111111111111111111111111111111111111111111111111111100000000111111111111111111111111111111111111111100000000000000001111111110
111111111111111111000000001111111111111111111111111111111100000055111111111111111111111111111111111111111111111111111111111111111111111111000111111111111111100000011111111111111111111111111111111111111111111111111111111111111100000000111111111111111111111111111111111111111100000000000000001111111110
111111111111111111000000001111111111111111111111111111111100000000111111111111111111111111111111111111111111111111111111111111111111111111000011111111111110000000011111111111111111111111111111111111111111111111111111111111111100000000111111111111111111111111111111111111111100000000000000001111111110
111111111111111111000000001111111111111111111111111111111100000000111111111111111111111111111111111111111111111111111111111111111111111111000000000000000000000000011111111111111111111111111111111111111111111111111111111111111100000000111111111111111111111111111111111111111100000000000000001111111110
111111111111111111000000001111111111111111111111111111111100000000111111111111111111111111111111111111111111111111111111111111111111111111000000000000000000000000011111111111111111111111111111111111111111111111111111111111111100000000111111111111111111111111111111111111111100500000000005001111111110
111111111111111111000000001111111111111111111111111111111100000000111111111111111111111111111111111111111111111111111111111111111111111111000000000000000555000000011111111111111111111111111111111111111111111111111111111111111100000000111111111111111111111111111111111111111105500000001115001111111110
111111111111111111000000111111111111111111111111111111111100000000111111111111111111111111111111111111111111111111111111111111111111111111000000000000000550000000001111111111111111111111111111111111111111111111111111111111111000000000111111111111111111111111111111111111111100000000001110001111111110
111111111111111111000000110111111111111111111111111111111100000000111111111111111111111111111111111111111111111111111111111111111111111111000000000000000500000000001111111111111111111111111111111111111111111111111111111111111000000000011111111111111111111111111111111111111100000000051110001111111110
111111111111111111000000000011111111111111111111111111111100000000011111111111111111111111111111111111111111111111111111111111111111111110000000000000000000000000000111111111111111111111111111111111111111111111111111111111110000000000001111111111111111111111111111111111111100000000055500001111111110
111111111111111111000000000001111111111111111111111111111100000000001111111111111111111111111111111111111111111111111111111111111111111100000000000000000000550000000011111111111111111111111111111111111111111111111111111110000000000000001111111111111111111111111111111111111100000000000000001111111110
111111111111111111111111000000000011111111111111111111111100000000000000000000000000000000000000000000000001000000000000500000000000000000000000000000000000000000000000000000001100000000000000001000000000000000000000000000000000000000000000001111111111111111111111111111111100000000001111111111111110
111111111111111111111111100000001111111111111111111111111100000000000000110000000000000000000000000000000051000000000000550000000000000000000000000000000000000000000000000000055100005000000000000000000000000000000000110000000000000000000000001111111111111111111111111111111100000000011111111111111110
111111111111111111111111110000011111111111111111111111111100000000000000111000000000000000000000000000000000000000000000000000500000000000000000000000000000000000510000000000000000005000000000000000000000000000000001111000000000000000000000001111111111111111111111111111111100000000111111111111111110
111111111111111111111111110000011111111111111111111111111100000000000000111055000000000000000000000000000000000000000000000000110000000000000000000000000000000000500000000000000000055000000000000000550000000000000001111000550000000000000000001111111111111111111111111111111100000000111111111111111110
111111111111111111111111110000011111111111111111111111111100000000000001111111111111111111111111111111111111111111111111111111111111111111000000000000000000001111111111111111111111111111111111111111111111111111111111111111110000000000005000001111111111111111111111111111111100000000111111111111111110
111111111111111111111111110000000011111111111111111111111100000000000111111111111111111111111111111111111111111111111111111111111111111111000000000000000000111111111111111111111111111111111111111111111111111111111111111111111000000000055011101111111111111111111111111111111100000000111111111111111110
111111111111111111111111110000000011111111111111111111111100000000001111111111111111111111111111111111111111111111111111111111111111111111100000000000011001111111111111111111111111111111111111111111111111111111111111111111111100000000005111111111111111111111111111111111111100000000111111111111111110
111111111111111111111111110000000011111111111111111111111100000000011111111111111111111111111111111111111111111111111111111111111111111111111100000001111011111111111111111111111111111111111111111111111111111111111111111111111100000000000111111111111111111111111111111111111100000000111111111111111110
111111111111111111111111110000000011111111111111111111111100000000111111111111111111111111111111111111111111111111111111111111111111111111111100000001111011111111111111111111111111111111111111111111111111111111111111111111111100000000001111111111111111111111111111111111111100000000111111111111111110
111111111111111111111111110000000011111111111111111111111100000000111111111111111111111111111111111111111111111111111111111111111111111111111111111111111111111111111111111111111111111111111111111111111111111111111111111111111100000000011111111111111111111111111111111111111100000000111111111111111110
111111111111111111111111110000000011111111111111111111111100000000111111111111111111111111111111111111111111111111111111111111111111111111111111111111111111111111111111111111111111111111111111111111111111111111111111111111111100000000111111111111111111111111111111111111111100000000111111111111111110
111111111111111111111111110000000011111111111111111111111111000000111111111111111111111111111111111111111111111111111111111111111111111111111111111111111111111111111111111111111111111111111111111111111111111111111111111111111100000000111111111111111111111111111111111111111100000050111111111111111110
111111111111111111111111110000000011111111111111111111111111100000111111111111111111111111111111111111111111111111111111111111111111111111111111111111111111111111111111111111111111111111111111111111111111111111111111111111111100000000111111111111111111111111111111111111111100000550111111111111111110
111111111111111111111111110000000011111111111111111111111111100000111111111111111111111111111111111111111111111111111111111111111111111111111111111111111111111111111111111111111111111111111111111111111111111111111111111111111100000000111111111111111111111111111111111111111100000050111111111111111110
111111111111111111111111100000001111111111111111111111111111000000111111111111111111111111111111111111111111111111111111111111111111111111111111111111111111111111111111111111111111111111111111111111111111111111111111111111111100000000111111111111111111111111111111111111111000000000111111111111111110
111111111111111111111111000000001111111111111111111111111100000000111111111111111111111111111111111111111111111111111111111111111111111111111111111111111111111111111111111111111111111111111111111111111111111111111111111111111100000000111111111111111111111111111111111111110000000000111111111111111110
111111111111111111000000000011111111111111111111111111111100000000111111111111111111111111111111111111111111111111111111111111111111111111111111111111111111111111111111111111111111111111111111111111111111111111111111111111111155000000111111111111111111111111111111111101000000111111111111111111111110
111111111111111111000000000111111111111111111111111111111100000055111111111111111111111111111111111111111111111111111111111111111111111111111111111111111111111111111111111111111111111111111111111111111111111111111111111111111105000000111111111111111111111111111111111101500001111111111111111111111110
111111111111111111000000001111111111111111111111111111111100000000111111111111111111111111111111111111111111111111111111111111111111111111111111111111111111111111111111111111111111111111111111111111111111111111111111111111111100000000111111111111111111111111111111110000000011111111111111111111111110
111111111111111111110000001111111111111111111111111111111100000000111111111111111111111111111111111111111111111111111111111111111111111111111111111111111111111111111111111111111111111111111111111111111111111111111111111111111100000000111111111111111111111111111111110000000011111111111111111111111110
111111111111111111111000001111111111111111111111111111111100000000111111111111111111111111111111111111111111111111111111111111111111111111111111111111111111111111111111111111111111111111111111111111111111111111111111111111111100000000111111111111111111111111111111110000000011111111111111111111111110
111111111111111111111000001111111111111111111111111111111100000000111111111111111111111111111111111111111111111111111111111111111111111111111111111111111111111111111111111111111111111111111111111111111111111111111111111111111100000000111111111111111111111111111111110000000011111111111111111111111110
111111111111111111111500001111111111111111111111111111111100000000111111111111111111111111111111111111111111111111111111111111111111111111111111111111111111111111111111111111111111111111111111111111111111111111111111111111111100000000111111111111111111111111111111110000000011111111111111111111111110
111111111111111111115000001111111111111111111111111111111100000000111111111111111111111111111111111111111111111111111111111111111111111111111111111111111111111111111111111111111111111111111111111111111111111111111111111111111100001100111111111111111111111111111111110000000011111111111111111111111110
111111111111111111055000001111111111111111111111111111111100000000111111111111111111111111111111111111111111111111111111111111111111111111111111111111111111111111111111111111111111111111111111111111111111111111111111111111111100011100111111111111111111111111111111110000000011111111111111111111111110
111111111111111111000000551111111111111111111111111111111100000000111111111111111111111111111111111111111111111111111111111111111111111111111111111111111111111111111111111111111111111111111111111111111111111111111111111111111100011100111111111111111111111111111111110000000011111111111111111111111110
111111111111111111000000001111111111111111111111111111111100000000111111111111111111111111111111111111111111111111111111111111111111111111111111111111111111111111111111111111111111111111111111111111111111111111111111111111111000011100111111111111111111111111111111110000050011111111111111111111111110
111111111111111111000000001111111111111111111111111111111100000000111111111111111111111111111111111111111111111111111111111111111111111111111111111111111111111111111111111111111111111111111111111111111111111111111111111111110000000000111111111111111111111111111111110000055011111111111111111111111110
111111111111111111000000001111111111111111111111111111111100000000111111111111111111111111111111111111111111111111111111111111111111111111111111111111111111111111111111111111111111111111111111111111111111111111111111111100000000000000111111111111111111111111111111110000000011111111111111111111111110
111111111111111111000000001111111111111111111111111111111100000000111111111111111111111111111111111111111111111111111111111111111111111111111111111111111111111111111111111111111111111111111111111111111111111111111111111100000000000000111111111111111111111111111111110000000011111111111111111111111110
111111111111111110000000001111111111111111111111111111111100000000111111111111111111111111111111111111111111111111111111111111111111111111111111111111111111111111111111111111111111111111111111111111111111111111111111111000000005000000111111111111111111111111111111110555000001111111111111111111111110
111111111111111100000000001111111111111111111111111111111150000000111111111111111111111111111111111111111111111111111111111111111111111111111111111111111111111111111111111111111111111111111111111111111111111111111111110000000555000000111111111111111111111111111111110500000000111111111111111111111110
111111111100000000000000001111111111111111111111111111111155000000111111111111111111111111111111111111111111111111111111111111111111111111111111111111111111111111111111111111111111111111111111111111111111111111111111110000000000111111111111111111111111111111111111111111100000000000111111111111111110
111111111101500000000000001111111111111111111111111111111105000000111111111111111111111111111111111111111111111111111111111111111111111111111111111111111111111111111111111111111111111111111111111111111111111111111111110000000001111111111111111111111111111111111111111111110000000000111111111111111110
111111111101500000000000001111111111111111111111111111111100000000111111111111111111111111111111111111111111111111111111111111111111111111111111111111111111111111111111111111111111111111111111111111111111111111111111100000000011111111111111111111111111111111111111111111111000000000111111111111111110
111111111100000000000000001111111111111111111111111111111100000000111111111111111111111111111111111111111111111111111111111111111111111111111111111111111111111111111111111111111111111111111111111111111111111111111111000000000011111111111111111111111111111111111111111111111100000000111111111111111110
111111111100000000000000001111111111111111111111111111111100000011111111111111111111111111111111111111111111111111111111111111111111111111111111111111111111111111111111111111111111111111111111111111111111111111000000000000000011111111111111111111111111111111111111111111111100000000111111111111111110
111111111100000000000000001111111111111111111111111111111100000111111111111111111111111111111111111111111111111111111111111111111111111111111111111111111111111111111111111111111111111111111111111111111111111111000000000000000011111111111111111111111111111111111111111111111100000000111111111111111110
111111111100000000000000001111111111111111111111111111111100000111111111111111111111111111111111111111111111111111111111111111111111111111111111111111111111111111111111111111111111111111111111111111111111111111000000011100000011111111111111111111111111111111111111111111111100000000011111111111111110
111111111100000000000000001111111111111111111111111111111100000111111111111111111111111111111111111111111111111111111111111111111111111111111111111111111111111111111111111111111111111111111111111111111111111111111000011100000011111111111111111111111111111111111111111111111100000000001111111111111110
111111111111111100000000001111111111111111111111111111111111110001111111111111111111111111111111111111111111111111111111111111111111111111111111111111111111111111111111111111111111111111111111111111111111111111111000011111111111111111111111111111111111111111111111111111111100000000000000001111111110
111111111111111110000000001111111111111111111111111111111111111000011111111111111111111111111111111111111111111111111111111111111111111111111111111111111111111111111111111111111111111111111111111111111111111111111000011111111111111111111111111111111111111111111111111111111100000000000000001111111110
111111111111111111000000001111111111111111111111111111111111111100001111111111111111111111111111111111111111111111111111111111111111111111111111111111111111111111111111111111111111111111111111111111111111111111110000001111111111111111111111111111111111111111111111111111111100000000000000001111111110
111111111111111111000000001111111111111111111111111111111111111100000111111111111111111111111111111111111111111111111111111111111111111111111111111111111111111111111111111111111111111111111111111111111111111100000000001111111111111111111111111111111111111111111111111111111100111100000005501111111110
111111111111111111000000001111111111111111111111111111111111111100000000001111111111111111111111111111111111111111111111111111111111111111111111111111111111111111111111111111111111111111111111111111111100000000000000001111111111111111111111111111111111111111111111111111111100111100000000501111111110
111111111111111111000000001111111111111111111111111111111111111100000000001111111111111111111111111111111111111111111111111111111111111111111111111111111111111111111111111111111111111111111111111111111100000000000000001111111111111111111111111111111111111111111111111111111100011100000000001111111110
111111111111111111110000000111111111111111111111111111111111111100000000001111111111111111111111111111111111111111111111111111111111111111111111111111111111111111111111111111111111111111111111111111111100000000000055001111111111111111111111111111111111111111111111111111111100000000000000001111111110
111111111111111111110000000011111111111111111111111111111111111100000000001111111111111111111111111111111111111111111111111111111111111111111111111111111111111111111111111111111111111111111111111111111100000000000005001111111111111111111111111111111111111111111111111111111100000000000000001111111110
111111111111111111111110000000000011111111111111111111111111111100000000001111111111111111111111111111111111111111111111111111111111111111111111111111111111111111111111111111111111111111111111111111111100000000001111111111111111111111111111111111111111111111111111111111111111111000000000001111111110
111111111111111111111111000000000011111111111111111111111111111111111111000111111111111111111111111111111111111111111111111111111111111111111111111111111111111111111111111111111111111111111111111111111100000000011111111111111111111111111111111111111111111111111111111111111111111100000000001111111110
111111111111111111111111100000000011111111111111111111111111111111111111100011111111111111111111111111111111111111111111111111111111111111111111111111111111111111111111111111111111111111111111111111111000000000111111111111111111111111111111111111111111111111111111111111111111111110000000001111111110
111111111111111111111111100000000011111111111111111111111111111111111111100000111111111111111111111111111111111111111111111111111111111111111111111111111111111111111111111111111111111111111111111111110000000000111111111111111111111111111111111111111111111111111111111111111111111111000000001111111110
111111111111111111111111100000111011111111111111111111111111111111111111110000000011111111111111111111111111111111111111111111111111111111111111111111111111111111111111111111111111111111111111111100055000000000111111111111111111111111111111111111111111111111111111111111111111111111000000001111111110
111111111111111111111111100000111111111111111111111111111111111111111111110000000011111111111111111111111111111111111111111111111111111111111111111111111111111111111111111111111111111111111111111100000000000000111111111111111111111111111111111111111111111111111111111111111111111111000000001111111110
111111111111111111111111100000111111111111111111111111111111111111111111110500000011111111111111111111111111111111111111111111111111111111111111111111111111111111111111111111111111111111111111111100000000000000111111111111111111111111111111111111111111111111111111111111111111111111000000001111111110
111111111111111111111111100000011111111111111111111111111111111111111111111150000011111111111111111111111111111111111111111111111111111111111111111111111111111111111111111111111111111111111111111100000000000000111111111111111111111111111111111111111111111111111111111111111111111111000000001111111110
111111111111111111111111100001111111111111111111111111111111111111111111111110000011111111111111111111111111111111111111111111111111111111111111111111111111111111111111111111111111111111111111111100000000111111111111111111111111111111111111111111111001111111111111111111111111111111000000001111111110
111111111111111111111111100011111111111111111111111111111111111111111111111110000001111111111111111111111111111111111111111111111111111111111111111111111111111111111111111111111111111111111111111000555001111111111111111111111111111111111111111111111001111111111111111111111111111111000000001111111110
111111111111111111111111100111111111111111111111111111111111111111111111111110000001111111111111111111111111111111111111111111111111111111111111111111111111111111111111111111111111111111111111100000011111111111111111111111111111111111111111111111111001111111111111111111111111111111000000001111111110
111111111111111111111111100111111111111111111111111111111111111111111111110550000000011111111111111111111111111111111111111111111111111111111111111111111111111111111111111111111111111111111111000000111111111111111111111111111111111111111111111111111001111111111111111111111111111111055500001111111110
111111111111111111111111100111111111111111111111111111111111111111111111110000000000000011111111111111111111111111111111111111111111111111111111111111111111111111111111111111111111111111000000000000111111111111111111111111111111111111111111111111111001111111111111111111111111111111055000001111111110
111111111111111111111111100111111111111111111111111111111111111111111111110000000000000010111111111111111111111111111111111111111111111111111111111111111111111111111111111111111111111111000000000000011011111111111111111111111111111111111111111111111001111111111111111111111111111111000000001111111110
111111111111111111111111100111111111111111111111111111111111111111111111110000000000000000111111111111111111111111111111111111111111111111111111111111111111111111111111111111111111111111000000000000000011111111111111111111111111111111111111111111111001111111111111111111111111111111000000001111111110
111111111111111111111111100111111111111111111111111111111111111111111111110000000000000000111111111111111111111111111111111111111111111111111111111111111111111111111111111111111111111111000000000011111111111111111111111111111111111111111111111111110000111111111111111111111111111111000000001111111110
111111111111111111111111100111111111111111111111111111111111111111111111111111110000000000111111111111111111111111111111111111111111111111111111111111111111111111111111111111111111111111000000000111111111111111111111111111111111111111111111110000000000000000111111111111111111111111000000001111111110
111111111111111111111111100111111111111111111111111111111111111111111111111111111000000000111111111111111111111111111111111111111111111111111111111111111111111111111111111111111111111111000000551111111111111111111111111111111111111111111111110000000000000000111111111111111111111111000000001111111110
111111111111111111111111100111111111111111111111111111111111111111111111111111111100000000011111111111111111111111111111111111111111111111111111111111111111111111111111111111111111111111000000001111111111111111111111111111111111111111111111110000000000000000111111111111111111111111000000111111111110
111111111111111111111111100111111111111111111111111111111111111111111111111111111100000000001111111111111111111111111111111111111111111111111111111111111111111111111111111111111111111111000000001111111111111111111111111111111111111111111111110000000000000000111111111111111111111111000000111111111110
111111111111111111111111100111111111111111111111111111111111111111111111111111111100000000000011101111111111111111111111111111111111111111111111111111111111111111111111111111111111111111000000001111111111111111111111111111111111111111111111110000000000000000111111111111111111111111000000001111111110
111111111111111111111111100111111111111111111111111111111111111111111111111111111100000000000000001111111111111111111111111111111111111111111111111111111111111111111111111111111111111111000000001111111111111111111111111111111111111111111111110000000000000000111111111111111111111111000000001111111110
111111111111111111111111000111111111111111111111111111111111111111111111111111111100000000011100001111111111111111111111111111111111111111111111111111111111111111111111111111111111111111000000001111111111111111111111111111111111111111111111110000000000000011111111111111111111111111000000001111111110
111111111111111111111110000111111111111111111111111111111111111111111111111111111100000000011110001111111111111111111111111111111111111111111111111111111111111111111111111111111111111111000000001111111111111111111111111111111111111111111111110000000000000011111111111111111111111111000000001111111110
111111111111111111111100000111111111111111111111110000000011111111111111111111111111111100011110001111111111111111111111111111111111111111111111111111111111111111111111111111111111111111000000001111111111111111111111111111111111111111111111110000011100111111111111111111111111111111000001101111111110
111111111111111111111100001111111111111111111111110100000011111111111111111111111111111110001100001111111111111111111111111111111111111111111111111111111111111111111111111111111111111110000000001111111111111111111111111111111111111111111111110000111101111111111111111111111111111111000011111111111110
111111111111111111111100001111111111111111111111111110000011111111111111111111111111111111000000000111111111111111111111111111111111111111111111111111111111111111111111111111111111111100000000001111111111111111111111111111111111111111111111110000111111111111111111111111111111111111050011111111111110
111111111111111111000500001111111111111111111111111100000011111111111111111111111111111111111100000011111111111111111111111111111111111111111111111111111111111111111111111111111111111000000000001111111111111111111111111111111111111111111111110000011111111111111111111111111111111111150011111111111110
111111111111111111000500001111111111111111111111110000000011111111111111111111111111111111111100000000000000000000000000000000011111111111111111111111111111111111111111111111000000000000000000001111111111111111111111111111111111111111111111110000000011111111111111111111111111111111150000001111111110
111111111111111111000000001111111111111111111111100000000011111111111111111111111111111111011150000000000000000000000000000000011111111111111111111111111111111111111111111110000000000011000000001111111111111111111111111111111111111111111111100050000011111111111111111111111111111111000000001111111110
111111111111111111000000001111111111111111111111000000000011111111111111111111111111111111011500000000000000000000000000000000001111111111111111111111111111111111111111111100000000000111100000001111111111111111111111111111111111111111111111000550000011111111111111111111111111111111000000001111111110
111111111111111111000000001111111111111111111110000000000011111111111111111111111111111111000000000000000000000000000000000000000111111111111111111111111111111111111111100000000000000111100000001111111111111111111111111111111111111111111110000050000011111111111111111111111111111111000000001111111110
111111111111111111000000001111111111111111000000000000000011111111111111111111111111111111111111111111111111111111111111000000000011111111111111111111111111111111111111100001111111111111111111111111111111111111111111111111111100000000000000000000000011111111111111111111111111111111000000001111111110
111111111111111111000000001111111111111111000000000000000011111111111111111111111111111111111111111111111111111111111111100000000011111111111111111111111111111111111111000111111111111111111111111111111111111111111111111111111100000000000000000000000011111111111111111111111111111111000000001111111110
111111111111111111000000001111111111111111000000000000000011111111111111111111111111111111111111111111111111111111111111110500000001111111111111111111111111111111111110000111111111111111111111111111111111111111111111111111111100000000000000000000000011111111111111111111111111111111000000001111111110
111111111111111111000000001111111111111111000000000000000011111111111111111111111111111111111111111111111111111111111111110550000000111111111111111111111111111111111100000111111111111111111111111111111111111111111111111111111100055500000000000000000011111111111111111111111111111111000000001111111110
111111111111111111000000001111111111111111000000000000000011111111111111111111111111111111111111111111111111111111111111110500000000000000000000000000000000000000000000000111111111111111111111111111111111111111111111111111111100055000000000000000000011111111111111111111111111111111000000001111111110
111111111111111111000000001111111111111111000000000001115011111111111111111111111111111111111111111111111111111111111111110000000000000000000000000000000000000000000000000111111111111111111111111111111111111111111111111111111000000000000000000000000011111111111111111111111111111111000000001111111110
111111111111111111000000001111111111111111000000000011110000111111111111111111111111111111111111111111111111111111111111110000000000000000000000000000000000000000005000000111111111111111111111111111111111111111111111111111110000000055000000000000000011111111111111111111111111111110000000001111111110
111111111111111111000000001111111111111111000000000011150000011111111111111111111111111111111111111111111111111111111111110000000000000000000000000000000000000000005000000111111111111111111111111111111111111111111111100000000000000005000000000000000011111111111111111111111100000000000005501111111110
111111111111111111000000001111111111111111111110000000050000000011111111111111111111111111111111111111111111111111111111111111111111111111111111000000000000000000001111111111111111111111111111111111111111111111111111100000000000000000000000000000000011111111111111111111111100000000000005551111111110
111111111111111111000000001111111111111111111111000000000000000011111111111111111111111111111111111111111111111111111111111111111111111111111111100000000000000000011111111111111111111111111111111111111111111111111111111111110000000000000000000000000011111111111111111111111111111110000005551111111110
111111111111111111000000111111111111111111111111100000000000000000111111111111111111111111111111111111111111111111111111111111111111111111111111110000000000000000111111111111111111111111111111111111111111111111111111111111111000000000000000000000000011111111111111111111111111111111000005001111111110
111111111111111111000000111111111111111111111111110000000000011000111111111111111111111111111111111111111111111111111111111111111111111111111111110000000000000000111111111111111111111111111111111111111111111111111111111111111100000000000000000000000011111111111111111111111111111111000000001111111110
111111111111111111000000001111111111111111111111110000000000000000111111111111111111111111111111111111111111111111111111111111111111111111111111110000000000011000111111111111111111111111111111111111111111111111111111111111111100000000000000000000000011111111111111111111111111111111000000001111111110
111111111111111111000000001111111111111111111111110000000000000000111111111111111111111111111111111111111111111111111111111111111111111111111111110000000000111100111111111111111111111111111111111111111111111111111111111111111100000000000000000000000011111111111111111111111111111111000000001111111110
111111111111111111055000001111111111111111111111110000000000000000111111111111111111111111111111111111111111111111111111111111111111111111111111110000000110111100111111111111111111111111111111111111111111111111111111111111111111000000000000000000000011111111111111111111111111111111000000001111111110
111111111111111111000000001111111111111111111111110000000000000000111111111111111111111111111111111111111111111111111111111111111111111111111111110000001110111100111111111111111111111111111111111111111111111111111111111111111111000000000000005500000011111111111111111111111111111111010000001111111110
111111111111111111000000001111111111111111111111110000000000000000111111111111111111111111111111111111111111111111111111111111111111111111111111111111111111111111111111111111111111111111111111111111111111111111111111111111111111111100000000000000055011111111111111111111111111111111015000001111111110
111111111111111111000000001111111111111111111111110000000000000000111111111111111111111111111111111111111111111111111111111111111111111111111111111111111111111111111111111111111111111111111111111111111111111111111111111111111111111110000011100000055011111111111111111111111111111111005000001111111110
111111111111111111000000001111111111111111111111110000000000000000111111111111111111111111111111111111111111111111111111111111111111111111111111111111111111111111111111111111111111111111111111111111111111111111111111111111111111111111000111100000000011111111111111111111111111111111000000001111111110
111111111111111111000000511111111111111111111111110000000000000000111111111111111111111111111111111111111111111111111111111111111111111111111111111111111111111111111111111111111111111111111111111111111111111111111111111111111111111111000111100000000011111111111111111111111111111111000000001111111110
111111111111111111000000111111111111111111111111110000000000000000011111111111111111111111111111111111111111111111111111111111111111111111111111111111111111111111111111111111111111111111111111111111111111111111111111111111111111111111000011000000000011111111111111111111111111111111000000001111111110
111111111111111111000000001111111111111111111111110000000000000000001111111111111111111111111111111111111111111111111111111111111111111111111111111111111111111111111111111111111111111111111111111111111111111111111111111111111111111111000000000000000011111111111111111111111111111111000000001111111110
111111111111111111000000001111111111111111111111110000000000000000001111111111111111111111111111111111111111111111111111111111111111111111111111111111111111111111111111111111111111111111111111111111111111111111111111111111111111111111000000000000000011111111111111111111111111111111000000001111111110
111111111111111111000000001111111111111111111111110010000000000000000111111111111111111111111111111111111111111111111111111111111111111111111111111111111111111111111111111111111111111111111111111111111111111111111111111111111111111111000000000000000011111111111111111111111111111111000000001111111110
111111111111111111000000001111111111111111111111110011000000000000000000000000111000111111111111111111111111111111111111111111111111111111111111111111111111111111111111111111111111111111111111111111111111111111111111111111111111111111111111111111100001111111111111111111111111111111000000001111111110
111111111111111111000000001111111111111111111111110000000000000000000000000000111001111111111111111111111111111111111111111111111111111111111111111111111111111111111111111111111111111111111111111111111111111111111111111111111111111111111111111111110001111111111111111111111111111111000000001111111110
111111111111111111000000001111111111111111111111110000000000000000000000000000110011111111111111111111111111111111111111111111111111111111111111111111111111111111111111111111111111111111111111111111111111111111111111111111111111111111111111111111111001111111111111111111111111111111000000001111111110
111111111111111111000000001111111111111111111111110000000000000000000000000000000011111111111111111111111111111111111111111111111111111111111111111111111111111111111111111111111111111111111111111111111111111111111111111111111111111111111111111111111001111111111111111111111111111111000000001111111110
111111111111111111000000111111111111111111111111110000000000000000000000100000000011111111111111111111111111111111111111111111111111111111111111111111111111111111111111111111111111111111111111111111111111111111111111111111111111111111111111111111111001111111111111111111111111111111000000001111111110
111111111111111111000001111111111111111111111111110000011100000000000001110000000011111111111111111111111111111111111111111111111111111111111111111111111111111111111111111111111111111111111111111111111111111111111111111111111111111111111111111111111001111111111111111111111111111111055000001111111110
111111111111111111000001111011111111111111111111111000011110000000000000000000000011111111111111111111111111111111111111111111111111111111111111111111111111111111111111111111111111111111111111111111111111111111111111111111111111111111111111111111111000111111111111111111111111111110055000001111111110
111111111111111111000001110001111111111111111111111000011110000000000000000000000011111111111111111111111111111111111111111111111111111111111111111111111111111111111111111111111111111111111111111111111111111111111111111111111111111111111111111111111000011111111111111111111111111100000000001111111110
111111111111111111000000000000000011111111111111110000011100011111111111111111111111111111111111111111111111111111111111111111111111111111111111111111111111111111111111111111111111111111000000000000000011111111111111111111111111111111111111111111111100000000111111111111111111000000000000001111111110
111111111111111111000000000000000011111111111111110000000000111111111111111111111111111111111111111111111111111111111111111111111111111111111111111111111111111111111111111111111111111111000000000000000011111111111111111111111111111111111111111111111100000055111111111111111111000000000000001111111110
111111111111111111000000000000000011111111111111110000000001111111111111111111111111111111111111111111111111111111111111111111111111111111111111111111111111111111111111111111111111111111000000000000000011111111111111111111111111111111111111111111111100000050111111111111111100000000000000001111111110
111111111111111111000000000000000011111111111111110000000011111111111111111111111111111111111111111111111111111111111111111111111111111111111111111111111111111111111111111111111111111111000000000000000011111111111111111111111111111111111111111111111100000000111111111111111100000000000000001111111110
111111111111111111000000000000000001111111111111100000110011111111111111111111111111111111111111111111111111111111111111111111111111111111111111111111111111111111111111111111111111111111000000000000000011111111111111111111111111111111111111111111111100000000111111111111111100000000001110001111111110
111111111111111111000000000000000001111111111111000000000011111111111111111111111111111111111111111111111111111111111111111111111111111111111111111111111111111111111111111111111111111111001100000000000011111111111111111111111111111111111111111111111100000000111111111111111100000000001111001111111110
111111111111111111000000000005000000111111111110000000001111111111111111111111111111111111111111111111111111111111111111111111111111111111111111111111111111111111111111111111111111111115001110000000000001111111111111111111111111111111111111111111111100000000011111111111111000000000001110001111111110
111111111111111111000000000005500000011111111100000000001111111111111111111111111111111111111111111111111111111111111111111111111111111111111111111111111111111111111111111111111111111055001115000000000000111111111111111111111111111111111111111111111100000000001111111111110000000000000110001111111110
111111111111111111000000000000000000000000000000000011111111111111111111111111111111111111111111111111111111111111000000000000000000000000000000000000000000000000000000000000000000000000001100000000005500000000011111111111111111111111111111111111111100000000000000000000000000000000001111111111111110
111111111111111111000000000000000000000000000000000111111111111111111111111111111111111111111111111111111111111111000000000000000000000000000000000000000000000000000000000000000000000000000000000000000000000000011111111111111111111111111111111111111100000000000000000000000000000000011111111111111110
111111111111111111000000000000000000000000000000001111111111111111111111111111111111111111111111111111111111111111000000011000000000000000000000000000000000000000000000000000000000000000000000000000000000000005011111111111111111111111111111111111111100000000000000000000000000000000111111111111111110
111111111111111111000000000000000000000000000000001111111111111111111111111111111111111111111111111111111111111111000011111000000000000000000000000550000000000000000000000000000000000000000000000000500000000005011111111111111111111111111111111111111100000000000000000000000000000000111111111111111110
111111111111111111000000001110000000000000000000001111111111111111111111111111111111111111111111111111111111111111000111100000000000000000000000000000000000000000000000000000000000000000000000000000500000000005011111111111111111111111111111111111111100000000001110000000000000000000111111111111111110
111111111111111111000000011110000000000000000000001111111111111111111111111111111111111111111111111111111111111111000111100000000000000000000000000000000000000000000000000000000000000015000000000000000000000000011111111111111111111111111111111111111100000000501110000000000000000000111111111111111110
111111111111111110000000011110000000000000000000001111111111111111111111111111111111111111111111111111111111111110005550000000000000000000000000000000000000000000000000000000000000000015000000000000000000000000001111111111111111111111111111111111111100000000501110000000000000000000111111111111111110
111111111111111100000000001110000000000000000000001111111111111111111111111111111111111111111111111111111111111100000000000000000000000000000000000000000000000000000000000000000000000000000000000000000000000000000111111111111111111111111111111111111100000000001100000000000000000000111111111111111110
111111111111000000000000000000000000000000000000001111111111111111111111111111111111111111001100000000000000000000000000000000000000000000000000000000000000001100000000000000000000111111111111111111111111111100000000000000001111111111111111111111111100000000000000000000000000000150111111111111111110
111111111111000000000111000000000000550000000000001111111111111111111111111111111111111111001100000000000000000000000000000000000000000000000000000000000100001500000000000000000001111111111111111111111111111110000000005500001111111111111111111111111100000000000000000000000000000550111111111111111110
111111111100055000000111000000000000550000000000001111111111111111111111111111111111111111000000000000000000000000000000000000000000000000000000000000001110000550000000000005000011111111111111111111111111111111000000005000000011111111111111111111111100000000000000000000000000000000111111111111111110
111111111100051110000111000000000000050000000000001111111111111111111111111111111111111111100000000000550000000000000000000000000000000000000000000000511110000000000000000055000011111111111111111111111111111111000000000000000011111111111111111111111100000000000000000000000000000000111111111111111110
111111111100011110000110000000000000000000000000001111111111111111111111111111111111111111100000000000000000000000000000000000000000055000000000000000011110000000000000000055000011111111111111111111111111111111000000000000000011111111111111111111111000000000111000000000000000000000111111111111111110
111111111100011110000000000000000000000000000000001111111111111111111111111111111111111110000000000000000000000000000000000000000000000000000000000000011111000000000000000000000011111111111111111111111111111111000000000000000011111111111111111111111000000000111100000000000000000000111111111111111110
111111111100001100000000000000000000000000000000001111111111111111111111111111111111111100000000000000000000000000000000000011000000000000000000000000000111100000000000000000001111111111111111111111111111111111000000000000000001111111111111111111110000000000111100000000000000000000111111111111111110
111111111100000000000500000000000000000000000000001111111111111111111111111111111111111000000000000000000000000000000000000011000000000000000000000000000111100000000000000000001111111111111111111111111111111111000000000000000000011111111111111111100000000000111000000000000000000000111111111111111110
111111111111111100000500000000000000000000000000001111111111111111111111110000000000000000000000000011111111111111111111111111111111111111111111111111100111000000001111111111111111111111111111111111111111111111111111000000000000000000000000000000000000500000000000000000000000000000111111111111111110
111111111111111110000550000000000000000000055500001111111111111111111111110000000000000000000000000111111111111111111111111111111111111111111111111111110000000000011111111111111111111111111111111111111111111111111111100000000000000000000000000000000005500000000000000000000000000000111111111111111110
111111111111111111000055000000000000000000000000001111111111111111111111110000000000000000000550001111111111111111111111111111111111111111111111111111111000000000111111111111111111111111111111111111111111111111111111110005500000000000000000000000000000000000000000001110000000000000111111111111111110
111111111111111111000000000000000000000000000000001111111111111111111111110000000000000000005110001111111111111111111111111111111111111111111111111111111100000000111111111111111111111111111111111111111111111111111111110000110000000000000000000000000000000000000000001110000000000000111111111111111110
111111111111111111000000000000000000000000000000001111111111111111111111110550000000000000001111001111111111111111111111111111111111111111111111111111111100000000111111111111111111111111111111111111111111111111111111110001111000000000000005000000000000000000000000001110000000000000111111111111111110
111111111111111111055000000000000000011100000000001111111111111111111111100050000000000000001111001111111111111111111111111111111111111111111111111111111100000000111111111111111111111111111111111111111111111111111111110001111500000000000005000000000000000000000000000110000000000000111111111111111110
111111111111111111011000000000000000111100000000000011111111111111111111000000110000000000000110001111111111111111111111111111111111111111111111111111111100000000111111111111111111111111111111111111111111111111111111110001111500000000000000000000000000000000000550000000000000000011111111111111111110
111111111111111111000000000000000000111100000000000001111111111111111100000000110000000000000000001111111111111111111111111111111111111111111111111111111100000000111111111111111111111111111111111111111111111111111111110000000000000000000000000000000000000000000000000000000000000011111111111111111110
111111111111111111111111111111111111111100000000000000000000000000000000000001111111111111111111111111111111111111111111111111111111111111111111111111111100000000111111111111111111111111111111111111111111111111111111111111111111111111111111111111111111111111111111000000000000111111111111111111111110
111111111111111111111111111111111111111110000000000000000000000000000000000011111111111111111111111111111111111111111111111111111111111111111111111111111100000000111111111111111111111111111111111111111111111111111111111111111111111111111111111111111111111111111111100000055001111111111111111111111110
111111111111111111111111111111111111111111000000000000000000000000000000000111111111111111111111111111111111111111111111111111111111111111111111111111111111000011111111111111111111111111111111111111111111111111111111111111111111111111111111111111111111111111111111110000005511111111111111111111111110
111111111111111111111111111111111111111111000000000005500000000000000000001111111111111111111111111111111111111111111111111111111111111111111111111111111111000011111111111111111111111111111111111111111111111111111111111111111111111111111111111111111111111111111111110000000011111111111111111111111110
111111111111111111111111111111111111111111000000000001110000000000000000001111111111111111111111111111111111111111111111111111111111111111111111111111111100000000111111111111111111111111111111111111111111111111111111111111111111111111111111111111111111111111111111110000000011111111111111111111111110
111111111111111111111111111111111111111111000000000001110000000000000000001111111111111111111111111111111111111111111111111111111111111111111111111111111100000000111111111111111111111111111111111111111111111111111111111111111111111111111111111111111111111111111111110000000011111111111111111111111110
111111111111111111111111111111111111111111000000000001110000000000000000001111111111111111111111111111111111111111111111111111111111111111111111111111111100000000111111111111111111111111111111111111111111111111111111111111111111111111111111111111111111111111111111110000000011111111111111111111111110
111111111111111111111111111111111111111111000000000000000000000000000000001111111111111111111111111111111111111111111111111111111111111111111111111111111100000000111111111111111111111111111111111111111111111111111111111111111111111111111111111111111111111111111111110000000011111111111111111111111110
111111111111111111111111111111111111111111111111111111111111111111111111111111111111111111111111111111111111111111111111111111111111111111111111111111111100000000111111111111111111111111111111111111111111111111111111111111111111111111111111111111111111111111111111111111111111111111111111111111111110
111111111111111111111111111111111111111111111111111111111111111111111111111111111111111111111111111111111111111111111111111111111111111111111111111111111111111111111111111111111111111111111111111111111111111111111111111111111111111111111111111111111111111111111111111111111111111111111111111111111110
111111111111111111111111111111111111111111111111111111111111111111111111111111111111111111111111111111111111111111111111111111111111111111111111111111111111111111111111111111111111111111111111111111111111111111111111111111111111111111111111111111111111111111111111111111111111111111111111111111111110
111111111111111111111111111111111111111111111111111111111111111111111111111111111111111111111111111111111111111111111111111111111111111111111111111111111111111111111111111111111111111111111111111111111111111111111111111111111111111111111111111111111111111111111111111111111111111111111111111111111110
111111111111111111111111111111111111111111111111111111111111111111111111111111111111111111111111111111111111111111111111111111111111111111111111111111111111111111111111111111111111111111111111111111111111111111111111111111111111111111111111111111111111111111111111111111111111111111111111111111111110
111111111111111111111111111111111111111111111111111111111111111111111111111111111111111111111111111111111111111111111111111111111111111111111111111111111111111111111111111111111111111111111111111111111111111111111111111111111111111111111111111111111111111111111111111111111111111111111111111111111110
111111111111111111111111111111111111111111111111111111111111111111111111111111111111111111111111111111111111111111111111111111111111111111111111111111111111111111111111111111111111111111111111111111111111111111111111111111111111111111111111111111111111111111111111111111111111111111111111111111111110
111111111111111111111111111111111111111111111111111111111111111111111111111111111111111111111111111111111111111111111111111111111111111111111111111111111111111111111111111111111111111111111111111111111111111111111111111111111111111111111111111111111111111111111111111111111111111111111111111111111110
111111111111111111111111111111111111111111111111111111111111111111111111111111111111111111111111111111111111111111111111111111111111111111111111111111111111111111111111111111111111111111111111111111111111111111111111111111111111111111111111111111111111111111111111111111111111111111111111111111111110
111111111111111111111111111111111111111111111111111111111111111111111111111111111111111111111111111111111111111111111111111111111111111111111111111111111111111111111111111111111111111111111111111111111111111111111111111111111111111111111111111111111111111111111111111111111111111111111111111111111110
