00000000000000000000000000000000000000000000000000000000000000000000000000000000000000000000000000000000000000000000000000000000000000000000000000000000000000000000000000000000000000000000000000000000
11111111111111111111111111111111111111111111111111111111111111111111111111111111111111111111111111111111111111111111111111111111111111111111111111111111111111111111111111111111111111111111111111111110
11111111111111111111111111111111111111111111111111111111111111111111111111111111111111111111111111111111111111111111111111111111111111111111111111111111111111111111111111111111111111111111111111111110
11111111111111111111111111111111111111111111111111111111111111111111111111111111111111111111111111111111111111111111111111111111111111111111111111111111111111111111111111111111111111111111111111111110
11111111111111111111111111111111111111111111111111111111111111111111111111111111111111111111111111111111111111111111111111111111111111111111111111111111111111111111111111111111111111111111111111111110
11111111111111111111111111111111111111111111111111111111111111111111111111111111111111111111111111111111111111111111111111111111111111111111111111111111111111111111111111111111111111111111111111111110
11111111111111111100000000000000000000000000000000000000000000000000000000000000000000000000000000001100000001111111111111110000000000000000000000000000000000000000000000000000000000111111111111111110
11111111111111111101000000000000000001000000000000000000000000000000100000000000000000000000000000000000000001111111111111110100000000000000000000000000000000010000000000000000000010111111111111111110
11111111111111110000000000000000000000000000000000000000000000000000000000000000000000000000000000000000000000000000111111110000000000000000000000000000000000000000000000000000000000001111111111111110
11111111111111110000000000000000000000000000000000000000000000000000000000000000000000000000000000000000000000000000111111110000000000000000000000000000000000000000000000000000000000001111111111111110
11111111111111110000000000000000000000000000000000000000000000000000000000000000000000000000000000000000000000000000111111110000000000000000000000000000000000000000000000000000000000001111111111111110
11111111111111110000000000000000000000000000000000000000000000000000000000000000000000000000000000000000000000000000111111110000000000000000000000000000000000000000000000000000000000001111111111111110
11111111111111110000000000000000000000000000000000000000000000000000000000000000000000000000000000000000000000000000111111110000000000000000000000000000000000000000000000000000000000001111111111111110
11111111111111110000000000000000000000000000000000000000000000000000000000000000000000000000000000000000000000000000111111110000000000000000000000000000000000000000000000000000000000001111111111111110
11111111111111111100000000000000000000000000000000000000000000000000000000000000000000000000000000000000000000000000111111110000000000000000000000000000000000000000000000000000000010111111111111111110
11111111111111111101000000000000000000000000000000000000000000000000000000000000000000000000000000000000000000000000111111110000000000000000000000000000000000000000000000000000000000111111111111111110
11111111000000111111000000000000000000000000000000010000000000000000000000000000000000000000100000000000000001111111111111110000000000000001000000000000000000000000000000000000000011111100000011111110
11111111000000111111000000000000000000000000000000000000000000000000000000000000000000000000000000001100000001111111111111110000000000000000000000000000000000000000000000000000000011111100000011111110
11111100000000001111111111111111111111111111111111110000000000001111111111111111111111111111111111111111111111111111111111110000000000001111111111111111111111111111111111111111111111110000000000111110
11111101000000101111111111111111111111111111111111110000000000001111111111111111111111111111111111111111111111111111111111110000000000001111111111111111111111111111111111111111111111110000000010111110
11111100000000000011000000000000000000000000000000000000000000001100000000000000000000000000000000000000000000000000000000000000000000000000000000000000000000000000000000000000000011000000000000111110
11111100000000000011010000000000000000000000000000010000000000001101000000000000000000000000000000000001000000000000000000000000000000001000000000000000000000010000000000000000001011010000000000111110
11111100000000000011000000000000000000000000000000000000000000001100000000000000000000000000000000000000000000000000000000000000000000000000000000000000000000000000000000000000000011000000000000111110
11111100000000000011000000000000000000000000000000000000000000001100000000000000000000000000000000000000000000000000000000000000000000000000000000000000000000000000000000000000000011000000000000111110
11111100000000000011000000000000000000000000000000000000000000001100000000000000000000000000000000000000000000000000000000000000000000000000000000000000000000000000000000000000000011000000000000111110
11111100000000000011000000000000000000000000000000000000000000001100000000000000000000000000000000000000000000000000000000000000000000000000000000000000000000000000000000000000000011000000000000111110
11111100000000000011000000000000000000000000000000000000000000001100000000000000000000000000000000000000000000000000000000000000000000000000000000000000000000000000000000000000000011000000000000111110
11111100000000000011000000000000000000000000000000000000000000001100000000000000000000000000000000000000000000000000000000000000000000000000000000000000000000000000000000000000000011000000000000111110
11111100000000000011000000000000000000000000000000000000000000001100000000000000000000000000000000000000000000000000000000000000000000000000000000000000000000000000000000000000000011000000000000111110
11111100000000000011000000000000000000000000000000000000000000001100000000000000000000000000000000000000000000000000000000000000000000000000000000000000000000000000000000000000000011000000000000111110
11111100000000000011000000000010000000000010000000000000000000101100000000000000000010000000000000000000000000000000000010000000000000000000000000010000000000000000000001000000000011000000000001111110
11111100000000000011000000000001100000000000000000000000000000001100000000000000000000000000000000000000000000000000000000000000000000000000000000000000000000000000000110000000000011000000000001111110
11111100000000000011000000000001111111111111111111111111111111111100000000000011111111111111111111111111111111111111111111111111111111111111111111111111111111111111111110000000000011100000000000111110
11111100000000000011000000000000111111111111111111111111111111111100000000000011111111111111111111111111111111111111111111111111111111111111111111111111111111111111111100000000000011100000000000111110
11111100000000000011000000000000110000000000000000000000000000000000000000000011000000000000000000000000000000000000000000000000000000000000000000000000000000000000001100000000000011000000000000111110
11111100000000000011000000000000110100000000000000000000000000000100000000000011010000000000000000000000000010000000000000000000000000000000000100000000000000000000101100000000000011000000000000111110
11111100000000000011000000000000110000000000000000000000000000000000000000000011000000000000000000000000000000000000000000000000000000000000000000000000000000000000001100000000000011100000000000111110
11111100000000000011000000000000110000000000000000000000000000000000000000000011000000000000000000000000000000000000000000000000000000000000000000000000000000000000001100000000000011100000000000111110
11111100000000000011000000000000110000000000000000000000000000000000000000000011000000000000000000000000000000000000000000000000000000000000000000000000000000000000001100000000000011000000000000111110
11111100000000000011000000000000110000000000000000000000000000000000000000000011000000000000000000000000000000000000000000000000000000000000000000000000000000000000001100000000000011000000000010111110
11111100000000000011000000000000110000000000000000000000000000000000000000000011000000000000000000000000000000000000000000000000000000000000000000000000000000000000001100000000000011000000000000111110
11111100000000000011000000000000110000000000000000000000000000000000000000000011000000000000000000000000000000000000000000000000000000000000000000000000000000000000001100000000000011000000000000111110
11111100000000000011010000000000110000000000000000000000000000000000000000000011000000000000000000000000000000000000000000000000000000000000000000000000000000000000001100000000000011000000000001111110
11111100000000000011000000000000110000000000000000000000000000000000000000000011000000000000000000000000000000000000000000000000000000000000000000000000000000000000001100000000000011000000000001111110
11111101000000000011000000000000110000000000100000000010000000000000000000001011000000000000100000000000000000000000000000000000001000000000000000000000000100000000001100000000000011100000000000111110
11111100000000000011000000000000110000000000011000000000000000000000000000000011000000000000000000000000000000000000000000000000000000000000000000000000011000000000001100000000001011100000000000111110
11111100000000000011000000000000110000000000011111111111111111111111111111111111000000000000111111111111111111111111111111111111111111111111111111111111111000000000001100000000000011000000000001111110
11111100000000000011000000000000110000000000001111111111111111111111111111111111000000000000111111111111111111111111111111111111111111111111111111111111110000000000001100000000000011000000000001111110
11111100000000000011000000000000110000000000001100000000000000000000000000000000000000000000110000000000000000000000000000000000000000000000000000000000110000000000001100000000000011000000000000111110
11111100000000000011000000000000110000000000001101000000000000000000000000000001000000000000110100000000000000000100000000000000000000000000000000000010110000000000001100000000000011000000000000111110
11111100000000000011000000000000110000000000001100000000000000000000000000000000000000000000110000000000000000000000000000000000000000000000000000000000110000000000001100000000000011000000000000111110
11111100000000000011000000000000110000000000001100000000000000000000000000000000000000000000110000000000000000000000000000000000000000000000000000000000110000000000001100000000000011000000000000111110
11111100000000000011000000000000110000000000001100000000000000000000000000000000000000000000110000000000000000000000000000000000000000000000000000000000110000000000001100000000000011000000000000111110
11111100000000000011000000000010110000000000001100000000000000000000000000000000000000000000110000000000000000000000000000000000000000000000000000000000110000000000001100000000000011000000000000111110
11111100000000000011000000000000110000000000001100000000000000000000000000000000000000000000110000000000000000000000000000000000000000000000000000000000110000000000001100000000000011000000000000111110
11111100000000000011000000000000110000000000001100000000000000000000000000000000000000000000110000000000000000000000000000000000000000000000000000000000110000000000001100000000000011000000000000111110
11111100000000000011000000000000110000000000001100000000000000000000000000000000000000000000110000000000000000000000000000000000000000000000000000000000110000000000001100000000000011000000000000111110
11111100000000000011000000000000110000000000001100000000000000000000000000000000000000000000110000000000000000000000000000000000000000000000000000000000110000000000001100000000000011000100001000111110
11111100000000000011000000000000110000000000001100000000000000000000000100000000000000000000110000000000001000000000000000000000010000000000000000000000110000000000101100000000000011000100001000111110
11111100000000000011000000000000110000000000001100000000000000000000000000000000000000000000110000000000000000000000000000000000000000000000000000000000110000000000001100000000000011000100001000111110
11111100000000000011000000000000110100000000001100000000000011111111111111111111111111111111110000000000001111111111111111111111111111111111000000000000110000000000001101000000000011000100001000111110
11111100000000001011000000000000110000000000001100000000000011111111111111111111111111111111110000000000001111111111111111111111111111111111000000000000110000000000001100000000000011000100001000111110
11111100000000000011000000000000110000000000001100000000000011000000000000000000000000000000000000000000000000000000000000000000000000000011000000000000110000000000001100000000000011000100001000111110
11111100000000000011000000000000110000000000001100000000001011010000000000000001000000000000000000000000000000000000010000000000000000001011000000000000110000000000001100000000000011000100001000111110
11111100000000000011000000000000110000000000001100000000000011000000000000000000000000000000000000000000000000000000000000000000000000000011000000000000110000000000001100000000000011000111111000111110
11111100000000000011000000000000110000000000001100000000000011000000000000000000000000000000000000000000000000000000000000000000000000000011000000000000110000000000001100000000000011000011110000111110
11111100000000000011000000000000110000000000001100000000000011000000000000000000000000000000000100000000100000000000000000000000000000000011000000000000110000000000001100000000000011000011110000111110
11111100000000000011000000000000110000000000001100000000000011000000000000000000000000000000000100000000100000000000000000000000000000000011000000000000110000000000001100000000000011000011110000111110
11111100000000000011000000000000110000000000001100000000000011000000000000000000000000000000000100000000100000000000000000000000000000000011000000000000110000000000001100000000000011000000000000111110
11111100000000000011010000000000110000000000001100000000000011000000000000000000000000000000000100000000100000000000000000000000000000000011000000000000110000000000001100000000000011000000000000111110
11111100000000000011000000000000110000000000001100000000000011000000000000000000000000000000000100000000100000000000000000000000000000000011000000000000110000000000001100000000000011110000000011111110
11111100000000000011000000000000110000000000001100000000000011000000000000000000000000000000000100000000100000000000000000000000000000000011000000000000110000000000001100000000001011110000000011111110
11111100000000000011000000000000110000000000101100000000000011000000000010000000000000000000000100000000100000000000000000000001000000000011000000000000110000000000001100000000000011111111111111111110
11111100000000000011000000000000110000000000001100000000000011000000000000000000000000000000000100000000100000000000000000000000000000000011010000000000110000000000001100000000000011111111111111111110
11111100000000000011000000000000110000000000001100000000000011000000000000111111111111111111111100000000111111111111111111111100000000000011000000000000110100000000001100000000000000000000000000111110
11111100000000000011000000000000110000000000001100000000000011000000000000111111111111111111111100000000111111111111111111111100000000000011000000000000110000000000001100000000000000000000000010111110
11111100000000000011000000000000110000000000001100000000000011000000000000110000000000000000000100000000100000000000000000001100000000000011000000000000110000000000001100000000000000000000000000111110
11111100000000000011000000000000110000000000001100000000000011000000000000110000000000000000000100000000100000000000000000001100000000000011000000000000110000000000001100000000000000000000000000111110
11111100000000000011000000000000110000000000001100000000000011000000000000110000000000000000000100000000100000000000000000001100000000000011000000000000110000000000001100000000000000000000000000111110
11111100000000000011000000000000110000000000001100000000000011000000000000110000000000000000000100000000100000000000000000001100000000001011000000000000110000000000001100000000000000000000000000111110
11111100000000000011000000000010110000000000001101000000000011000000000000110000000000000000000100000000100000000000000000001100000000000011000000000000110000000000001100000000000000000000000000111110
11111100000000000011000000000000110000000000001100000000000011010000000000110000000000000000000100000000100000000000000000001100000000000011000000000000110000000000001100000000000000000000000000111110
11111100010000100011000000000000110000000000001100000000000011000000000000110000000000000000000100000000100000000000000000001100000000000011000000000000110000000000001100000000000000000000000000111110
11111100000000000011000000000000110000000000001100000000000011000000000000110000000001000000000100000000100000000010000000001100000000000011000000000000110000000000001101000000000000000000000000111110
11111100001111000011000000000000110000000000001100000000000011000000000000110000000000111111111100000000111111111100000000001100000000000011000000000000110000000000001100000000000000000000000000111110
11111100001111000011000000000000110000000000001100000000000011000000000000110000000000111111111100000000111111111100000000001100000000000011000000000000110000000000001100000000000000000000000000111110
11111100001111000011000000000000110000000000001100000000000011000000000000110000000000111111111100000000111111111100000000001100000000000011000000000000110000000000001100000000000011000000000000111110
11111100001111000011000000000000110000000000001100000000000011000000000000110000000000111111111100000000111111111100000000001100000000000011000000000000110000000000001100000000000011000000000000111110
11111100000000000011000000000000110100000000001100000000000011000000000000110000000000111111111100000000111111111100000000001100000000000011000000000000110000000000001100000000000011000000000000111110
11111100000000000011000000000000110000000000001100000000000011000000000000110000000000111111111100000000111111111100000000001100000000000011000000000000110000000000001100000000000011010000000000111110
11111101000000001011000000000000110000000000001100000000000011000000000000110000000000111100000000000000000000111100000000001100000000000011000000000000110000000000001100000000000011000000000000111110
11111100000000000011010000000000110000000000001100000000000011000000000000110000000000111100000000000000000000111100000000001100000000000011000000000000110000000000001100000000000011000000000000111110
11111111111111111111000000000000110000000000001100000000000011000000000000110000000000111100111100000000111100111100000000001100000000000011000000000000110000000000001100000000000011000000000000111110
11111111111111111111000000000000110000000000001100000000000011000000000011111100000000111100111100000000111100111100000000111111000000000011000000000010110100000000001100000000000011000000000000111110
11111100000000000000000000000000110000000000001100000000000011000000000001111000000000111100111100000000111100111100000000011110000000000011000000000000000000000000001100000000000011000000000000111110
11111101000000000000000000000000110000000000001100000000000011000000000000000000000000111100111100000000111100111100000000000000000000000011000000000000000000000000001100000000001011000000000000111110
11111100000000000000000000000000110000000000001100000000000011000000000000000000000000111100111100000000111100111100000000000000000000000011000000000000000000000000001100000000000011000000000000111110
11111100000000000000000000000000110000000000001100000000000011000000000000000000000000111100111100000000111100111100000000000000000000000011000000000000000000000000001100000000000011000000000000111110
11111100000000000000000000000000110000000000001100000000000011000000000000000000000000111100111100000000111100111100000000000000000000000011000000000000000000000000001100000000000011000000000000111110
11111100000000000000000000000000110000000000001100000000000011000000000000000000000000111100111100000000111100111100000000000000000000000011000000000000000000000000001100000000000011000000000000111110
11111100000000000000000000000000110000000000001100000000001011000000000000000000000000111100111100000000111100111100000000000000000000000011000000000000000000000000001100000000000011000000000000111110
11111100000000000000000000000000110000000000001100000000000011000000000000000000000000111100111100000000111100111100000000000000000000000011000000000000000000000000001100000000000011000000000000111110
11111100000000000000000000000000110000000000001100000000000011000000000000000000000000111100111100000000111100111100000000000000000000000011000000000000000000000000001100000000000011000000000000111110
11111100000000000000000000000000110000000000001100000000000011000000000000000000000000111100111100000000111100111100000000000000000000000011000000000000000000000000001100000000000011000000000000111110
11111100000000000000000000000010110000000000001100000000000011000000000000000000000000111100111111111111111100111100000000000000000000000011000000000000000000000000101100000000000011000000000000111110
11111100000000000000000000000000110000000000001100000000000011000000000001111000000000111100111111111111111100111100000000011110000000000011000000000000000000000000001100000000000011000000000010111110
11111100000000000011111111111111110000000000101100000000000011000000000011111100000000111100111111111111111100111100000000111111000000000011000000000010111111111111111100000000000011000000000000111110
11111100000000001011111111111111111000000000001100000000000011000000000000110000000000111100111111111111111100111100000000001100000000000011000000000000111111111111111101000000000011000000000000111110
11111100000000000011000000000001111100000000001100000000000011000000000000110000000000111100111111111111111100111100000000001100000000000011000000000000110000000000000000000000000011000000000000111110
11111100000000000011010000000000000000000000001100000000000011000000000000110000000000111100111111111111111100111100000000001100000000000011000000000000110100000000000000000000000011000000000000111110
11111100000000000011000000000000000000000000001100000000000011000000000000110000000000111100000000000000000000111100000000001100000000000011000000000000110000000000000000000000000011000000000000111110
11111100000000000011000000000000000000000000001100000000000011000000000000110000000000111100000000000000000000111100000000001100000000000011000000000000110000000000000000000000000011000000000000111110
11111100000000000011000000000000000000000000001100000000000011000000000000110000000000111111111111111111111111111100000000001100000000000011000000000000110000000000000000000000000011000000000000111110
11111100000000000011000000000000000000000000001100000000000011000000000000110000000000111111111111111111111111111100000000001100000000000011000000000000110000000000000000000000000011000000000000111110
11111100000000000011000000000000000000000000001100000000000011000000000000110000000000111111111111111111111111111100000000001100000000000011000000000000110000000000000000000000000011000000000000111110
11111100000000000011000000000000000000000000001100000000000011000000000000110000000000111111111111111111111111111100000000001100000000000011000000000000110000000000000000000000000011000000000000111110
11111100000000000011000000000000000000000000001100000000000011000000000000110000000001000000000000000000000000000010000000001100000000000011000000000000110000000000000000000000000011000000000000111110
11111100000000000011000000000000000000000000001100000000000011010000000000110000000000000000000000000000000000000000000000001100000000001011000000000000110000000000000000000000000011000000000000111110
11111100000000000011000000000000000000000000001100000000000011000000000000110000000000000000000000000000000000000000000000001100000000000011000000000000110000000000000000000000001011000000000000111110
11111100000000000011000000000000000000000000001100000000000011000000000000110000000000000000000000000000000000000000000000001100000000000011000000000000110000000000000000000000000011000000000000111110
11111100000000000011000000000000000000000000001101000000000011000000000000110000000000000000000000000000000000000000000000001100000000000011000000000000110000000000101111111111111111000000000000111110
11111100000000000011000000000011111000000000001100000000000011000000000000110000000000000000000000000000000000000000000000001100000000000011000000000000110000000000001111111111111111000000000000111110
11111101000000000011000000000001111100000000001100000000000011000000000000110000000000000000000000000000000000000000000000001100000000000011000000000000110000000000001100000000000000000000000000111110
11111100000000000011000000000000110000000000001100000000000011000000000000110000000000000000000000000000000000000000000000001100000000000011000000000000110000000000001101000000000000010000000000111110
11111100000000000011000000000000110000000000001100000000000011000000000000111111111111111111111111111111111111111111111111111100000000000011000000000000110000000000001100000000000000000000000000111110
11111100000000000011000000000000110000000000001100000000000011000000000000111111111111111111111111111111111111111111111111111100000000000011000000000000110000000000001100000000000000000000000000111110
11111100000000000011000000000000110000000000001100000000000011000000000000000000000000000000000000000000000000000000000000000000000000000011010000000000110000000000001100000000000000000000000000111110
11111100000000000011000000000000110000000000001100000000000011000000000010000000000000000000000000001000000000000000000000000001000000000011000000000000110000000000001100000000000000000000000000111110
11111100000000000011000000000000110000000000001100000000000011000000000000000000000000000000000000000000000000000000000000000000000000000011000000000000110000000000001100000000000000000000000000111110
11111100000000000011000000000000110000000000001100000000000011000000000000000000000000000000000000000000000000000000000000000000000000000011000000000000110100000000001100000000000000000000000000111110
11111100000000000011000000000000110000000000001100000000000011000000000000000000000000000000000000000000000000000000000000000000000000000011000000000000110000000000001100000000000000000000000000111110
11111100000000000011000000000000110000000000001100000000000011000000000000000000000000000000000000000000000000000000000000000000000000000011000000000000110000000000001100000000000000000000000000111110
11111100000000000011000000000000110000000000001100000000000011000000000000000000000000000000000000000000000000000000000000000000000000000011000000000000110000000000001100000000000000000000000000111110
11111100000000000011000000000000110000000000001100000000000011000000000000000000000000000000000000000000000000000000000000000000000000000011000000000000110000000000001100000000000000000000000000111110
11111100000000000011000000000000110000000000001100000000000011000000000000000000000000000000000000000000000000000000000000000000000000000011000000000000110000000000001100000000000011000000000000111110
11111100000000000011000000000000110000000000001100000000000011000000000000000000000000000000000000000000000000000000000000000000000000000011000000000000110000000000001100000000000011000000000000111110
11111100000000000011010000000000110000000000001100000000001011010000000000000000000000100000000000000000000000000000001000000000000000001011000000000010110000000000001100000000000011000000000000111110
11111100000000000011000000000000110000000000001100000000000011000000000000000000000000000000000000000000000000000000000000000000000000000011000000000000110000000000101100000000001011000000000000111110
11111100000000000011000000000000110000000000101100000000000011111111111111111111111111111111111111111111111111111111111111111111111111111111000000000000110000000000001100000000000011000000000000111110
11111100000000000011000000000000110000000000001100000000000011111111111111111111111111111111111111111111111111111111111111111111111111111111000000000000110000000000001100000000000011000000000000111110
11111100000000000011000000000000110000000000001100000000000000000000000000000000000000000000000000000000001111000000000000000000000000000000000000000000110000000000001100000000000011000000000000111110
11111100000000001011000000000000110000000000001100000000000000000000000001000000000000000000000000000000101111000000000000000000000000000000000000000000110000000000001100000000000011000000000010111110
11111100000000000011000000000000110000000000001100000000000000000000000000000000000000000000000000000000001111000000000000000000000000000000000000000000110000000000001100000000000011000000000000111110
11111100000000000011000000000000110000000000001100000000000000000000000000000000000000000000000000000000001111111111111000100000000000000000000000000000110000000000001100000000000011000000000000111110
11111100000000000011000000000000110000000000001100000000000000000000000000000000000000000000000000000000001111111100000000000000000000000000000000000000110000000000001100000000000011000000000000111110
11111100000000000011000000000000110000000000001100000000000000000000000000000000000000000000000000000000001111111100000000000000000000000000000000000000110000000000001100000000000011000000000000111110
11111100000000000011000000000000110000000000001100000000000000000000000000000000000000000000000000000000001111111100000000000000000000000000000000000000110000000000001100000000000011000000000000111110
11111100000000000011000000000000110000000000001100000000000000000000000000000000000000000000000000000000001111111100000000000000000000000000000000000000110000000000001100000000000011000000000000111110
11111100000000000011000000000010110000000000001100000000000000000000000000000000000000000000000000000000001111111111111000100000000000000000000000000000110000000000001100000000000011000000000000111110
11111100000000000011000000000000110000000000001100000000000000000000000000000000000000000000000000000000001111000000000000000000000000000000000000000000110000000000001100000000000011000000000000111110
11111100000000000011000000000000110000000000001101000000000000000000000000000000000000001000000000000000001111000000000000000000000000000000000000000010110000000000001100000000000011000000000000111110
11111100000000000011000000000000110000000000001100000000000000000000000000000000000000000000000000000000001111000000000000000000000000000000000000000000110000000000001100000000000011000000000000111110
11111100000000000011000000000000110000000000001111111111111111111111111111111111111111111111110000000000001111111111111111111111111111111111111111111111110000000000001101000000000011000000000000111110
11111100000000000011000000000000110000000000011111111111111111111111111111111111111111111111110000000000001111111111111111111111111111111111111111111111111000000000001100000000000011000000000000111110
11111100000000000011000000000000110000000000011000000000000000000000000000000000000000000000110000000000000000000000000000000000000000000000000000000000011000000000001100000000000011000000000000111110
11111100000000000011000000000000110000000000100000000000000000000000000000100000000000000010110000000000001000000000000000000000010000000000000000000000000100000000001100000000000011000000000000111110
11111100000000000011000000000000110000000000000000000000000000000000000000000000000000000000110000000000000000000000000000000000000000000000000000000000000000000000001100000000000011000000000000111110
11111100000000000011000000000000110000000000000000000000000000000000000000000000000000000000110000000000000000000000000000000000000000000000000000000000000000000000001100000000000011010000000000111110
11111100000000000011000000000000110000000000000000000000000000000000000000000000000000000000110000000000000000000000000000000000000000000000000000000000000000000000001100000000000011000000000000111110
11111100000000000011000000000000110000000000000000000000000000000000000000000000000000000000110000000000000000000000000000000000000000000000000000000000000000000000001100000000000011000000000000111110
11111100000000000011000000000000110000000000000000000000000000000000000000000000000000000000110000000000000000000000000000000000000000000000000000000000000000000000001100000000001011000000000000111110
11111100000000000011000000000000110000000000000000000000000000000000000000000000000000000000110000000000000000000000000000000000000000000000000000000000000000000000001100000000000011000000000000111110
11111101000000000011010000000000110000000000000000000000000000000000000000000000000000000000110000000000000000000000000000000000000000000000000000000000000000000000001100000000000011000000000000111110
11111100000000000011000000000000110000000000000000000000000000000000000000000000000000000000110000000000000000000000000000000000000000000000000000000000000000000000001100000000000011000000000000111110
11111100000000000011000000000000110100000000000000000000000010000000000000000001000000000000110100000000000000000000010000000000000000000000001000000000000000000000101100000000000011000000000000111110
11111100000000000011000000000000110000000000000000000000000000000000000000000000000000000000110000000000000000000000000000000000000000000000000000000000000000000000001100000000000011000000000000111110
11111100000000000000000000000000111111111111111111111111111111111111111111111111000000000000111111111111111111111111111111111111111111111111111111111111111111111111111100000000000011000000000000111110
11111100000000000000000000000001111111111111111111111111111111111111111111111111000000000001111111111111111111111111111111111111111111111111111111111111111111111111111110000000000011000000000000111110
11111100000000000000000000000001100000000000000000000000000000000000000000000011000000000001100000000000000000000000000000000000000000000000000000000000000000000000000110000000000011000000000000111110
11111100000000000000000000000010000000000000000000000001000000000000000000001011000000000001000000000000000000000000000001000000000000000000000000000000000100000000000001000000000011000000000000111110
11111100000000000000000000000000000000000000000000000000000000000000000000000011000000000000000000000000000000000000000000000000000000000000000000000000000000000000000000000000000011000000000000111110
11111100000000000000000000000000000000000000000000000000000000000000000000000011000000000000000000000000000000000000000000000000000000000000000000000000000000000000000000000000000011000000000000111110
11111100000000000000000000000000000000000000000000000000000000000000000000000011000000000000000000000000000000000000000000000000000000000000000000000000000000000000000000000000000011000000000000111110
11111100000000000000000000000000000000000000000000000000000000000000000000000011000000000000000000000000000000000000000000000000000000000000000000000000000000000000000000000000000011000000000000111110
11111100000000000000000000000000000000000000000000000000000000000000000000000011000000000000000000000000000000000000000000000000000000000000000000000000000000000000000000000000000011000000000000111110
11111100000000000000000000000000000000000000000000000000000000000000000000000011000000000000000000000000000000000000000000000000000000000000000000000000000000000000000000000000000011000000000000111110
11111100000000000000000000000000000000000000000000000000000000000000000000000011000000000000000000000000000000000000000000000000000000000000000000000000000000000000000000000000000011000000000000111110
11111100000000000000000000000000000000000000000000000000000000000000000000000011000000000000000000000000000000000000000000000000000000000000000000000000000000000000000000000000000011000000000000111110
11111100000000001011010000000000001000000000000000000000000000001000000000000011010000000000000000000000001000000000000000000000000000000010000000000000000000000000100000000000001011000000000000111110
11111100000000000011000000000000000000000000000000000000000000000000000000000011000000000000000000000000000000000000000000000000000000000000000000000000000000000000000000000000000011000000000000111110
11111101000000001111110000000000001111111111111111111111111111111100000000000011111111111111111111111111111111111111111111111111111111111111111111111111111111111111111111111111111111110100000010111110
11111100000000001111110000000000001111111111111111111111111111111100000000000011111111111111111111111111111111111111111111111111111111111111111111111111111111111111111111111111111111110000000000111110
11111111000000111111000000000000000000000000000000000000000000001100000000000000000000000000000000000000000000000000000000000000000000000000000000000000000000000000000000000000000011111100000011111110
11111111000000111111010000000000000001000000000000000000000000101100000000000000000000000001000000000000000000000000000000000000000100000000000000000000000000000000100000000000000011111100000011111110
11111111111111111100000000000000000000000000000000000000000000001100000000000000000000000000000000000000000000000000000000000000000000000000000000000000000000000000000000000000000000111111111111111110
11111111111111111100000000000000000000000000011111111111100000001100000000000000000000000000000000000000000000000000000000000000000000000000000000000000000000000000000000000000000010111111111111111110
11111111111111110000000000000000000000000000000000000000111100001100000000000000000000000000000000000000000000000000000000000000000000000000000000000000000000000000000000000000000000001111111111111110
11111111111111110000000000000000000000000000000000000000111100001100000000000000000000000000000000000000000000000000000000000000000000000000000000000000000000000000000000000000000000001111111111111110
11111111111111110000000000000000000000000000000000000000111100001100000000000000000000000000000000000000000000000000000000000000000000000000000000000000000000000000000000000000000000001111111111111110
11111111111111110000000000000000000000000000000000000000111100001100000000000000000000000000000000000000000000000000000000000000000000000000000000000000000000000000000000000000000000001111111111111110
11111111111111110000000000000000000000000000011111111111100000001100000000000000000000000000000000000000000000000000000000000000000000000000000000000000000000000000000000000000000000001111111111111110
11111111111111110000000000000000000000000000000000000000000000001100000000000000000000000000000000000000000000000000000000000000000000000000000000000000000000000000000000000000000000001111111111111110
11111111111111111101000000000000000001000000000000000000000000101101000000000000000000000000000000000000000000001000000000000000000000000000000000001000000000000000000000000000000010111111111111111110
11111111111111111100000000000000000000000000000000000000000000001100000000000000000000000000000000000000000000000000000000000000000000000000000000000000000000000000000000000000000000111111111111111110
11111111111111111111111111111111111111111111111111111111111111111111111111111111111111111111111111111111111111111111111111111111111111111111111111111111111111111111111111111111111111111111111111111110
11111111111111111111111111111111111111111111111111111111111111111111111111111111111111111111111111111111111111111111111111111111111111111111111111111111111111111111111111111111111111111111111111111110
11111111111111111111111111111111111111111111111111111111111111111111111111111111111111111111111111111111111111111111111111111111111111111111111111111111111111111111111111111111111111111111111111111110
11111111111111111111111111111111111111111111111111111111111111111111111111111111111111111111111111111111111111111111111111111111111111111111111111111111111111111111111111111111111111111111111111111110
11111111111111111111111111111111111111111111111111111111111111111111111111111111111111111111111111111111111111111111111111111111111111111111111111111111111111111111111111111111111111111111111111111110
11111111111111111111111111111111111111111111111111111111111111111111111111111111111111111111111111111111111111111111111111111111111111111111111111111111111111111111111111111111111111111111111111111110
