00000000000000000000000000000000000000000000000000000000000000000000000000000000000000000000000000000000000000000000000000000000000000000000000000000000000000000000000000000000000000000000000000000000000000000000000000000000000000000000000000000000000000000000
11111111111111111111111111111111111111111111111111111111111111111111111111111111111111111111111111111111111111111111111111111111111111111111111111111111111111111111111111111111111111111111111111111111111111111111111111111111111111111111111111111111111111111110
11111111111111111111111111111111111111111111111111111111111111111111111111111111111111111111111111111111111111111111111111111111111111111111111111111111111111111111111111111111111111111111111111111111111111111111111111111111111111111111111111111111111111111110
11111111111111111111111111111111111111111111111111111111111111111111111111111111111111111111111111111111111111111111111111111111111111111111111111111111111111111111111111111111111111111111111111111111111111111111111111111111111111111111111111111111111111111110
11111111111111111111111111111111111111111111111111111111111111111111111111111111111111111111111111111111111111111111111111111111111111111111111111111111111111111111111111111111111111111111111111111111111111111111111111111111111111111111111111111111111111111110
11111111111111111111111111111111111111111111111111111111111111111111111111111111111111111111111111111111111111111111111111111111111111111111111111111111111111111111111111111111111111111111111111111111111111111111111111111111111111111111111111111111111111111110
11111111111111111111111111111111111111111111111111111111111111111111111111111111111111111111111111111111111111111111111111111111111111111111111111111111111111111111111111111111111111111111111111111111111111111111111111111111111111111111111111111111111111111110
11111111111111111111111111111111111111111111111111111111111111111111111111111111111111111111111111111111111111111111111111111111111111111111111111111111111111111111111111111111111111111111111111111111111111111111111111111111111111111111111111111111111111111110
11111111000110000110000000000000000000011011000000001101111111111111111000000000000000000000000000110011001100110000000000000000000000011110000000000000000000000000000000000000001101101100001111111111111111111111111100000000000000001111111111111111111111111110
11111111000110000000000000000000000000000011100000011100000000000000000000000000000000000000000000110011001100110000000000000000000000011110000000000000000000000000000000000000001100001100001111111111111111111111111101100000000111101111111111111111111111111110
11111111000110000110000000000000000000000001100000011000000000000000000000000000000000000000000000000000000000000000000000000000000000000000000000000000000000000000000000000000000001100000000011111111111111111111111101100001100111101111111111111111111111111110
11111111000000000110000000000000000000000000000000000000000000000000000000000000000000000000000000000000000000000000000000000000000000000000000000000000000000000000000000000000000000000000000011111111111111111111111100000001100001101111111111111111111111111110
11111100000000000000000000000000000000000000000000000000000000000000000000000011111111111110000000000000000000000000000000000000000000000000000000000000000000000000000000000000000000000000000000111111111111111111110000000000000001101111111111111111111111111110
11111100000000000000000001111111100000000000000000000001111111111111111000000010000000000000000000000111100000000000000000000000000000000000000000000000000000000000000000000000000000000000000000111111111111111111110000000000000000001111111111111111111111111110
11111100000000000000000001111111100000000000000000000001111111111111111000000010000000000000000000000111100000000000000000000000000000000000000000000000000000000000000000000000000000000000000000111111111111111111110000000000000000001111111111111111111111111110
11111100000000000000000001111111100000000000000000000001111111111111111000000010000000000000000000000111100000000000000000000000000000000000000000000000000000000000000000000000000000000000000000111111111111111111110000110000000011001111111111111111111111111110
11111100000000000000000001111111100000000000000000000001111111111111111000000010000000000000000000000111100000000000000000000000000000000000000000000000000000000000000000000000000000000000000000111111111111111111110000110000000011001111111111111111111111111110
11111100000000000000000000000000000000000000000000000000000000000000000000000011111111111110000000000000000000000000000000000000000000000000000000000000000000000000000000000000000000000000000000111111111111111111110000000000000000001111111111111111111111111110
11111111000110000110000000000000000000000000000000000000000000000000000000000000000000000000000000000000000000000000000000000000000000000000000000000000000000000000000000000000000000000000000011111111111111111111110000000000000000001111111111111111111111111110
11111111000110000110000000000000000000000001100000011000000000000000000000000000000000000000000000000000000000000000000000000000000000000000000000000000000000000000000000000000000001100000000011111111111111111111110000000000000001101111111111111111111111111110
11111111000110000000000000000000000000000011100000011100000000000000000000000000000000000000000000110011001100110000000000000000000000011110000000000000000000000000000000000000001100001100001111111111111111111111111100000001100001101111111111111111111111111110
11111111000110000110000000000000000000011011000000001101111111111111111000000000000000000000000000110011001100110000000000000000000000011110000000000000000000000000000000000000001101101100001111111111111111111111111101100001100111101111111111111111111111111110
11111111111111111111111111111111111111111111111111111111111111111111111111111111111111111111111111111111111111111111111111111111111111111111111111111111111111111111111111111111111111111111111111111111111111111111111101100000000111101111111111111111111111111110
11111111111111111111111111111111111111111111111111111111111111111111111111111111111111111111111111111111111111111111111111111111111111111111111111111111111111111111111111111111111111111111111111111111111111111111111100000000000000001111111111111111111111111110
11111111111111111111111111111111111111111111111111111111111111111111111111111111111111111111111111111111111111111111111111111111111111111111111111111111111111111111111111111111111111111111111111111111111111111111111111111111111111111111111111111111111111111110
11111111111111111111111111111111111111111111111111111111111111111111111111111111111111111111111111111111111111111111111111111111111111111111111111111111111111111111111111111111111111111111111111111111111111111111111111111111111111111111111111111111111111111110
11111111111111111111111111111111111111111111111111111111111111111111111111111111111111111111111111111111111111111111111111111111111111111111111111111111111111111111111111111111111111111111111111111111111111111111111111111111111111111111111111111111111111111110
11111111111111111111111111111111111111111111111111111111111111111111111111111111111111111111111111111111111111111111111111111111111111111111111111111111111111111111111111111111111111111111111111111111111111111111111111111111111111111111111111111111111111111110
11111111111111111111111111111111111111111111111111111111111111111111111111111111111111111111111111111111111111111111111111111111111111111111111111111111111111111111111111111111111111111111111111111111111111111111111111111111111111111111111111111111111111111110
11111111111111111111111111111111111111111111111111111111111111111111111111111111111111111111111111111111111111111111111111111111111111111111111111111111111111111111111111111111111111111111111111111111111111111111111111111111111111111111111111111111111111111110
11111111111111111111111111111111111111111111111111111111111111111111111111111111111111111111111111111111111111111111111111111111111111111111111111111111111111111111111111111111111111111111111111111111111111111111111111111111111111111111111111111111111111111110
11111111111111111111111111111111111111111111111111111111111111111111111111111111111111111111111111111111111111111111111111111111111111111111111111111111111111111111111111111111111111111111111111111111111111111111111111111111111111111111111111111111111111111110
11111111111111111111111111111111111111111111111111111111111111111111111111111111111111111111111111111111111111111111111111111111111111111111111111111111111111111111111111111111111111111111111111111111111111111111111111111111111111111111111111111111111111111110
11111111111111111111111111111111111111111111111111111111111111111111111111111111111111111111111111111111111111111111111111111111111111111111111111111111111111111111111111111111111111111111111111111111111111111111111111111111111111111111111111111111111111111110
11111111111111111111111111111111111111111111111111111111111111111111111111111111111111111111111111111111111111111111111111111111111111111111111111111111111111111111111111111111111111111111111111111111111111111111111111111111111111111111111111111111111111111110
11111111111111111111111111111111111111111111111111111111111111111111111111111111111111111111111111111111111111111111111111111111111111111111111111111111111111111111111111111111111111111111111111111111111111111111111111111111111111111111111111111111111111111110
11111111111111111111111111111111111111111111111111111111111111111111111111111111111111111111111111111111111111111111111111111111111111111111111111111111111111111111111111111111111111111111111111111111111111111111111111111111111111111111111111111111111111111110
11111111111111111111111111111111111111111111111111111111111111111111111111111111111111111111111111111111111111111111111111111111111111111111111111111111111111111111111111111111111111111111111111111111111111111111111111111111111111111111111111111111111111111110
11111111111111111111111111111111111111111111111111111111111111111111111111111111111111111111111111111111111111111111111111111111111111111111111111111111111111111111111111111111111111111111111111111111111111111111111111111111111111111111111111111111111111111110
11111111111111111111111111111111111111111111111111111111111111111111111111111111111111111111111111111111111111111111111111111111111111111111111111111111111111111111111111111111111111111111111111111111111111111111111111111111111111111111111111111111111111111110
11111111111111111111111111111111111111111111111111111111111111111111111111111111111111111111111111111111111111111111111111111111111111111111111111111111111111111111111111111111111111111111111111111111111111111111111111111111111111111111111111111111111111111110
11111111111111111111111111111111111111111111111111111111111111111111111111111111111111111111111111111111111111111111111111111111111111111111111111111111111111111111111111111111111111111111111111111111111111111111111111111111111111111111111111111111111111111110
11111111111111111111111111111111111111111111111111111111111111111111111111111111111111111111111111111111111111111111111111111111111111111111111111111111111111111111111111111111111111111111111111111111111111111111111111111111111111111111111111111111111111111110
11111111111111111111111111111111111111111111111111111111111111111111111111111111111111111111111111111111111111111111111111111111111111111111111111111111111111111111111111111111111111111111111111111111111111111111111111111111111111111111111111111111111111111110
11111111111111111111111111111111111111111111111111111111111111111111111111111111111111111111111111111111111111111111111111111111111111111111111111111111111111111111111111111111111111111111111111111111111111111111111111111111111111111111111111111111111111111110
11111111111111111111111111111111111111111111111111111111111111111111111111111111111111111111111111111111111111111111111111111111111111111111111111111111111111111111111111111111111111111111111111111111111111111111111111111111111111111111111111111111111111111110
11111111000110001111111111111111111111111111111111111111111111111111111111111111111111111111111111001111111111111111111111111111001111111111111111111111111111111111111111111111111111110001100011111111111111111111111100000000000000001111111111111111111111111110
11111111000110000000000000000000000000000000000000000000000000000000000000000000000000000000000000000000000000000000000000000000000000000000000000000000000000000000000000000000000000000001100011111111111111111111111101100000000111101111111111111111111111111110
11111111000000000000000000000000000000000000000000000000000000000000000000000000000000000000000000000000000000000000000000000000000000000000000000000000000000000000000000000000000000000000000011111111111111111111111101100001100111101111111111111111111111111110
11111111000000000000000000000000000000000000000000000000000000000000000000000000000000000000000000000000000000000000000000000000000000000000000000000000000000000000000000000000000000000000000011111111111111111111111100000001100001101111111111111111111111111110
11111111000000000111111111111111111111111111111111111111111111111111111111111111111111111111111110000111111111111111111111111110000111111111111111111111111111111111111111111111111111100000000000111111111111111111110000000000000001101111111111111111111111111110
11111111000000000111111111111111111111111111111111111111111111111111111111111111111111111111111110000111111111111111111111111110000111111111111111111111111111111111111111111111111111100000000000111111111111111111110000000000000000001111111111111111111111111110
11111111000000000111111111111111111111111111111111111111111111111111111111111111111111111111111110000111111111111111111111111110000111111111111111111111111111111111111111111111111111100000000000111111111111111111110000000000000000001111111111111111111111111110
11111111000000000111111111111111111111111111111111111111111111111111111111111111111111111111111110000111111111111111111111111110000111111111111111111111111111111111111111111111111111100000000000111111111111111111110000110000000011001111111111111111111111111110
11111111000000000111111111111111111111111111111111111111111111111111111111111111111111111111111110000111111111111111111111111110000111111111111111111111111111111111111111111111111111100000000000111111111111111111110000110000000011001111111111111111111111111110
11111111000000000111111111111111111111111111111111111111111111111111111111111111111111111111111110000111111111111111111111111110000111111111111111111111111111111111111111111111111111100000000000111111111111111111110000000000000000001111111111111111111111111110
11111111000000000000000000000000000000000000000000000000000000000000000000000000000000000000000000000000000000000000000000000000000000000000000000000000000000000000000000000000000000000000000011111111111111111111110000000000000000001111111111111111111111111110
11111111000000000000000000000000000000000000000000000000000000000000000000000000000000000000000000000000000000000000000000000000000000000000000000000000000000000000000000000000000000000000000011111111111111111111110000000000000001101111111111111111111111111110
11111111000110000000000000000000000000000000000000000000000000000000000000000000000000000000000000000000000000000000000000000000000000000000000000000000000000000000000000000000000000000001100011111111111111111111111100000001100001101111111111111111111111111110
11111111000110001111111111111111111111111111111111111111111111111111111111111111111111111111111111111111111111111111111111111111111111111111111111111111111111111111111111111111111111110001100011111111111111111111111101100001100111101111111111111111111111111110
11111111111111111111111111111111111111111111111111111111111111111111111111111111111111111111111111111111111111111111111111111111111111111111111111111111111111111111111111111111111111111111111111111111111111111111111101100000000111101111111111111111111111111110
11111111111111111111111111111111111111111111111111111111111111111111111111111111111111111111111111111111111111111111111111111111111111111111111111111111111111111111111111111111111111111111111111111111111111111111111100000000000000001111111111111111111111111110
11111111111111111111111111111111111111111111111111111111111111111111111111111111111111111111111111111111111111111111111111111111111111111111111111111111111111111111111111111111111111111111111111111111111111111111111111111111111111111111111111111111111111111110
11111111111111111111111111111111111111111111111111111111111111111111111111111111111111111111111111111111111111111111111111111111111111111111111111111111111111111111111111111111111111111111111111111111111111111111111111111111111111111111111111111111111111111110
11111111111111111111111111111111111111111111111111111111111111111111111111111111111111111111111111111111111111111111111111111111111111111111111111111111111111111111111111111111111111111111111111111111111111111111111111111111111111111111111111111111111111111110
11111111111111111111111111111111111111111111111111111111111111111111111111111111111111111111111111111111111111111111111111111111111111111111111111111111111111111111111111111111111111111111111111111111111111111111111111111111111111111111111111111111111111111110
11111111111111111111111111111111111111111111111111111111111111111111111111111111111111111111111111111111111111111111111111111111111111111111111111111111111111111111111111111111111111111111111111111111111111111111111111111111111111111111111111111111111111111110
11111111111111111111111111111111111111111111111111111111111111111111111111111111111111111111111111111111111111111111111111111111111111111111111111111111111111111111111111111111111111111111111111111111111111111111111111111111111111111111111111111111111111111110
11111111111111111111111111111111111111111111111111111111111111111111111111111111111111111111111111111111111111111111111111111111111111111111111111111111111111111111111111111111111111111111111111111111111111111111111111111111111111111111111111111111111111111110
11111111111111111111111111111111111111111111111111111111111111111111111111111111111111111111111111111111111111111111111111111111111111111111111111111111111111111111111111111111111111111111111111111111111111111111111111111111111111111111111111111111111111111110
11111111111111111111111111111111111111111111111111111111111111111111111111111111111111111111111111111111111111111111111111111111111111111111111111111111111111111111111111111111111111111111111111111111111111111111111111111111111111111111111111111111111111111110
11111111111111111111111111111111111111111111111111111111111111111111111111111111111111111111111111111111111111111111111111111111111111111111111111111111111111111111111111111111111111111111111111111111111111111111111111111111111111111111111111111111111111111110
11111111111111111111111111111111111111111111111111111111111111111111111111111111111111111111111111111111111111111111111111111111111111111111111111111111111111111111111111111111111111111111111111111111111111111111111111111111111111111111111111111111111111111110
11111111111111111111111111111111111111111111111111111111111111111111111111111111111111111111111111111111111111111111111111111111111111111111111111111111111111111111111111111111111111111111111111111111111111111111111111111111111111111111111111111111111111111110
11111111111111111111111111111111111111111111111111111111111111111111111111111111111111111111111111111111111111111111111111111111111111111111111111111111111111111111111111111111111111111111111111111111111111111111111111111111111111111111111111111111111111111110
11111111111111111111111111111111111111111111111111111111111111111111111111111111111111111111111111111111111111111111111111111111111111111111111111111111111111111111111111111111111111111111111111111111111111111111111111111111111111111111111111111111111111111110
11111111111111111111111111111111111111111111111111111111111111111111111111111111111111111111111111111111111111111111111111111111111111111111111111111111111111111111111111111111111111111111111111111111111111111111111111111111111111111111111111111111111111111110
11111111111111111111111111111111111111111111111111111111111111111111111111111111111111111111111111111111111111111111111111111111111111111111111111111111111111111111111111111111111111111111111111111111111111111111111111111111111111111111111111111111111111111110
11111111111111111111111111111111111111111111111111111111111111111111111111111111111111111111111111111111111111111111111111111111111111111111111111111111111111111111111111111111111111111111111111111111111111111111111111111111111111111111111111111111111111111110
11111111111111111111111111111111111111111111111111111111111111111111111111111111111111111111111111111111111111111111111111111111111111111111111111111111111111111111111111111111111111111111111111111111111111111111111111111111111111111111111111111111111111111110
11111111111111111111111111111111111111111111111111111111111111111111111111111111111111111111111111111111111111111111111111111111111111111111111111111111111111111111111111111111111111111111111111111111111111111111111111111111111111111111111111111111111111111110
11111111111111111111111111111111111111111111111111111111111111111111111111111111111111111111111111111111111111111111111111111111111111111111111111111111111111111111111111111111111111111111111111111111111111111111111111111111111111111111111111111111111111111110
11111111111111111111111111111111111111111111111111111111111111111111111111111111111111111111111111111111111111111111111111111111111111111111111111111111111111111111111111111111111111111111111111111111111111111111111111111111111111111111111111111111111111111110
11111111111111111111111111111111111111111111111111111111111111111111111111111111111111111111111111111111111111111111111111111111111111111111111111111111111111111111111111111111111111111111111111111111111111111111111111111111111111111111111111111111111111111110
11111111000110110110100000000000000000010001100111100000000111111100000011111110000000000000000111100000000000000000110000001100000000000000000000000000000000000000000000000000001111111101101111111111111111111111111100000000000000001111111111111111111111111110
11111111000110110000000000000000000000000001100000000000000001111100000011111000000000000000000000000000000000000000110000001100000000000000000000000000000000000000000000000000001100001101101111111111111111111111111101100000000111101111111111111111111111111110
11111111000000000000006600000000006600000000000000000000000001110000000000111000006666006666000011000066006600660000006666660000006600666666660066006600666666000000660000006600000000000000000011111111111111111111111101100001100111101111111111111111111111111110
11111111000000000000006600000000006600000000000000000000000000110000000000110000006666006666000011000066006600660000006666660000006600666666660066006600666666000000660000006600000000000000000011111111111111111111111100000001100001101111111111111111111111111110
11111111000000000000000000000000000000000000000000000000000000000066006600000000006610000166000000000000000000000066000000000000006600661100660066006600000000000000000066000000000000000000000000111111111111111111110000000000000001101111111111111111111111111110
11111111000000000000000000011110000000000000000000000000000000000066006600000000006600000066000000000000000000000066000000000000006600661100660066006600000000000000000066000000000000000000000000111111111111111111110000000000000000001111111111111111111111111110
11111111000000000000000000011110000000000000000000000000000000000000000000000000000000660000000000000066006600660000006666660000006600666600660066006666666666000000660000006600000000000000000000111111111111111111110000000000000000001111111111111111111111111110
11111111000000000000000000011110000000000000000000000000000000000000000000000000000000660000000000000066006600660000006666660000006600666600660066006666666666000000660000006600000000000000000000111111111111111111110000110000000011001111111111111111111111111110
11111111000000000000000000011110000000000000000000000000000000000066006600000000006600000066000000000000000000000066000000000000006600000000660066110000000066000000000000000000000000000000000000111111111111111111110000110000000011001111111111111111111111111110
11111111000000000000000000000000000000000000000000000000000000000066006600000000006610000166000000000000000000000066000000000000006600000000660066110000000066000000000000000000000000000000000000111111111111111111110000000000000000001111111111111111111111111110
11111111000000000000006600000000006600000000000000000000000000110000000000110000006666006666000011000066006600660000006666660000006666666666660066666666660066000000660000006600000000000000000011111111111111111111110000000000000000001111111111111111111111111110
11111111000000000000006600000000006600000000000000000000000001110000000000111000006666006666000011000066006600660000006666660000006666666666660066666666660066000000660000006600000000000000000011111111111111111111110000000000000001101111111111111111111111111110
11111111000110110000000000000000000000000001100000000000000001111100000011111000000000000000000000000000000000000000110000001100000000000000000000000000000000000000000000000000001100001101101111111111111111111111111100000001100001101111111111111111111111111110
11111111000110110110100000000000000000010001100111100000000111111100000011111110000000000000000111100000000000000000110000001100000000000000000000000000000000000000000000000000001111111101101111111111111111111111111101100001100111101111111111111111111111111110
11111111111111111111111111111111111111111111111111111111111111111111111111111111111111111111111111111111111111111111111111111111111111111111111111111111111111111111111111111111111111111111111111111111111111111111111101100000000111101111111111111111111111111110
11111111111111111111111111111111111111111111111111111111111111111111111111111111111111111111111111111111111111111111111111111111111111111111111111111111111111111111111111111111111111111111111111111111111111111111111100000000000000001111111111111111111111111110
11111111111111111111111111111111111111111111111111111111111111111111111111111111111111111111111111111111111111111111111111111111111111111111111111111111111111111111111111111111111111111111111111111111111111111111111111111111111111111111111111111111111111111110
11111111111111111111111111111111111111111111111111111111111111111111111111111111111111111111111111111111111111111111111111111111111111111111111111111111111111111111111111111111111111111111111111111111111111111111111111111111111111111111111111111111111111111110
11111111111111111111111111111111111111111111111111111111111111111111111111111111111111111111111111111111111111111111111111111111111111111111111111111111111111111111111111111111111111111111111111111111111111111111111111111111111111111111111111111111111111111110
11111111111111111111111111111111111111111111111111111111111111111111111111111111111111111111111111111111111111111111111111111111111111111111111111111111111111111111111111111111111111111111111111111111111111111111111111111111111111111111111111111111111111111110
11111111111111111111111111111111111111111111111111111111111111111111111111111111111111111111111111111111111111111111111111111111111111111111111111111111111111111111111111111111111111111111111111111111111111111111111111111111111111111111111111111111111111111110
11111111111111111111111111111111111111111111111111111111111111111111111111111111111111111111111111111111111111111111111111111111111111111111111111111111111111111111111111111111111111111111111111111111111111111111111111111111111111111111111111111111111111111110
11111111111111111111111111111111111111111111111111111111111111111111111111111111111111111111111111111111111111111111111111111111111111111111111111111111111111111111111111111111111111111111111111111111111111111111111111111111111111111111111111111111111111111110
11111111111111111111111111111111111111111111111111111111111111111111111111111111111111111111111111111111111111111111111111111111111111111111111111111111111111111111111111111111111111111111111111111111111111111111111111111111111111111111111111111111111111111110
11111111111111111111111111111111111111111111111111111111111111111111111111111111111111111111111111111111111111111111111111111111111111111111111111111111111111111111111111111111111111111111111111111111111111111111111111111111111111111111111111111111111111111110
11111111111111111111111111111111111111111111111111111111111111111111111111111111111111111111111111111111111111111111111111111111111111111111111111111111111111111111111111111111111111111111111111111111111111111111111111111111111111111111111111111111111111111110
11111111111111111111111111111111111111111111111111111111111111111111111111111111111111111111111111111111111111111111111111111111111111111111111111111111111111111111111111111111111111111111111111111111111111111111111111111111111111111111111111111111111111111110
11111111111111111111111111111111111111111111111111111111111111111111111111111111111111111111111111111111111111111111111111111111111111111111111111111111111111111111111111111111111111111111111111111111111111111111111111111111111111111111111111111111111111111110
11111111111111111111111111111111111111111111111111111111111111111111111111111111111111111111111111111111111111111111111111111111111111111111111111111111111111111111111111111111111111111111111111111111111111111111111111111111111111111111111111111111111111111110
11111111111111111111111111111111111111111111111111111111111111111111111111111111111111111111111111111111111111111111111111111111111111111111111111111111111111111111111111111111111111111111111111111111111111111111111111111111111111111111111111111111111111111110
11111111111111111111111111111111111111111111111111111111111111111111111111111111111111111111111111111111111111111111111111111111111111111111111111111111111111111111111111111111111111111111111111111111111111111111111111111111111111111111111111111111111111111110
11111111111111111111111111111111111111111111111111111111111111111111111111111111111111111111111111111111111111111111111111111111111111111111111111111111111111111111111111111111111111111111111111111111111111111111111111111111111111111111111111111111111111111110
11111111111111111111111111111111111111111111111111111111111111111111111111111111111111111111111111111111111111111111111111111111111111111111111111111111111111111111111111111111111111111111111111111111111111111111111111111111111111111111111111111111111111111110
11111111111111111111111111111111111111111111111111111111111111111111111111111111111111111111111111111111111111111111111111111111111111111111111111111111111111111111111111111111111111111111111111111111111111111111111111111111111111111111111111111111111111111110
11111111111111111111111111111111111111111111111111111111111111111111111111111111111111111111111111111111111111111111111111111111111111111111111111111111111111111111111111111111111111111111111111111111111111111111111111111111111111111111111111111111111111111110
11111111111111111111111111111111111111111111111111111111111111111111111111111111111111111111111111111111111111111111111111111111111111111111111111111111111111111111111111111111111111111111111111111111111111111111111111111111111111111111111111111111111111111110
11111111111111111111111111111111111111111111111111111111111111111111111111111111111111111111111111111111111111111111111111111111111111111111111111111111111111111111111111111111111111111111111111111111111111111111111111111111111111111111111111111111111111111110
11111111111111111111111111111111111111111111111111111111111111111111111111111111111111111111111111111111111111111111111111111111111111111111111111111111111111111111111111111111111111111111111111111111111111111111111111111111111111111111111111111111111111111110
11111111111111111111111111111111111111111111111111111111111111111111111111111111111111111111111111111111111111111111111111111111111111111111111111111111111111111111111111111111111111111111111111111111111111111111111111111111111111111111111111111111111111111110
11111111111111111111111111111111111111111111111111111111111111111111111111111111111111111111111111111111111111111111111111111111111111111111111111111111111111111111111111111111111111111111111111111111111111111111111111111111111111111111111111111111111111111110
11111111111111111111111111111111111111111111111111111111111111111111111111111111111111111111111111111111111111111111111111111111111111111111111111111111111111111111111111111111111111111111111111111111111111111111111111111111111111111111111111111111111111111110
11111111111111111111111111111111111111111111111111111111111111111111111111111111111111111111111111111111111111111111111111111111111111111111111111111111111111111111111111111111111111111111111111111111111111111111111111111111111111111111111111111111111111111110
11111111111111111111111111111111111111111111111111111111111111111111111111111111111111111111111111111111111111111111111111111111111111111111111111111111111111111111111111111111111111111111111111111111111111111111111111111111111111111111111111111111111111111110
11111111111111111111111111111111111111111111111111111111111111111111111111111111111111111111111111111111111111111111111111111111111111111111111111111111111111111111111111111111111111111111111111111111111111111111111111111111111111111111111111111111111111111110
11111111111111111111111111111111111111111111111111111111111111111111111111111111111111111111111111111111111111111111111111111111111111111111111111111111111111111111111111111111111111111111111111111111111111111111111111111111111111111111111111111111111111111110
11111111111111111111111111111111111111111111111111111111111111111111111111111111111111111111111111111111111111111111111111111111111111111111111111111111111111111111111111111111111111111111111111111111111111111111111111111111111111111111111111111111111111111110
11111111111111111111111111111111111111111111111111111111111111111111111111111111111111111111111111111111111111111111111111111111111111111111111111111111111111111111111111111111111111111111111111111111111111111111111111111111111111111111111111111111111111111110
11111111111111111111111111111111111111111111111111111111111111111111111111111111111111111111111111111111111111111111111111111111111111111111111111111111111111111111111111111111111111111111111111111111111111111111111111111111111111111111111111111111111111111110
11111111111111111111111111111111111111111111111111111111111111111111111111111111111111111111111111111111111111111111111111111111111111111111111111111111111111111111111111111111111111111111111111111111111111111111111111111111111111111111111111111111111111111110
11111111111111111111111111111111111111111111111111111111111111111111111111111111111111111111111111111111111111111111111111111111111111111111111111111111111111111111111111111111111111111111111111111111111111111111111111111111111111111111111111111111111111111110
11111111111111111111111111111111111111111111111111111111111111111111111111111111111111111111111111111111111111111111111111111111111111111111111111111111111111111111111111111111111111111111111111111111111111111111111111111111111111111111111111111111111111111110
11111111111111111111111111111111111111111111111111111111111111111111111111111111111111111100000000000000000000000000000000000000000000000000000000000000000000000000000000011111111111111111111111111000000001111111111111111111111000000000000000000001111111111110
11111111111111111111111111111111111111111111111111111111111111111111111111111111111111111100000000000000000000000000000000000000000000000000000000000000000000000000000000011111111111111111111111111000000001111111111111111111111000000000000000000001111111111110
11111111111111111111111111111111111111111111111111111111111110000000000111111111111111111100000000000000000000000000000000000000000000000000000000000000000000000000000000011111111111111111111111110000000001111111111111111111111000011001110000111001111111111110
11111111111111111111111110000000000000000000000111111111111110110000110111111111111111111000000000000000000000000000000000000000000000000000000000000000000000000000000000011111111111111111111111110000000001111111111111111111111000011001110000111001111111111110
11111111111111111111111000000000000000000000000011111111111110110000110111111111111111111000000000000000000000000000000000000000000000000000000000000000000000000000000000011111111111111111111111100000000001111111111111111111111000000001100000011001111111111110
11111111111111111111111000000000000000000000000011111111111110000000000111111111111111111000000000000000000000000000000000000000000000000000000000000000000000000000000000011111111111111111111111100000000001111111111111111111110000000000000000000001111111111110
11111111111111111111111000000000000000111100000011111111111110000000000111111111111111111000000000000000000000000000000000000000000000000000000000000000000000000000000000011111111111111111111110000000000111111111111111111111110000000000000000000001111111111110
11111111111111111111110000000000001111111111100011111111111000000000000111111111111111111111111111111111000000000000000111111111111111111111111111111111111111111111111111111111111111111110000000000000000111111111111111100000000000000000000000000001111111111110
11111111111111111111110000000000001111111111110000111111111000000000000111111111111111111111111111111111110000000000011111111111111111111111111111111111111111111111111111111111111111111111100000000000000001111111111111100110000001100000000000000001111111111110
11111111111111110000000000000000011111111111111000011111000000110000110111111111111111111111111111111111110000000000011111111111111111111111111111111111111111111111111111111111111111111111100000000000000001111111111111100110000001100001100000011001111111111110
11111111111111110000000000000000011111111111111000000000000000110000110011111111111111111111111111111111111000000000111111111111111111111111111111111111111111111111111111111111111111111110000000000000000001111111111111100000000000000001110000111001111111111110
11111111111111110000000000000000011111111111111000000000000000000000000011111111111111111111111111111111111000000001111111111111111111111111111111111111111111111111111111111111111111111110000000000000000001111111111111111111000000000001110000111001111111111110
11111111111111111111100000000001111111111111111000000000000001111111111111111111111111111111111111111111111000000001111111111111111111111111111111111111111111111111111111111111111111111110000000000000000001111111111111111111100000000000000000000001111111111110
11111111111111111111110000000001111111111111111000000000001111111111111111111111111111111111111111111111111000000001111111111111111111111111111111111111111111111111111111111111111111111110000000000000000001111111111111111111110000000000000000000001111111111110
11111111111111111111110000000000011111111111111000000000011111111111111111111111111111111111111111111111111000000000111111111111111111111111111111111111111111111111111111111111111111111110000000000000000001111111111111111111111000000000000000011001111111111110
11111111111111111111110000000000011111111111111000000000111111111111111111111111111111111111111111111111110000000000011111111111111111111111111111111111111111111111111111111111111111111110000000000000000001111111111111111111111000000000000000011001111111111110
11111111111111111111110000000000011111111111111000000000111111111111111111111111111111111111111111111111110000000000011111111111111111111111111111111111111111111111111111111111111111111110000001100000000001111111111111111111111000000000000000000001111111111110
11111111111111111111110000000000011111111111111000000001111111111111111111111111111111111111111111111111100000000000001111111111111111111111111111111111111111111111111111111111111111111111100001100000000001111111111111111111111000000000000000000001111111111110
11111111111111111111110000000000000111111111111000000001111111111111111111111111111111111000000000000000000000000000000000000000000000000000000000000000000000000000000000011111111111111111111100000000000001111111111111111111111110000000011000000001111111111110
11111111111111111111111000000000000011111100000000000000111111111111111111111111111111111000000000000000000000000000000000000000000000000000000000000000000000000000000000011111111111111111111110000000000001111111111111111111111110000000011000111111111111111110
11111111111111111111111111111110000000000000000000000000111111111111111111111111111111111000000000000000000000000000000000000000000000000000000000000000000000000000000000011111111111111111111111000000000001111111111111111111110000000000000001111111111111111110
11111111111111111111111111111111000000000000000000000000111111111111111111111111111111111000000000000000000000000000000000000000000000000000000000000000000000000000000000011111111111111111111111000000000001111111111111111111100000000000000011111111111111111110
11111111111111111111111111111111100000000000001111000000011111111111111111111111111111111000000000000000000000000000000000000000000000000000000000000000000000000000000000011111111111111111111111000000000111111111111111111111000000000000000011111111111111111110
11111111111111111111111111111111110000000001111111111000011111111111111111111111111111111000000000000000000000000000000000000000000000000000000000000000000000000000000000011111111111111111111111000000000111111111111111100000000000000000000011111111111111111110
11111111111111111111111111111111110000000011111111111100001111111111111111111111111111111000000000000000000000000000000000000000000000000000000000000000000000000000000000011111111111111111111111000000000001111111111111111000000000000000000011111111111111111110
11111111111111111111111111111111110000000111111111111110000011111111111111111111111111111000000000000000000000000000000000000000000000000000000000000000000000000000000000011111111111111111111111100000000001111111111111111000000000000000000011111111111111111110
11111111111111111111111111111111111000000111111111111110000000000000011111111111111111111111111111111111111111111111111111111111111111111111111111111111110000000000000011111111111111111111111111100000000001111111111111100000000000000000000011111111111111111110
11111111111111111111111111111111111000000111111111111110000000000000011111111111111111111111111111111111111111111111111111111111111111111111111111111111111100000000001111111111111111111111111111100000000000111111111111000000000000000000000011111111111111111110
11111111111111111111111111111111111000000111111111111110000000000110011111111111111111111111111111111111111111111111111111111111111111111111111111111111111110000000011111111111111111111111111111100000000000011111111111000000000000000000000011111111111111111110
11111111111111111111111111111111111000000111111111111110000000000110011111111111111111111111111111111111111111111111111111111111111111111111111111111111111110000000011111111111111111111111111111100000000000001111111110000000000000000000000011111111111111111110
11111111111111111111111111111111111000000111111111111110000000000000011111111111111111111111111111111111111111111111111111111111111111111111111111111111111110000000011111111111111111111111111111100000000000000111111100000000000000000001100011111111111111111110
11111111111111111111111111111111111000000111111111111110000000000000011111111111111111111111111111111111111111111111111111111111111111111111111111111111111110000000011111111111111111111111111111100000000000000111111000000000011111111111100011111111111111111110
11111111111111111111111111111111111000000111111111111110000000000000011111111111111111111111111111111111111111111111111111111111111111111111111111111111111110000000011111111111111111111111111111000000000000000000000000000000011111111110000011111111111111111110
11111111111111111111111111111111111000000111111111111110000000000000011111111111111111111111111111111111111111111111111111111111111111111111111111111111111110000000001111111111111111111111111111000000000000000000000000000000011111111111000011111111111111111110
11111111111111111000001111111111111000000111111111111110000000000000011111111111111111111111111111111111111111111111111111111111111111111111111111111111111100000000001111111111111111111111111111000000000000000000000000000000111111111111000000111111111111111110
11111111111111111000001111111111111000000111111111111110000000000000011111111111111111111111111111111111111111111111111111111111111111111111111111111111111000000000000011111111111111111111111111000000000000000000000000000000111111111111000000000001111111111110
11111111111111110000001111111111111000000111111111111110000000000000011111111111111111111000000000000000000000000000000000000000000000000000000000000000000000000000000000111111111111111111111111000000000000000000000000000110111111111111000000000001111111111110
11111111111111110000001111111111110000000111111111111110000000011111111111111111111111111000000000000000000000000000000000000000000000000000000000000000000000000000000000011111111111111111111111000000000000111111110000000110111111111111000000000001111111111110
11111111111111110000001111111111110000000111111111111110000000011111111111111111111111111000000000000000000000000000000000000000000000000000000000000000000000000000000000011111111111111111111110000000000001111111111000000000111111111111000000000001111111111110
11111111111111110000001111111111100000000111111111111110000001111111111111111111111111111000000000000000000000000000000000000000000000000000000000000000000000000000000000001111111111111111100000000000000001111111111100000000111111111111000000000001111111111110
11111111111111110000000011111111000000000111111111111110000001111111111111111111111111111000000000000000000000000000000000000000000000000000000000000000000000000000000000001111111111111111100000000000000011111111111100000000111111111110000000000001111111111110
11111111111111110000000000000000000000000111111111111110000001111111111111111111111111111000000000000000000000000000000000000000000000000000000000000000000000000000000000001111111111111111100000000000000011111111111100000000011111111110000000000001111111111110
11111111111111110000000000000000000000000111111111111110000001111111111111111111111111111000000000000000000000000000000000000000000000000000000000000000000000000000000000001111111111111111111111100000000011111111111100000000000111111000000000000001111111111110
11111111111111110000000000000000000000000111111111111110000001111111111111111111111111111000000000000000000000000000000000000000000000000000000000000000000000000000000000001111111111111111111111110000000011111111111110000000000000000000000000000001111111111110
11111111111111110000000000000000000000000111111111111110000001111111111111111111111111111111111111111111111111111111111111110000000000000001111111111111111111111111111111111111111111111111111111111100000011111111111110000000000000000000000000000111111111111110
11111111111111110000000000000000000000000111111111111110000001111111111111111111111111111111111111111111111111111111111111111000000000000111111111111111111111111111111111111111111111111111111111111100000011111111111110000000000000000000000000000111111111111110
11111111111111110000000000000000000000000111111111111111111111111111111111111111111111111111111111111111111111111111111111111110000000011111111111111111111111111111111111111111111111111111111111111110000011111111111110000000000000000000000000000001111111111110
11111111111111110000000000000000000000000111111111111111111111111111111111111111111111111111111111111111111111111111111111111110000000011111111111111111111111111111111111111111111111111111111111111110000011111111111110000000000000000000000000000001111111111110
11111111111111110000011110000000000000000111111111111111111111111111111111111111111111111111111111111111111111111111111111111110000000011111111111111111111111111111111111111111111111111111111111111110000011111111111110000000000000000000000000000001111111111110
11111111111111110000011110000000000000000111111111111111111111111111111111111111111111111111111111111111111111111111111111111110000000011111111111111111111111111111111111111111111111111111111111111110000011111111111110000000000000000000000000000001111111111110
11111111111111110000011110000000000000000111111111111111111111111111111111111111111111111111111111111111111111111111111111111110000000011111111111111111111111111111111111111111111111111111111111111110000011111111111101100000000000000000000000000001111111111110
11111111111111110000011110000000000000000111111111111111111111111111111111111111111111111111111111111111111111111111111111111100000000011111111111111111111111111111111111111111111111111111111111111110000011111111111101100000000000000000000000000001111111111110
11111111111111110000011110000000000000011111111111111111111111111111111111111111111111111111111111111111111111111111111111111000000000000111111111111111111111111111111111111111111111111111111111111100000011111111111100000000001111100000000000000001111111111110
11111111111111110000011110000000000000011111111111111111111111111111111111111111111111111111111111111111111111111111111111110000000000000001111111111111111111111111111111111111111111111111111111111000000011111111111000000001111111111000000000000001111111111110
11111111111111110000011110000000000000000111111111111111111111111111111111111111111111111000000000000000000000000000000000000000000000000000000000000000000000000000000000011111111111111111111111110000000001111111111000000011111111111100000000000001111111111110
11111111111111110000011110000000000111111111111111111111111111111111111111111111111111111000000000000000000000000000000000000000000000000000000000000000000000000000000000011111111111111111111111100000000001111111111000000111111111111110000000000001111111111110
11111111111111110000001110000000001111111111111111111111111111111111111111111111111111111000000000000000000000000000000000000000000000000000000000000000000000000000000000011111111111111111100000000000000001111111111000000111111111111110000000000001111111111110
11111111111111110000001110000000011111111111111111111111111111111111111111111111111111111000000000000000000000000000000000000000000000000000000000000000000000000000000000011111111111111111100000000000000000011111100000000111111111111110000000000001111111111110
11111111111111110110001111000000011111111111111111111111111111111111111111111111111111111000000000000000000000000000000000000000000000000000000000000000000000000000000000011111111111111100000000000000000000000000000000000111111111111111100000000001111111111110
11111111111111110110001111000000011111111111111111111111111111111111111111111111111111111000000000000000000000000000000000000000000000000000000000000000000000000000000000011111111111111110000000000000000000000000000000000111111111111111100000000001111111111110
11111111111111110000001111000000011111111111111111111110000000000000000011111111111111111000000000000000000000000000000000000000000000000000000000000000000000000000000000011111111111111111111100000000000000000000000000000111111111111110000000000001111111111110
11111111111111110000001111000000011111111111111111111110000000000000000111111111111111111000000000000000000000000000000000000000000000000111111111111111111111111111111111111111111111111111111110000000000000000000000000000111111111111110000000000001111111111110
11111111111111110000001111000000011111111111111111111111111110000001100111111111111111111111111111000000000001111111111111111111111111111111111111111111111111111111111111111111111111111111111111000000000000000000000000000111111111111110000000000001111111111110
11111111111111110000001111000000011111111111111111111111111110000001100111111111111111111111111111000000000011111111111111111111111111111111111111111111111111111111111111111111111111111111111111000000000000000000000000000111111111111110000000000001111111111110
11111111111111110000001111000000011111111111111111111111111111000000000111111111111111111111111111100000000011111111111111111111111111111111111111111111111111111111111111111111111111111111111111000000000000000000000000000111111111111110000000000001111111111110
11111111111111110000001111000000011111111111111111111111111111100000000111111111111111111111111111100000000111111111111111111111111111111111111111111111111111111111111111111111111111111111111111000000000000000000000000000111111111111110000000000001111111111110
11111111111111110000001111000000011111111111111111111111111111100000000111111111111111111111111111100000000111111111111111111111111111111111111111111111111111111111111111111111111111111111111111000000000000001100000000000111111111111110000000000001111111111110
11111111111111110000001111000000011111111111111111111111111111100000000111111111111111111111111111100000000111111111111111111111111111111111111111111111111111111111111111111111111111111111111111000000000000001100000000000111111111111110000000000001111111111110
11111111111111110000001111000000011111111111111111111111111111100000000111111111111111111111111111100000000111111111111111111111111111111111111111111111111111111111111111111111111111111111111111111111111111111111111111111111111111111110000000000001111111111110
11111111111111110000001111000000011111111111111111111111111111100000000111111111111111111111111111100000000111111111111111111111111111111111111111111111111111111111111111111111111111111111111111111111111111111111111111111111111111111110000000000001111111111110
11111111111111110000001111000000001111111111111111111111111111100000000111111111111111111111111111100000000011111111111111111111111111111111111111111111111111111111111111111111111111111111111111111111111111111111111111111111111111111110000000000111111111111110
11111111111111110000001110000000001111111111111111111111111111100000000111111111111111111111111111000000000001111111111111111111111111111111111111111111111111111111111111111111111111111111111111111111111111111111111111111111111111111110000000000111111111111110
11111111111111110000001110000000000111111111111111111111111111000000000111111111111111111000000000000000000000000000000000000000000000000000000000000000000000000000000000011111111111111111111111111111111111111111111111111111111111111110000000000001111111111110
11111111111111110000001110000000000111111111111111111111111111000000000111111111111111111000000000000000000000000000000000000000000000000000000000000000000000000000000000011111111111111111111111111111111111111111111111111111111111111110000000000001111111111110
11111111111111110000001110000000000001111111111111111111111110000000000111111111111111111000000000000000000000000000000000000000000000000000000000000000000000000000000000011111111111111111111111111111111111111111111111111111111111111110000000000001111111111110
11111111111111110000001110000000000001111111111111111111111110000000000111111111111111111000000000000000000000000000000000000000000000000000000000000000000000000000000000011111111111111111111111111111111111111111111111111111111111111110000000000001111111111110
11111111111111110000001110000000000000000000000000000000000000000000000111111111111111111000000000000000000000000000000000000000000000000000000000000000000000000000000000011111111111111111111111111111111111111111111111111111111111111110000000000001111111111110
11111111111111110000001111100000000000000000000000000000000000000000000111111111111111111000000000000000000000000000000000000000000000000000000000000000000000000000000000011111111111111111111111111111111111111111111111111111111111111110000000000001111111111110
11111111111111110000001111100000000000000000000000000000000110000000000111111111111111111000000000000000000000000000000000000000000000000000000000000000000000000000000000011111111111111111111111111111111111111111111111111111111111111100000000000001111111111110
11111111111111110000001111110000000000000000000000000000000110000000000111111111111111111000000000000000000000000000000000000000000000000000000000000000000000000000000000011111111111111111111111111111111111111111111111111111111111111100000000000001111111111110
11111111111111110000000111110000000000000000000000000000000000000000000111111111111111111111111111111111111111111111111111100000000000000111111111111111111111111111111111111111111111111111111111111111111111111111111111111111111111111000000000000001111111111110
11111111111111110000000111111111110000000000000000000000000000000000000111111111111111111111111111111111111111111111111111110000000000001111111111111111111111111111111111111111111111111111111111111111111111111111111111111111111111110000000000000001111111111110
11111111111111110000011111111111110000000000000000000000000000000000000111111111111111111111111111111111111111111111111111110000000000011111111111111111111111111111111111111111111111111111110000000000000111111111111111111111111110000000000000000001111111111110
11111111111111110000011111111111110000000000000000000000000000000000000111111111111111111111111111111111111111111111111111110000000000011111111111111111111111111111111111111111111111111111110000000000000111111111111111111111111110000000000000000001111111111110
11111111111111110000011100000000000000000000000000000000000000000000000111111111111111111111111111111111111111111111111111110000000000011111111111111111111111111111111111111111111111111110000000000000000001111111111111111111111000000000000000000001111111111110
11111111111111110000111100000000000000000000000000000000000000000000000111111111111111111111111111111111111111111111111111110000000000011111111111111111111111111111111111111111111111111110000000000000000001111111111111111111111000000000000000000001111111111110
11111111111111110000111100000000000000000000000000000000000000000000000111111111111111111111111111111111111111111111111111110000000000011111111111111111111111111111111111111111111111111110000000000000000000111111111111111111110000000000000000011001111111111110
11111111111111110000111000000000000000000000000000000000000000000000000111111111111111111111111111111111111111111111111111110000000000011111111111111111111111111111111111111111111111111110000000000000000000111111111111111111110000000000000000011001111111111110
11111111111111110000111000000000000000000000000000000000000000000000000111111111111111111111111111111111111111111111111111110000000000001111111111111111111111111111111111111111111111111110000000000000000000001111111111111111000000000000000000000001111111111110
11111111111111110000111000000000000000000000000000000000000000000000000111111111111111111111111111111111111111111111111111000000000000000111111111111111111111111111111111111111111111111111000000000000000000000000111111110000000000000000000000000001111111111110
11111111111111110000111000000000000000000000000000000000000000000000000111111111111111111000000000000000000111111111100000000000000000000000000111111111100000000000000000011111111111111111000000000000000000000000000110000000000000000000000000000001111111111110
11111111111111110001111000000000000000000000000000000000000000000000000111111111111111111000000001100000000111111111100000000000000000000000000111111111100000000110000000011111111111111111000000000000000000000000000110000000000000000000001111000001111111111110
11111111111111110001110000000001100000000000000000000000000000000000000111111111111111111000000001100000000111111111100000000000000000000000000111111111100000000110000000011111111111111111111111111110000000000000000000000000000000000000001111000000111111111110
11111111111111110001110000000001100000000000000000000000000000000000000111111111111111111000000000000000000111111111100000000000000000000000000111111111100000000000000000011111111111111111111111111111100000000000000000000000000000000000111111000000111111111110
11111111111111110001110000000001100000000000000000000000000000000000000111111111111111111000000000000000000111111111100000000000000000000000000111111111100000000000000000011111111111111111111111111111110000000000000000000000000000000111111111100000111111111110
11111111111111110001111000000001100000000000000000000000000000000000000111111111111111111000000000000000000111111111100000000000000000000000000111111111100000000000000000011111111111111111111111111111110000000000000000000000000000000111111111100000111111111110
11111111111111110111111000000011110000000000000000000000000000000000000111111111111111111000110000000011000111111111100000000000000000000000000111111111100011000000001100011111111111111111111111111111110000000000000000000000000000011111111111000000111111111110
11111111111111110111111000000011110000000000000000000000000000000000000111111111111111111000110000000011000111111111100000000000000000000000000111111111100011000000001100011111111111111111111111111111110000000000000000000000000011111111111111000000111111111110
11111111111111110110000000000011110001100000000000000000000000000000000111111111111111111000000000000000000111111111100000000000000000000000000111111111100000000000000000011111111111111111111111111111110000000000000111111111111111111111111111000000111111111110
11111111111111110110000000011111110001100000000000000000000000000011100111111111111111111000000000000000000111111111100000000000000000000000000111111111100000000000000000011111111111111111111111111111111000000000011111111111111111111111111100000000111111111110
11111111111111110110000000011111110000000000000000000000000000011011100111111111111111111000000000000000000111111111100000000000000000000000000111111111100000000000000000011111111111111111111111111111111000000000011111111111111111111111110000000000111111111110
11111111111111110110000000000011110000000000000000000000000000011011100111111111111111111000000001100000000111111111100000000000000000000000000111111111100000000110000000011111111111111111111111111111110000000000000111111111111111111111100000000000111111111110
11111111111111110110000000000011110000000000000000111111100000000011100111111111111111111000000001100000000111111111100000000000000000000000000111111111100000000110000000011111111111111111111111111111110000000000000000000000000111110000000000000000111111111110
11111111111111110111000000000011110000000000111111111111110000000111100111111111111111111000000000000000000111111111100000000000000000000000000111111111100000000000000000011111111111111111111111111111110000000000000000000000000011100000000000000000111111111110
11111111111111110111110001000011111111111111111111111110111000000111100111111111111111111000000000000000000111111111100000000000000000000000000111111111100000000000000000011111111111111111111111111111100000000000000000000000000000000000000000000000111111111110
11111111111111110111111111111111111111111111100000000000001100000111100111111111111111111000000000000000000111111111100000000000000000000000000111111111100000000000000000011111111111111111111111111111000000000000000000000000000000000000000000000000111111111110
11111111111111110111110000000011111111111111100000000000000111000111100111111111111111111000000000000000000111111111100000000000000000000000000111111111100000000000000000011111111111111111100000000000000000000000000000000000000000000000000000000000111111111110
11111111111111110110000000000000000000000000000000000000000011111111100111111111111111111000000000000000000111111111100000000000000000000000000111111111100000000000000000011111111111111111100000000000000000000000000000000000000000000000000000011111111111111110
11111111111111110110000000000000000000000000000000000000000011111111100111111111111111111000000000000000000111111111100000000000000000000000000111111111100000000000000000011111111111111111000000000000000000000000000000000000000000000000000011111111111111111110
11111111111111110000000000000000000000000000000000000000000011111111100111111111111111111000000000000000000111111111100000000000000000000000000011111111100000000000000000011111111111111111000000000000000000000000000000000000000000000000000011111111111111111110
11111111111111110000000000000000000000000000000000000000000011111111100111111111111111111000000000000000000001111110000000000000000000000000000001111110000000000000000000011111111111111111000000000000000000000000000110000000000000000001100011111111111111111110
11111111111111110000000000000000000000000000000000000000000000000000000111111111111111111000000000000000000000000000000000000000000000000000000000111100000000000000000000011111111111111111000000000000000000000000000110000000000000000001100011111111111111111110
11111111111111111111111111111111111111111111111111111111111111111111111111111111111111111000000000000000000000000000000000000000000000000000000000000000000000000000000000011111111111111111000000000110000000000000000000000000000000000000000011111111111111111110
11111111111111111111111111111111111111111111111111111111111111111111111111111111111111111111111111111111111111111111111111111111110000000000000000000000000000000000000000011111111111111111000000000110000000000000000000000000000000000000000011111111111111111110
11111111111111111111111111111111111111111111111111111111111111111111111111111111111111111111111111111111111111111111111111111111111111111111111111111111111111111111111111111111111111111111111111111111111111111111111111111111111111111111111111111111111111111110
11111111111111111111111111111111111111111111111111111111111111111111111111111111111111111111111111111111111111111111111111111111111111111111111111111111111111111111111111111111111111111111111111111111111111111111111111111111111111111111111111111111111111111110
11111111111111111111111111111111111111111111111111111111111111111111111111111111111111111111111111111111111111111111111111111111111111111111111111111111111111111111111111111111111111111111111111111111111111111111111111111111111111111111111111111111111111111110
11111111111111111111111111111111111111111111111111111111111111111111111111111111111111111111111111111111111111111111111111111111111111111111111111111111111111111111111111111111111111111111111111111111111111111111111111111111111111111111111111111111111111111110
11111111111111111111111111111111111111111111111111111111111111111111111111111111111111111111111111111111111111111111111111111111111111111111111111111111111111111111111111111111111111111111111111111111111111111111111111111111111111111111111111111111111111111110
11111111111111111111111111111111111111111111111111111111111111111111111111111111111111111111111111111111111111111111111111111111111111111111111111111111111111111111111111111111111111111111111111111111111111111111111111111111111111111111111111111111111111111110
11111111111111111111111111111111111111111111111111111111111111111111111111111111111111111111111111111111111111111111111111111111111111111111111111111111111111111111111111111111111111111111111111111111111111111111111111111111111111111111111111111111111111111110
11111111111111111111111111111111111111111111111111111111111111111111111111111111111111111111111111111111111111111111111111111111111111111111111111111111111111111111111111111111111111111111111111111111111111111111111111111111111111111111111111111111111111111110
11111111111111111111111111111111111111111111111111111111111111111111111111111111111111111111111111111111111111111111111111111111111111111111111111111111111111111111111111111111111111111111111111111111111111111111111111111111111111111111111111111111111111111110
11111111111111111111111111111111111111111111111111111111111111111111111111111111111111111111111111111111111111111111111111111111111111111111111111111111111111111111111111111111111111111111111111111111111111111111111111111111111111111111111111111111111111111110
11111111111111111111111111111111111111111111111111111111111111111111111111111111111111111111111111111111111111111111111111111111111111111111111111111111111111111111111111111111111111111111111111111111111111111111111111111111111111111111111111111111111111111110
