33333333333333333333333333333333333333333333333333333333333333333333333333333333333333333333333333333333333333333333333333333333333333333333333333333333333333333333333333333333333333333333333333333333
11111111111111111111111111111111111111111111111111111111111111111111111111111111111111111111111111111111111111111111111111111111111111111111111111111111111111111111111111111111111111111111111111111113
11111111111111111111111111111111111111111111111111111111111111111111111111111111111111111111111111111111111111111111111111111111111111111111111111111111111111111111111111111111111111111111111111111113
11111111111111111111111111111111111111111111111111111111111111111111111111111111111111111111111111111111111111111111111111111111111111111111111111111111111111111111111111111111111111111111111111111113
11111111111111111111111111111111111111111111111111111111111111111111111111111111111111111111111111111111111111111111111111111111111111111111111111111111111111111111111111111111111111111111111111111113
11111111111111111111111111111111111111111111111111111111111111111111111111111111111111111111111111111111111111111111111111111111111111111111111111111111111111111111111111111111111111111111111111111113
11111111111111111111111111111111111111111111111111111111111111111111111111111111111111111111111111111111111111111111111111111111111111111111111111111111111111111111111111111111111111111111111111111113
11111111111111111111111111111111111111111111111111111111111111111111111111111111111111111111111111111111111111111111111111111111111111111111111111111111111111111111111111111111111111111111111111111113
11111111111111111111111111111111111111111111111111111111111111111111111111111111111111111111111111111111111111111111111111111111111111111111111111111111111111111111111111111111111111111111111111111113
11111111111111111111111111111111111111111111111111111111111111111111111111111111111111111111111111111111111111111111111111111111111111111111111111111111111111111111111111111111111111111111111111111113
11111111111111111111111111111111111111111111111111111111111111111111111111111111111111111111111111111111111111111111111111111111111111111111111111111111111111111111111111111111111111111111111111111113
11111111111111111111111111111111111111111111111111111111111111111111111111111111111111111111111111111111111111111111111111111111111111111111111111111111111111111111111111111111111111111111111111111113
11111111111111111111111111111111111111111111111111111111111111111111111111111111111111111111111111111111111111111111111111111111111111111111111111111111111111111111111111111111111111111111111111111113
11111111111111111111111111111111111111111111111111111111111111111111111111111111111111111111111111111111111111111111111111111111111111111111111111111111111111111111111111111111111111111111111111111113
11111111111111111111111111111111111111111111111111111111111111111111111111111111111111111111111111111111111111111111111111111111111111111111111111111111111111111111111111111111111111111111111111111113
11111111111111111111111111111111111111111111111111111111111111111111111111111111111111111111111111111111111111111111111111111111111111111111111111111111111111111111111111111111111111111111111111111113
11111111111111111111111111111111111111111111111111111111111111111111111111111111111111111111111111111111111111111111111111111111111111111111111111111111111111111111111111111111111111111111111111111113
11111111111111111111111111111111111111111111111111111111111111111111111111111111111111111111111111111111111111111111111111111111111111111111111111111111111111111111111111111111111111111111111111111113
11111111111111111111111111111111111111111111111111111111111111111111111111111111111111111111111111111111111111111111111111111111111111111111111111111111111111111111111111111111111111111111111111111113
11111111111111111111111111111111111111111111111111111111111111111111111111111111111111111111111111111111111111111111111111111111111111111111111111111111111111111111111111111111111111111111111111111113
11111111111111111111111111111111111111111111111111111111111111111111111111111111111111111111111111111111111111111111111111111111111111111111111111111111111111111111111111111111111111111111111111111113
11111111111111111111111111111111111111111111111111111111111111111111111111111111111111111111111111111111111111111111111111111111111111111111111111111111111111111111111111111111111111111111111111111113
11111111111111111111111111111111111111111111111111111111111111111111111111111111111111111111111111111111111111111111111111111111111111111111111111111111111111111111111111111111111111111111111111111113
11111111111111111111111111111111111111111111111111111111111111111111111111111111111111111111111111111111111111111111111111111111111111111111111111111111111111111111111111111111111111111111111111111113
11111111111111111111111111111111111111111111111111111111111111111111111111111111111111111111111111111111111111111111111111111111111111111111111111111111111111111111111111111111111111111111111111111113
11111111111111111111111111111111111111111111111111111111111111111111111111111111111111111111111111111111111111111111111111111111111111111111111111111111111111111111111111111111111111111111111111111113
11111111111111111111111111111111111111111111111111111111111111111111111111111111111111111111111111111111111111111111111111111111111111111111111111111111111111111111111111111111111111111111111111111113
11111111111111111111111111111111111111111111111111111111111111111111111111111111111111111111111111111111111111111111111111111111111111111111111111111111111111111111111111111111111111111111111111111113
11111111111111111111111111111111111111111111111111111111111111111111111111111111111111111111111111111111111111111111111111111111111111111111111111111111111111111111111111111111111111111111111111111113
11111111111111111111111111111111111111111111111111111111111111111111111111111111111111111111111111111111111111111111111111111111111111111111111111111111111111111111111111111111111111111111111111111113
11111111111111111111111111111111111111111111111111111111111111111111111111111111111111111111111111111111111111111111111111111111111111111111111111111111111111111111111111111111111111111111111111111113
11111111111111111111111111111111111111111111111111111111111111111111111111111111111111111111111111111111111111111111111111111111111111111111111111111111111111111111111111111111111111111111111111111113
11111111111111111111111111111111111111111111111111111111111111111111111111111111111111111111111111111111111111111111111111111111111111111111111111111111111111111111111111111111111111111111111111111113
11111111111111111111111111111111111111111111111111111111111111111111111111111111111111111111111111111111111111111111111111111111111111111111111111111111111111111111111111111111111111111111111111111113
11111111111111111111111111111111111111111111111111111111111111111111111111111111111111111111111111111111111111111111111111111111111111111111111111111111111111111111111111111111111111111111111111111113
11111111111111111111111111111111111111111111111111111111111111111111111111111111111111111111111111111111111111111111111111111111111111111111111111111111111111111111111111111111111111111111111111111113
11111111111111111111111111111111111111111111111111111111111111111111111111111111111111111111111111111111111111111111111111111111111111111111111111111111111111111111111111111111111111111111111111111113
11111111111111111111111111111111111111111111111111111111111111111111111111111111111111111111111111111111111111111111111111111111111111111111111111111111111111111111111111111111111111111111111111111113
11111111111111111111111111111111111111111111111111111111111111111111111111111111111111111111111111111111111111111111111111111111111111111111111111111111111111111111111111111111111111111111111111111113
11111111111111111111111111111111111111111111111111111111111111111111111111111111111111111111111111111111111111111111111111111111111111111111111111111111111111111111111111111111111111111111111111111113
11111111111111111111111111111111111111111111111111111111111111111111111111111111111111111111111111111111111111111111111111111111111111111111111111111111111111111111111111111111111111111111111111111113
11111111111111111111111111111111111111111111111111111111111111111111111111111111111111111111111111111111111111111111111111111111111111111111111111111111111111111111111111111111111111111111111111111113
11111111111111111111111111111111111111111111111111111111111111111111111111111111111111111111111111111111111111111111111111111111111111111111111111111111111111111111111111111111111111111111111111111113
11111111111111111111111111111111111111111111111111111111111111111111111111111111111111111111111111111111111111111111111111111111111111111111111111111111111111111111111111111111111111111111111111111113
11111111111111111111111111111111111111111111111111111111111111111111111111111111111111111111111111111111111111111111111111111111111111111111111111111111111111111111111111111111111111111111111111111113
11111111111111111111111111111111111111111111111111111111111111111111111111111111111111111111111111111111111111111111111111111111111111111111111111111111111111111111111111111111111111111111111111111113
11111111111111111111111111111111111111111111111111111111111111111111111111111111111111111111111111111111111111111111111111111111111111111111111111111111111111111111111111111111111111111111111111111113
11111111111111111111111111111111111111111111111111111111111111111111111111111111111111111111111111111111111111111111111111111111111111111111111111111111111111111111111111111111111111111111111111111113
11111111111111111111111111111111111111111111111111111111111111111111111111111111111111111111111111111111111111111111111111111111111111111111111111111111111111111111111111111111111111111111111111111113
11111111111111111111111111111111111111111111111111111111111111111111111111111111111111111111111111111111111111111111111111111111111111111111111111111111111111111111111111111111111111111111111111111113
11111111111111111111111111111111111111111111111111111111111111111111111111111111111111111111111111111111111111111111111111111111111111111111111111111111111111111111111111111111111111111111111111111113
11111111111111111111111111111111111111111111111111111111111111111111111111111111111111111111111111111111111111111111111111111111111111111111111111111111111111111111111111111111111111111111111111111113
11111111111111111111111111111111111111111111111111111111111111111111111111111111111111111111111111111111111111111111111111111111111111111111111111111111111111111111111111111111111111111111111111111113
11111111111111111111111111111111111111111111111111111111111111111111111111111111111111111111111111111111111111111111111111111111111111111111111111111111111111111111111111111111111111111111111111111113
11111111111111111111111111111111111111111111111111111111111111111111111111111111111111111111111111111111111111111111111111111111111111111111111111111111111111111111111111111111111111111111111111111113
11111111111111111111111111111111111111111111111111111111111111111111111111111111111111111111111111111111111111111111111111111111111111111111111111111111111111111111111111111111111111111111111111111113
11111111111111111111111111111111111111111111111111111111111111111111111111111111111111111111111111111111111111111111111111111111111111111111111111111111111111111111111111111111111111111111111111111113
11111111111111111111111111111111111111111111111111111111111111111111111111111111111111111111111111111111111111111111111111111111111111111111111111111111111111111111111111111111111111111111111111111113
11111111111111111111111111111111111111111111111111111111111111111111111111111111111111111111111111111111111111111111111111111111111111111111111111111111111111111111111111111111111111111111111111111113
11111111111111111111111111111111111111111111111111111111111111111111111111111111111111111111111111111111111111111111111111111111111111111111111111111111111111111111111111111111111111111111111111111113
11111111111111111111111111111111111111111111111111111111111133333333333333333333333333333333333333333333333333333333333333333333333333333333111111111111111111111111111111111111111111111111111111111113
11111111111111111111111111111111111111111111111111111111111133333333333333333333333333333333333333333333333333333333333333333333333333333333111111111111111111111111111111111111111111111111111111111113
11111111111111111111111111111111111111111111111111111111111133666633333366663333336633336633333333333333333333333333663333663366333333336633111111111111111111111111111111111111111111111111111111111113
11111111111111111111111111111111111111111111111111111111111133666633333366663333336633336633333333333333333333333333663333663366333333336633111111111111111111111111111111111111111111111111111111111113
11111111111111111111111111111111111111111111111111111111111133663333333366333333336633333333663333333333333366663333663333333333336633336633111111111111111111111111111111111111111111111111111111111113
11111111111111111111111111111111111111111111111111111111111133663333333366333333336633333333663553333335533366663333663333333333336633336633111111111111111111111111111111111111111111111111111111111113
11111111111111111111111111111111111111111111111111111111111133333333333333333333333333333333333553333335533333333333333333333333333333336633111111111111111111111111111111111111111111111111111111111113
11111111111111111111111111111111111111111111111111111111111133333333333333333333333333333333333333333333333333333333333333333333333333336633111111111111111111111111111111111111111111111111111111111113
11111111111111111111111111111111111111111111111111111111111133663333555555555555555555555555555533333333555555555555555555555555555533333333111111111111111111111111111111111111111111111111111111111113
11111111111111111111111111111111111111111111111111111111111133663333555555555555555555555555555533333333555555555555555555555555555533333333111111111111111111111111111111111111111111111111111111111113
11111111111111111111111111111111111111111111111111111111111133663333555555555555555555555555555533333333555555555555555555555555555533333333111111111111111111111111111111111111111111111111111111111113
11111111111111111111111111111111111111111111111111111111111133663333555555555555555555555555555533333333555555555555555555555555555533333333111111111111111111111111111111111111111111111111111111111113
11111111111111111111111111111111111111111111111111111111111133333333555533333333333333333333333333333333333333333333333333333333555533663333111111111111111111111111111111111111111111111111111111111113
11111111111111111111111111111111111111111111111111111111111133333333555535533333333333333333333553333335533333333333333333333553555533663333111111111111111111111111111111111111111111111111111111111113
11111111111111111111111111111111111111111111111111111111111133333333555535563333333366663333333553333335536633333333663333333553555533333333111111111111111111111111111111111111111111111111111111111113
11111111111111111111111111111111111111111111111111111111111133333333555533663333333366663333333333333333336633333333663333333333555533333333111111111111111111111111111111111111111111111111111111111113
11111111111111111111111111111111111111111111111111111111111133333333555533333366333333333333663333333333333333663333333333663333555533336633111111111111111111111111111111111111111111111111111111111113
11111111111111111111111111111111111111111111111111111111111133333333555533333366333333333333663333333333333333663333333333663333555533336633111111111111111111111111111111111111111111111111111111111113
11111111111111111111111111111111111111111111111111111111111133333333555533333333333333333333333333333333333333333333333333333333555533333333111111111111111111111111111111111111111111111111111111111113
11111111111111111111111111111111111111111111111111111111111133333333555533333333333333333333333333333333333333333333333333333333555533333333111111111111111111111111111111111111111111111111111111111113
11111111111111111111111111111111111111111111111111111111111133663333555533333333555555555555555555555555555555555555555533333333555533333333111111111111111111111111111111111111111111111111111111111113
11111111111111111111111111111111111111111111111111111111111133663333555533333333555555555555555555555555555555555555555533333333555533333333111111111111111111111111111111111111111111111111111111111113
11111111111111111111111111111111111111111111111111111111111133666633555533336633555555555555555555555555555555555555555533333333555533663333111111111111111111111111111111111111111111111111111111111113
11111111111111111111111111111111111111111111111111111111111133666633555533336633555555555555555555555555555555555555555533333333555533663333111111111111111111111111111111111111111111111111111111111113
11111111111111111111111111111111111111111111111111111111111133333333555533333333555533333333333333333333333333333333555533336633555533663333111111111111111111111111111111111111111111111111111111111113
11111111111111111111111111111111111111111111111111111111111133333333555533333333555535533333333333333333333333333553555533336633555533663333111111111111111111111111111111111111111111111111111111111113
11111111111111111111111111111111111111111111111111111111111133333333555533336633555535533333663333333333333333336553555533333333555533333333111111111111111111111111111111111111111111111111111111111113
11111111111111111111111111111111111111111111111111111111111133333333555533336633555533333333663333333333333333336633555533333333555533333333111111111111111111111111111111111111111111111111111111111113
11111111111111111111111111111111111111111111111111111111111133333333555533333333555533663333333366333366333333333333555533336633555533333333111111111111111111111111111111111111111111111111111111111113
11111111111111111111111111111111111111111111111111111111111133333333555533333333555533663333333366333366333333333333555533336633555533333333111111111111111111111111111111111111111111111111111111111113
11111111111111111111111111111111111111111111111111111111111133333333555533663333555533333333333333333333333333333333555533333333555533333333111111111111111111111111111111111111111111111111111111111113
11111111111111111111111111111111111111111111111111111111111133333333555533663333555533333333333333333333333333333333555533333333555533333333111111111111111111111111111111111111111111111111111111111113
11111111111111111111111111111111111111111111111111111111111133336633555533333333555533333366333333333333333366333333555533663333555533333333111111111111111111111111111111111111111111111111111111111113
11111111111111111111111111111111111111111111111111111111111133336633555533333333555533333366333333333333333366333333555533663333555533333333111111111111111111111111111111111111111111111111111111111113
11111111111111111111111111111111111111111111111111111111111133336633555533333333555533333333333333333333663333333333555533333333555533336633111111111111111111111111111111111111111111111111111111111113
11111111111111111111111111111111111111111111111111111111111133336633555533333553555535533333333333333333663333333553555535533333555533336633111111111111111111111111111111111111111111111111111111111113
11111111111111111111111111111111111111111111111111111111111133333333555533663553333335533333333366333333333366333553333335533333555533336633111111111111111111111111111111111111111111111111111111111113
11111111111111111111111111111111111111111111111111111111111133333333555533663333333333333333333366333333333366333333333333333333555533336633111111111111111111111111111111111111111111111111111111111113
11111111111111111111111111111111111111111111111111111111111133333333555533333333333333663333333333333333333333333333663333663333555533333333111111111111111111111111111111111111111111111111111111111113
11111111111111111111111111111111111111111111111111111111111133333333555533333333333333663333333333333333333333333333663333663333555533333333111111111111111111111111111111111111111111111111111111111113
11111111111111111111111111111111111111111111111111111111111133666633555533333333333333333333333333333333333333333333333333663333555533333333111111111111111111111111111111111111111111111111111111111113
11111111111111111111111111111111111111111111111111111111111133666633555533333333333333333333333333333333333333333333333333663333555533333333111111111111111111111111111111111111111111111111111111111113
11111111111111111111111111111111111111111111111111111111111133666633555533336633333333333333663333333333336633333333333333333333555533333333111111111111111111111111111111111111111111111111111111111113
11111111111111111111111111111111111111111111111111111111111133666633555533336553333335533333663333333333336633333553333335533333555533333333111111111111111111111111111111111111111111111111111111111113
11111111111111111111111111111111111111111111111111111111111133333333555533333553555535533333333333333333333333336553555535533333555533333333111111111111111111111111111111111111111111111111111111111113
11111111111111111111111111111111111111111111111111111111111133333333555533333333555533333333333333333333333333336633555533333333555533333333111111111111111111111111111111111111111111111111111111111113
11111111111111111111111111111111111111111111111111111111111133333333555533333333555533333333333333336633333333333333555533336633555533666633111111111111111111111111111111111111111111111111111111111113
11111111111111111111111111111111111111111111111111111111111133333333555533333333555533333333333333336633333333333333555533336633555533666633111111111111111111111111111111111111111111111111111111111113
11111111111111111111111111111111111111111111111111111111111133333333555533333333555533663333333333333333333366333333555533333333555533333333111111111111111111111111111111111111111111111111111111111113
11111111111111111111111111111111111111111111111111111111111133333333555533333333555533663333333333333333333366333333555533333333555533333333111111111111111111111111111111111111111111111111111111111113
11111111111111111111111111111111111111111111111111111111111133336633555533663333555533336633333366333333333333333333555533333333555533333333111111111111111111111111111111111111111111111111111111111113
11111111111111111111111111111111111111111111111111111111111133336633555533663333555533336633333366333333333333333333555533333333555533333333111111111111111111111111111111111111111111111111111111111113
11111111111111111111111111111111111111111111111111111111111133663333555533333333555533333333333333333333333333336633555533663333555533333333111111111111111111111111111111111111111111111111111111111113
11111111111111111111111111111111111111111111111111111111111133663333555533333333555535533333333333333333333333336553555533663333555533333333111111111111111111111111111111111111111111111111111111111113
11111111111111111111111111111111111111111111111111111111111133333333555533336633555535533333333333333333333333333553555533333333555533333333111111111111111111111111111111111111111111111111111111111113
11111111111111111111111111111111111111111111111111111111111133333333555533336633555533333333333333333333333333333333555533333333555533333333111111111111111111111111111111111111111111111111111111111113
11111111111111111111111111111111111111111111111111111111111133663333555533333333555555555555555555555555555555555555555533333333555533336633111111111111111111111111111111111111111111111111111111111113
11111111111111111111111111111111111111111111111111111111111133663333555533333333555555555555555555555555555555555555555533333333555533336633111111111111111111111111111111111111111111111111111111111113
11111111111111111111111111111111111111111111111111111111111133333333555533333333555555555555555555555555555555555555555533336633555533333333111111111111111111111111111111111111111111111111111111111113
11111111111111111111111111111111111111111111111111111111111133333333555533333333555555555555555555555555555555555555555533336633555533333333111111111111111111111111111111111111111111111111111111111113
11111111111111111111111111111111111111111111111111111111111133333333555533663333333333333333333333333333333333333333333333333333555533336633111111111111111111111111111111111111111111111111111111111113
11111111111111111111111111111111111111111111111111111111111133333333555533663333333333333333333333333333333333333333333333333333555533336633111111111111111111111111111111111111111111111111111111111113
11111111111111111111111111111111111111111111111111111111111133336633555533663333333333336633333333333333333333666633333333336633555533333333111111111111111111111111111111111111111111111111111111111113
11111111111111111111111111111111111111111111111111111111111133336633555533663333333333336633333333333333333333666633333333336633555533333333111111111111111111111111111111111111111111111111111111111113
11111111111111111111111111111111111111111111111111111111111133336633555533336633333366333333663333333333663333333366333366333333555533663333111111111111111111111111111111111111111111111111111111111113
11111111111111111111111111111111111111111111111111111111111133336633555535536633333366333333663553333335563333333366333366333553555533663333111111111111111111111111111111111111111111111111111111111113
11111111111111111111111111111111111111111111111111111111111133333333555535533333333333333333333553333335533333333333333333333553555533333333111111111111111111111111111111111111111111111111111111111113
11111111111111111111111111111111111111111111111111111111111133333333555533333333333333333333333333333333333333333333333333333333555533333333111111111111111111111111111111111111111111111111111111111113
11111111111111111111111111111111111111111111111111111111111133333333555555555555555555555555555533333333555555555555555555555555555533333333111111111111111111111111111111111111111111111111111111111113
11111111111111111111111111111111111111111111111111111111111133333333555555555555555555555555555533333333555555555555555555555555555533333333111111111111111111111111111111111111111111111111111111111113
11111111111111111111111111111111111111111111111111111111111133333333555555555555555555555555555533333333555555555555555555555555555533333333111111111111111111111111111111111111111111111111111111111113
11111111111111111111111111111111111111111111111111111111111133333333555555555555555555555555555533333333555555555555555555555555555533333333111111111111111111111111111111111111111111111111111111111113
11111111111111111111111111111111111111111111111111111111111133336633333333333333333333333333333333333333333333333333333333333333333333336633111111111111111111111111111111111111111111111111111111111113
11111111111111111111111111111111111111111111111111111111111133336633333333333333333333333333333553333335533333333333333333333333333333336633111111111111111111111111111111111111111111111111111111111113
11111111111111111111111111111111111111111111111111111111111133666633333333333366333333333333663553333335533333663333333333333366663333333333111111111111111111111111111111111111111111111111111111111113
11111111111111111111111111111111111111111111111111111111111133666633333333333366333333333333663333333333333333663333333333333366663333333333111111111111111111111111111111111111111111111111111111111113
11111111111111111111111111111111111111111111111111111111111133663333666633333366333333663333333333333333336633333333666633333333333333663333111111111111111111111111111111111111111111111111111111111113
11111111111111111111111111111111111111111111111111111111111133663333666633333366333333663333333333333333336633333333666633333333333333663333111111111111111111111111111111111111111111111111111111111113
11111111111111111111111111111111111111111111111111111111111133333333333333333333333333333333333333333333333333333333333333333333333333333333111111111111111111111111111111111111111111111111111111111113
11111111111111111111111111111111111111111111111111111111111133333333333333333333333333333333333333333333333333333333333333333333333333333333111111111111111111111111111111111111111111111111111111111113
11111111111111111111111111111111111111111111111111111111111111111111111111111111111111111111111111111111111111111111111111111111111111111111111111111111111111111111111111111111111111111111111111111113
11111111111111111111111111111111111111111111111111111111111111111111111111111111111111111111111111111111111111111111111111111111111111111111111111111111111111111111111111111111111111111111111111111113
11111111111111111111111111111111111111111111111111111111111111111111111111111111111111111111111111111111111111111111111111111111111111111111111111111111111111111111111111111111111111111111111111111113
11111111111111111111111111111111111111111111111111111111111111111111111111111111111111111111111111111111111111111111111111111111111111111111111111111111111111111111111111111111111111111111111111111113
11111111111111111111111111111111111111111111111111111111111111111111111111111111111111111111111111111111111111111111111111111111111111111111111111111111111111111111111111111111111111111111111111111113
11111111111111111111111111111111111111111111111111111111111111111111111111111111111111111111111111111111111111111111111111111111111111111111111111111111111111111111111111111111111111111111111111111113
11111111111111111111111111111111111111111111111111111111111111111111111111111111111111111111111111111111111111111111111111111111111111111111111111111111111111111111111111111111111111111111111111111113
11111111111111111111111111111111111111111111111111111111111111111111111111111111111111111111111111111111111111111111111111111111111111111111111111111111111111111111111111111111111111111111111111111113
11111111111111111111111111111111111111111111111111111111111111111111111111111111111111111111111111111111111111111111111111111111111111111111111111111111111111111111111111111111111111111111111111111113
11111111111111111111111111111111111111111111111111111111111111111111111111111111111111111111111111111111111111111111111111111111111111111111111111111111111111111111111111111111111111111111111111111113
11111111111111111111111111111111111111111111111111111111111111111111111111111111111111111111111111111111111111111111111111111111111111111111111111111111111111111111111111111111111111111111111111111113
11111111111111111111111111111111111111111111111111111111111111111111111111111111111111111111111111111111111111111111111111111111111111111111111111111111111111111111111111111111111111111111111111111113
11111111111111111111111111111111111111111111111111111111111111111111111111111111111111111111111111111111111111111111111111111111111111111111111111111111111111111111111111111111111111111111111111111113
11111111111111111111111111111111111111111111111111111111111111111111111111111111111111111111111111111111111111111111111111111111111111111111111111111111111111111111111111111111111111111111111111111113
11111111111111111111111111111111111111111111111111111111111111111111111111111111111111111111111111111111111111111111111111111111111111111111111111111111111111111111111111111111111111111111111111111113
11111111111111111111111111111111111111111111111111111111111111111111111111111111111111111111111111111111111111111111111111111111111111111111111111111111111111111111111111111111111111111111111111111113
11111111111111111111111111111111111111111111111111111111111111111111111111111111111111111111111111111111111111111111111111111111111111111111111111111111111111111111111111111111111111111111111111111113
11111111111111111111111111111111111111111111111111111111111111111111111111111111111111111111111111111111111111111111111111111111111111111111111111111111111111111111111111111111111111111111111111111113
11111111111111111111111111111111111111111111111111111111111111111111111111111111111111111111111111111111111111111111111111111111111111111111111111111111111111111111111111111111111111111111111111111113
11111111111111111111111111111111111111111111111111111111111111111111111111111111111111111111111111111111111111111111111111111111111111111111111111111111111111111111111111111111111111111111111111111113
11111111111111111111111111111111111111111111111111111111111111111111111111111111111111111111111111111111111111111111111111111111111111111111111111111111111111111111111111111111111111111111111111111113
11111111111111111111111111111111111111111111111111111111111111111111111111111111111111111111111111111111111111111111111111111111111111111111111111111111111111111111111111111111111111111111111111111113
11111111111111111111111111111111111111111111111111111111111111111111111111111111111111111111111111111111111111111111111111111111111111111111111111111111111111111111111111111111111111111111111111111113
11111111111111111111111111111111111111111111111111111111111111111111111111111111111111111111111111111111111111111111111111111111111111111111111111111111111111111111111111111111111111111111111111111113
11111111111111111111111111111111111111111111111111111111111111111111111111111111111111111111111111111111111111111111111111111111111111111111111111111111111111111111111111111111111111111111111111111113
11111111111111111111111111111111111111111111111111111111111111111111111111111111111111111111111111111111111111111111111111111111111111111111111111111111111111111111111111111111111111111111111111111113
11111111111111111111111111111111111111111111111111111111111111111111111111111111111111111111111111111111111111111111111111111111111111111111111111111111111111111111111111111111111111111111111111111113
11111111111111111111111111111111111111111111111111111111111111111111111111111111111111111111111111111111111111111111111111111111111111111111111111111111111111111111111111111111111111111111111111111113
11111111111111111111111111111111111111111111111111111111111111111111111111111111111111111111111111111111111111111111111111111111111111111111111111111111111111111111111111111111111111111111111111111113
11111111111111111111111111111111111111111111111111111111111111111111111111111111111111111111111111111111111111111111111111111111111111111111111111111111111111111111111111111111111111111111111111111113
11111111111111111111111111111111111111111111111111111111111111111111111111111111111111111111111111111111111111111111111111111111111111111111111111111111111111111111111111111111111111111111111111111113
11111111111111111111111111111111111111111111111111111111111111111111111111111111111111111111111111111111111111111111111111111111111111111111111111111111111111111111111111111111111111111111111111111113
11111111111111111111111111111111111111111111111111111111111111111111111111111111111111111111111111111111111111111111111111111111111111111111111111111111111111111111111111111111111111111111111111111113
11111111111111111111111111111111111111111111111111111111111111111111111111111111111111111111111111111111111111111111111111111111111111111111111111111111111111111111111111111111111111111111111111111113
11111111111111111111111111111111111111111111111111111111111111111111111111111111111111111111111111111111111111111111111111111111111111111111111111111111111111111111111111111111111111111111111111111113
11111111111111111111111111111111111111111111111111111111111111111111111111111111111111111111111111111111111111111111111111111111111111111111111111111111111111111111111111111111111111111111111111111113
11111111111111111111111111111111111111111111111111111111111111111111111111111111111111111111111111111111111111111111111111111111111111111111111111111111111111111111111111111111111111111111111111111113
11111111111111111111111111111111111111111111111111111111111111111111111111111111111111111111111111111111111111111111111111111111111111111111111111111111111111111111111111111111111111111111111111111113
11111111111111111111111111111111111111111111111111111111111111111111111111111111111111111111111111111111111111111111111111111111111111111111111111111111111111111111111111111111111111111111111111111113
11111111111111111111111111111111111111111111111111111111111111111111111111111111111111111111111111111111111111111111111111111111111111111111111111111111111111111111111111111111111111111111111111111113
11111111111111111111111111111111111111111111111111111111111111111111111111111111111111111111111111111111111111111111111111111111111111111111111111111111111111111111111111111111111111111111111111111113
11111111111111111111111111111111111111111111111111111111111111111111111111111111111111111111111111111111111111111111111111111111111111111111111111111111111111111111111111111111111111111111111111111113
11111111111111111111111111111111111111111111111111111111111111111111111111111111111111111111111111111111111111111111111111111111111111111111111111111111111111111111111111111111111111111111111111111113
11111111111111111111111111111111111111111111111111111111111111111111111111111111111111111111111111111111111111111111111111111111111111111111111111111111111111111111111111111111111111111111111111111113
11111111111111111111111111111111111111111111111111111111111111111111111111111111111111111111111111111111111111111111111111111111111111111111111111111111111111111111111111111111111111111111111111111113
11111111111111111111111111111111111111111111111111111111111111111111111111111111111111111111111111111111111111111111111111111111111111111111111111111111111111111111111111111111111111111111111111111113
11111111111111111111111111111111111111111111111111111111111111111111111111111111111111111111111111111111111111111111111111111111111111111111111111111111111111111111111111111111111111111111111111111113
11111111111111111111111111111111111111111111111111111111111111111111111111111111111111111111111111111111111111111111111111111111111111111111111111111111111111111111111111111111111111111111111111111113
11111111111111111111111111111111111111111111111111111111111111111111111111111111111111111111111111111111111111111111111111111111111111111111111111111111111111111111111111111111111111111111111111111113
11111111111111111111111111111111111111111111111111111111111111111111111111111111111111111111111111111111111111111111111111111111111111111111111111111111111111111111111111111111111111111111111111111113
11111111111111111111111111111111111111111111111111111111111111111111111111111111111111111111111111111111111111111111111111111111111111111111111111111111111111111111111111111111111111111111111111111113
11111111111111111111111111111111111111111111111111111111111111111111111111111111111111111111111111111111111111111111111111111111111111111111111111111111111111111111111111111111111111111111111111111113
11111111111111111111111111111111111111111111111111111111111111111111111111111111111111111111111111111111111111111111111111111111111111111111111111111111111111111111111111111111111111111111111111111113
11111111111111111111111111111111111111111111111111111111111111111111111111111111111111111111111111111111111111111111111111111111111111111111111111111111111111111111111111111111111111111111111111111113
11111111111111111111111111111111111111111111111111111111111111111111111111111111111111111111111111111111111111111111111111111111111111111111111111111111111111111111111111111111111111111111111111111113
11111111111111111111111111111111111111111111111111111111111111111111111111111111111111111111111111111111111111111111111111111111111111111111111111111111111111111111111111111111111111111111111111111113
11111111111111111111111111111111111111111111111111111111111111111111111111111111111111111111111111111111111111111111111111111111111111111111111111111111111111111111111111111111111111111111111111111113
11111111111111111111111111111111111111111111111111111111111111111111111111111111111111111111111111111111111111111111111111111111111111111111111111111111111111111111111111111111111111111111111111111113
11111111111111111111111111111111111111111111111111111111111111111111111111111111111111111111111111111111111111111111111111111111111111111111111111111111111111111111111111111111111111111111111111111113
11111111111111111111111111111111111111111111111111111111111111111111111111111111111111111111111111111111111111111111111111111111111111111111111111111111111111111111111111111111111111111111111111111113
