00000000000000000000000000000000000000000000000000000000000000000000000000000000000000000000000000000000000000000000000000000000000000000000000000000000000000000000000000000000000000000000000000000000
11111111111111111111111111111111111111111111111111111111111111111111111111111111111111111111111111111111111111111111111111111111111111111111111111111111111111111111111111111111111111111111111111111110
11111111111111111111111111111111111111111111111111111111111111111111111111111111111111111111111111111111111111111111111111111111111111111111111111111111111111111111111111111111111111111111111111111110
11111111111111111111111111111111111111111111111111111111111111111111111111111111111111111111111111111111111111111111111111111111111111111111111111111111111111111111111111111111111111111111111111111110
11111111111111111111111111111111111111111111111111111111111111111111111111111111111111111111111111111111111111111111111111111111111111111111111111111111111111111111111111111111111111111111111111111110
11111111111111111111111111111111111111111111111111111111111111111111111111111111111111111111111111111111111111111111111111111111111111111111111111111111111111111111111111111111111111111111111111111110
11111111111111111111111111111111111111111111111111111111111111111111111111111111111111111111111111111111111111111111111111111111111111111111111111111111111111111111111111111111111111111111111111111110
11111111111111111111111111111111111111111111111111111111111111111111111111111111111111111111111111111111111111111111111111111111111111111111111111111111111111111111111111111111111111111111111111111110
11111111111111111111111111111111111111111111111111111111111111111111111111111111111111111111111111111111111111111111111111111111111111111111111111111111111111111111111111111111111111111111111111111110
11111111111111111111111111111111111111111111111111111111111111111111111111111111111111111111111111111111111111111111111111111111111111111111111111111111111111111111111111111111111111111111111111111110
11111111111111111111111111111111111111111111111111111111111111111111111111111111111111111111111111111111111111111111111111111111111111111111111111111111111111111111111111111111111111111111111111111110
11111111111111111111111111111111111111111111111111111111111111111111111111111111111111111111111111111111111111111111111111111111111111111111111111111111111111111111111111111111111111111111111111111110
11111111111111110011111111100000011111111111111111111111111111111111111111111111111111111111111111111111111111111111111111111111111111111111111111111111111111000001111110000011111111111111111111111110
11111111111111110011111111101000011111111111111111111111111111111111111111111111111111111111111111111111111111111111111111111111111111111111111111111111111111000000000000000011111111111111111111111110
11111111111111000011111111101100001111111111111111111111111111111111111111111111111111111111111111111111111111111111111111111111111111111111111111111111111111001100000000110011111111111111111111111110
11111111111111000000000001000110000000000011111111111111111111111111111111111111111111111111111111111111111111111111111111111111111111111111111111111111111111001100000000110011111111111111111111111110
11111111111111110000000000000000000000000011111111111111111111111111111111111111111111111111111111111111111111111111111111111111111111111111111111111111111111000000000000000011111111111111111111111110
11111111111111110000000000000000000000110011111000000000000011111111111111111111111111111111111111111111111111111111111111111111111001111111111111111111111111000000000000000011111111111111111111111110
11111111111111110000000000000000000000000011111000000000000001111111111111111111111111111111111111111111111111111111111111111111111001111111111111111111111111000000000000000011111111111111111111111110
11111111111111110000000000000000000000000011111000000000000001111111111111111111111111111111111111111111111111111111111111111111111001111111111111111111111111000000000000000011111111111111111111111110
11111111111111110000111100000011110000000011111000000000000001111111111111111111111111111111111111111111111111111111111111111111111001111111111111111111111111001100000000110011111111111111111111111110
11111111111111110000111100000011110000000011111000000000000000111111111111111111111111111111111111111111111111111111111111111111111001111111111111111111111111001100000000110011111111111111111111111110
11111111111111110000111100000011110000000011111000000000000000011111111111111111111111111111111111111111111111111111111111111111111001111111111111111111111111000000000000000011111111111111111111111110
11111111111111110000111100000011110000000011111000000000000000011111111111111111111111111111111111111111111111111111111111111111111001111111111111111111111111000000000000000011111111111111111111111110
11111111111111111000000000000000000000000011111000000000000000001111111111111111111111111111111111111111111111111111111111111111111001111111111111111111111111111111000011111111111111111111111111111110
11111111111111111100000000000000000000000011111000000000000000000000000000011111111111111111111111111111111111111111111111111111111001111111111111111111111111111111000011111111111111111111111111111110
11111111111111111100000000000000000000000011111000000000000000000000000000011111111111111111111111111111111111111111111111111111111001111111111111111111111111111110000001111111111111111111111111111110
11111111111111111100000000000000000000000011111000000000000000000000000000001111111111111111111111111111111111111111111111111111111001111111111111111111111111111110000001111111111111111111111111111110
11111111111111111100000000000000000000001111111111111000000000000000000100000111111111111111111111111111111111111111111111111111111001111111111111111111111111111110000001111111111111111111111111111110
11111111111111111100000000000000000000001111111111111000000000000000001100000111111111111111111111111111111111111111111111111111110001111111111111111111111111111110000001111111111111111111111111111110
11111111111111111100111111110000111111111111111111111000000000000000000000000011111111111111111111111111111111111111111111111111100001111111111111111111111111111110000001111111111111111111111111111110
11111111111111111100111111110000111111111111111111111111000000000000000000000001111111111111111111111111111111111111111111111111000001111111111111111111111111111110000001111111111111111111111111111110
11111111111111111111111111110000111111111111111111111111000000000000000000000000111111111111111111111111111111111111111111111111000001111111111111111111111111111110000001111111111111111111111111111110
11111111111111111111111111110000111111111111111111111111100000000000000000000000000011111111111111111111111111111110000000000000000001111111111111111111111111111110000001111111111111111111111111111110
11111111111111111111111111100000011111111111111111111111100000000000000000000000000001111111111111111111111111111110000000000000000001111111111111111111111111111110000001111111111111111111111111111110
11111111111111111111111111100000011111111111111111111111111111111111000000000000000001111111111111111111111111111110000000000000000001111111111111111111111111111110000001111111111111111111111111111110
11111111111111111111111111100000011111111111111111111111111111111111100000000000000001111111111111111111111111111110000000001100000001111111111111111111111111111110000001111111111111111111111111111110
11111111111111111111111111100000011111111111111111111111111111111111110000000001110000111111111111111111111111111100000000001100000001111111111111111111111111111110000001111111111111111111111111111110
11111111111111111111111111100000011111111111111111111111111111111111111000000000110000111111111111111111111111111100000000000000000000111111111111111111111111111100000001111111111111111111111111111110
11111111111111111111111111100000011111111111111111111111111111111111111000000000000000011111111111111111111111111000000000000000000000011111111111111111111111111000000001111111111111111111111111111110
11111111111111111111111111100000011111111111111111111111111111111111111000000000000000001111111111111111111111110000000000000000000000001111111111111111111111110000000001111111111111111111111111111110
11111111111111111111111111100000011111111111111111111111111111111111111000000000000000000000000000001111110000000000000000000000000000000000000000000000000000000000000001111111111111111111111111111110
11111111111111111111111111100000011111111111111111111111111111111111111000000000000000000000000000001111110000000000000000000000000000000000000000000000000000000000000001111111111111111111111111111110
11111111111111111111111111100000011111111111111111111111111111111111111000000000000000000111111111111111110000000000000000000000000011111111111111111111111000000000000001111111111111111111111111111110
11111111111111111111111111100000011111111111111111111111111111111111111000000000000000000000000000000000000000000000000000000000000111111111111111111111111100000010000001111111111111111111111111111110
11111111111111111111111111100000011111111111111111111111111111111111111000000000000000000000000000000000000000000000000000000000001111111111111111111111111110000011000001111111111111111111111111111110
11111111111111111111111111100000011111111111111111111111111111111111111000000000000000000000000000000000000000100000000000000000001111111111111111111111111111000000000000111111111111111111111111111110
11111111111111111111111111100000011111111111111111111111111111111111111000000000000000000000000000000000000000110000000001100000011111111111111111111111111111100000000000011111111111111111111111111110
11111111111111111111111111100000011111111111111111111111111111111111111000000000000000000111111111111111110000000000000011000000011111111111111111111111111111100000000000001111111111111111111111111110
11111111111111111111111111100000011111111111111111111111111111111111111000000000000000000000000000000111110000000000000011000000011111111111111111111111111111110000000000000000111111111111111111111110
11111111111111111111111111100000011111111111111111111111111111111111111000000000000000000000000000030111110000000000000000000000011111111111111111111111111111110000000000000000011111111111111111111110
11111111111111111111111111100000011111111111111111111111111111111111111000000111111000000000000000001111111111111111111111110000011111111111111111111111111111111111111111100000011111111111111111111110
11111111111111111111111111100000011111111111111111111111111111111111111000001111111100000000000000011111111111111111111111111000011111111111111111111111111111111111111111110000011111111111111111111110
11111111111111111111111111100000011111111111111111111111111111111111111000011111111111000000000000111111111111111111111111111100011111111111111111111111111111111111111111111000011111111111111111111110
11111111111111111111111111100000011111111111111111111111111111111111110000111111111111100000110001111111111111111111111111111100011111111111111111111111111111111111111111111100011111111111111111111110
11111111111111111111111111100000011111111111111111111111111111111111100001111111111111110000010001111111111111111111111111111110011111111111111111111111111111111111111111111100011111111111111111111110
11111111111111111111111111100000011111111111111111111111111111111111000001111111111111110000000001111111111111111111111111111110011111111111111111111111111111111111111111111110011111111111111111111110
11111111111111111111111111100000011111111111111111111111111111100000000001111111111111110000000001111111111111111111111111111110011111111111111111111111111111111111111111111110011111111111111111111110
11111111111111111111111111100000011111111111111111111111111111100000000001111111111111110000000001111111111111111111111111111110011111111111111111111111111111111111111111111110011111111111111111111110
11111111111111111111111111100000011111111111111111111111111111100000000001111111111111111111111111111111111111111111111111111111111111111111111111111111111111111111111111111110011111111111111111111110
11111111111111111111111111100000011111111111111111111111111111100000000001111111111111111111111111111111111111111111111111111111111111111111111111111111111111111111111111111110011111111111111111111110
11111111111111111111111111100000011111111111111111111111111111100000000001111111111111111111111111111111111111111111111111111111111111111111111111111111111111111111111111111110011111111111111111111110
11111111111111111111111111100000011111111111111111111111111111100011000001111111111111111111111111111111111111111111111111111111111111111111111111111111111111111111111111111110011111111111111111111110
11111111111111111111111111100000011111111111111111111111111111100011000001111111111111111111111111111111111111111111111111111111111111111111111111111111111111111111111111111110011111111111111111111110
11111111111111111111111111100000011111111111111111111111111111100000000001111111111111111111111111111111111111111111111111111111111111111111111111111111111111111111111111111110011111111111111111111110
11111111111111111111111111100000011111111111111111111111111111100000000001111111111111111111111111111111111111111111111111111111111111111111111111111111111111111111111111111110011111111111111111111110
11111111111111111111111111100000011111111111111111111111111111100000000001111111111111111111111111111111111111111111111111111111111111111111111111111111111111111111111111111110011111111111111111111110
11111111111111111111111111100000011111111111111111111111111111111111111111111111111111111111111111111111111111111111111111111111111111111111111111111111111111111111111111111111111111111111111111111110
11111111111111111111111111100000011111111111111111111111111111111111111111111111111111111111111111111111111111111111111111111111111111111111111111111111111111111111111111111111111111111111111111111110
11111111111111111111111111100000011111111111111111111111111111111111111111111111111111111111111111111111111111111111111111111111111111111111111111111111111111111111111111111111111111111111111111111110
11111111111111111111111111100000011111111111111111111111111111111111111111111111111111111111111111111111111111111111111111111111111111111111111111111111111111111111111111111111111111111111111111111110
11111111111111111111111111100000001111111111111111111111111111111111111111111111111111111111111111111111111111111111111111111111111111111111111111111111111111111111111111111111111111111111111111111110
11111111111111111111111111100000001111111111111111111111111111111111111111111111111111111111111111111111111111111111111111111111111111111111111111111111111111111111111111111111111111111111111111111110
11111111111111111111111111100000000111111111111111111111111111111111111111111111111111111111111111111111111111111111111111111111111111111111111111111111111111111111111111111111111111111111111111111110
11111111111111111111111111100000000011111111111111111111111111111111111111111111111111111111111111111111111111111111111111111111111111111111111111111111111111111111111111111111111111111111111111111110
11111111111111111111111111100000000000001111111111111111111111111111111111111111111111111111111111111111111111111111111111111111111111111111111111111111111111111111111111111111111111111111111111111110
11111111111111111111111111111000000000000111111111111111111111111111111111111111111111111111111111111111111111111111111111111111111111111111111111111111111111111111111111111111111111111111111111111110
11111111111111111111111111111110000000000111111111111111111111111111111111111111111111111111111111111111111111111111111111111111111111111111111111111111111111111111111111111111111111111111111111111110
11111111111111111111111111111111000000000111111111111111111111111111111111111111111111111111111111111111111111111111111111111111111110011111111111111111111111111111111111111111111111111111111111111110
11111111111111111111111111111111100000000111111111111111111111111111111111111111111111111111111111111111111111111111111111111111111110011111111111111111111111111111111111111111111111111111111111111110
11111111111111111111111111111111110000000111111111111111111111111111111111111111111111111111111111111111111111111111111111111111111110011111111111111111111111111111111111111111111111111111111111111110
11111111111111111111111111111111111000000111111111111111111111111111111111111111111111111111111111111111111111111111111111111111111110011111111111111111111111111111111111111111111111111111111111111110
11111111111111111111111111111111111000000111111111111111111111111111111111111111111111111111111111111111111111111111111111111111111110011111111111111111111111111111111111111111111111111111111111111110
11111111111111111111111111111111111000000111111111111111000000000111111111111111111111111111111111111111111111111111111111111111111110011111111111111111111111111111111111111111111111111111111111111110
11111111111111111111111111111111111000000111111111111111000000000111111111111111111111111111111111111111111111111111111111111111111110011111111111111111111111111111111111111111111111111111111111111110
11111111111111111111111111111111111000000111111111111111000000000111111111111111111111111111111111111111111111111111111111111111111110011111111111111111111111111111111111111111111111111111111111111110
11111111111111111111111111111111111000000111111111111111000000000111111111111100000001111111111111111111111111111111111111111111111110011111111111111111111111111111100011111111111111111111111111111110
11111111111111111111111111111111111000000011111111111110000000000111111111111100000011111111111111111111111111111111111111111111111110011111111111111111111111111111100011111111111111111111111111111110
11111111111111111111111111111111111000000011111111111100000000000011111111111111000011000111111000001111111111111111111111111111111110011111111111111111111111111111100011111111111111111111111111111110
11111111111111111111111111111111111000000001111111111000000000000001111111111111000000010000001110001111111111111111111111111111111110011111111111111111111111111111100011111111111111111111111111111110
11111111111111111111111111111111111000000000011111110000000000000000111111111100000111110010100100001111111111111111111111111111111110011111111111111111111111111111100011111111111111111111111111111110
11111111111111111111111111111111111000000000000000000000000000000000011111111100000111000010100000001111111111111111111111111111111100011111111111111111111111111111100011111111111111111111111111111110
11111111111111111111111111111111111000000000000000000000000000000000011111111100000011000011100000001111111111111111111111111111111000001111111111111111111111111111000011111111111111111111111111111110
11111111111111111111111111111111111000001111111111111111111111111111111111111100000000000000000000001111111111111111111111111111110000000111111111111111111111111100000001111111111111111111111111111110
11111111111111111111111111111111111000011111111111111111111111111111111111111111000000000000000000001111111111111111111111111111000000000011111111111111111111111000000000111111111111111111111111111110
11111111111111111111111111111111110000111111111111111111111111111111111111111111000000000000000000001100000000000000000000000000000000000000000000000000000000000000000000000001111111111111111111111110
11111111111111111111111111111111110001111111111111111111111111111111111111111100000000000000000000000000000000000000000000000000000000000000000000000000000000000000000000010001111111111111111111111110
11111111111111111111111111111111000011111111111111111111111111111111111111111100000000000000000000000000000000000000000000000000000000000000000000000000000000000000000000011101111111111111111111111110
11111111111111111111111111111110000011111111111111111111111111111111111111111100001100000110000011000000000000000000000000000000000000000000000000000000000000000100000000000001111111111111111111111110
11111111111111111111111111100000000011111111111111111111111111111111111111111100001100000110000011000000000000000000000000000000000000000000000000000000000000001100000000000000111111111111111111111110
11111111111111111111111111100000000011111111111111111111111111111111111111111100000000000000000000001100000000000000000000000000000000000000000000000000000000000000000000000000111111111111111111111110
11111111111111111111111111100000000011111111111111111111111111111111111111111100000000000000000000001111111111111000000000000000000111111111111111111111110000000000000000000000011111111111111111111110
11111111111111111111111111100000111111111111111111111111111111111111111111111111000000000000000000001111111111111110000001000000011111111111111111111111111000000000001000000000001111111111111111111110
11111111111111111111111111100001111111111111111111111111111111111111111111111111001110000000000000001111111111111111000011000000111111111111111111111111111100000000001000000000000000011111111111111110
11111111111111111111111111100011111111111111111111111111111111111111111111111111011111000000000000001111111111111111000000000001111111111111111111111111111110000000001000000000000000011111111111111110
11111111111111111111111111100111111111111111111111111111111111111111111111111111011111000000000000001111111111111111100000000001111111111111111111111111111110000000000000000000000000011111111111111110
11111111111111111111111111100111111111111111111111111111111111111111111111111111001110000011111111111111111111111111100000000001111111111111111111111111111110000011100000000000000000011111111111111110
11111111111111111111111111100111111111111111111111111111111111111111111111111111000000000011111111111111111111111111100000000001111111111111111111111111111110000000000000000000000000011111111111111110
11111111111111111111111111100111111111111111111111111111111111111111111111111111111111111111111111111111111111111111100000000001111111111111111111111111111110000000000000000000000000011111111111111110
11111111111111111111111111100111111111111111111111111111111111111111111111111111111111111111111111111111111111111111111111111111111111111111111111111111111110000000000000000000000000011111111111111110
11111111111111111111111111100111111111111111111111111111111111111111111111111111111111111111111111111111111111111111111111111111111111111111111111111111111110000000000000000000000000011111111111111110
11111111111111111111111111100011111111111111111111111111111111111111111111111111111111111111111111111111111111111111111111111111111111111111111111111111111110000000010000100000000000011111111111111110
11111111111111111111111111100011111111111111111111111111111111111111111111111111111111111111111111111111111111111111111111111111111111111111111111111111111110000000010000100000000000011111111111111110
11111111111111111111111111100001111111111111111111111111111111111111111111111111111111111111111111111111111111111111111111111111111111111111111111111111111110000000010000100000000111111111111111111110
11111111111111111111111111100000011111111111111111111111111111111111111111111111111111111111111111111111111111111111111111111111111111111111111111111111111110001100010000100000001111111111111111111110
11111111111111111111111111100000000001111111111111111111111111111111111111111111111111111111111111111111111111111111111111111111111111111111111111111111111100001100000000100000111111111111111111111110
11111111111111111111111111100000000001111111111111111111111111111111111111111111111111111111111111111111111111111111111111111111111111111111111111111111111100000000000000000001111111111111111111111110
11111111111111111111111111100000000001111111111111111111111111111111111111111111111111111111111111111111111111111111111111111111111111111111111111111111111000000000000000000001111111111111111111111110
11111111111111111111111111100000000001111111111111111111111111111111111111111111111111111111111111111111111111111111111111111111111111111111111111111111110000000000000000000001111111111111111111111110
11111111111111111111111111100000000000111111111111111111111111111111111111111111111111111111111111111111111111111111111111111111111111111111110000000000000000000000000000000001111111111111111111111110
11111111111111111111111111100000000000011111111111111111111111111111111111111111111111111111111111111111111111111111111111111111111111111111110000000000000000000000000000000001111111111111111111111110
11111111111111111111111111100000000000001111111111111111111111111111111111111111111111111111111111111111111111111111111111111111111111111111110000011111111111111000000000000001111111111111111111111110
11111111111111111111111111100000000000000111011111111111111111111111111111111111111111111111111111111111111111111111111111111111111111111111100001111111111111111110000000000001111111111111111111111110
11111111111111111111111111100000000000000000011111111111111111111111111111111111111111111111111111111111111111111111111111111111111111111111000001111111111111111111000000000001111111111111111111111110
11111111111111111111111111100000000000000000011111111111111111111111111111111111111111111111111111111111111111111111111111111111111111111110000011111111111111111111000000000001111111111111111111111110
11111111111111111111111111111110000000000000011111111111111111111111111111111111111111111111111111111111111111111111111111111111111111111100000111111111111111111111000000000001111111111111111111111110
11111111111111111111111111111111100000000000011111111111111111111111111111111111111111111111111111111111111111111111111111111111111111111000000111111111111111111111100000000001111111111111111111111110
11111111111111111111111111111111100000000000001111111111111111111111111111111111111111111111111111111111111111111111111111110000000000000000000111111111111111111111100000000001111111111111111111111110
11111111111111111111111111111111110000000100001111111111111111111111111111111111111111111111111111111111111111111111111111110000000000000000000111111111111111111111100000000001111111111111111111111110
11111111111111111111111111111111110000001100000011111111111111111111111111111111111111111111111111111111111111111111111111111111110000000000000111111111111111111111111111000001111111111111111111111110
11111111111111111111111111111111111000000000000001111111111111111111111111111111111111111111111111111111111111111111111111111111111000000000000111111111111111111111111111100001111111111111111111111110
11111111111111111111111111111111111111000000000000000000000001111111111111111111111111111111111111111111111111111111111111111111111000000000000111111111111111111111111111110001111111111111111111111110
11111111111111111111111111111111111111110000000000000000000001111111111111111111111111111111111111111111111111111111111111111111111100000000000111111111111111111111111111110001111111111111111111111110
11111111111111111111111111111111111111110000000000000000000001111111111111111111111111111111110000000011111111111111111111111111111110000000000111111111111111111111111111111001111111111111111111111110
11111111111111111111111111111111111111111000000000000000000001111111111111111111111111111111100000000001111111111111111111111111111110000011000111111111111111111111111111111001111111111111111111111110
11111111111111111111111111111111111111111100000000000000000001111111111111111111111111111111100000000001111111111111111111111111111110000011000111111111111111111111111111111001111111111111111111111110
11111111111111111111111111111111111111111100000000000100000001111111111111111111111111111111100000000001111111111111111111111111111110000000000111111111111111111111111111111001111111111111111111111110
11111111111111111111111111111111111111111110000000001100000001111111111111111111111111111111100000000001111111111111111111111111111110000000000111111111111111111111111111111001111111111111111111111110
11111111111111111111111111111111111111111110000000000000000001111111111111111111111111111111100000000001111111111111111111111111111110000000000111111111111111111111111111111001111111111111111111111110
11111111111111111111111111111111111111111110000000000000000001111111111111111111111111111111100000000001111111111111111111111111111110000000000111111111111111111111111111111001111111111111111111111110
11111111111111111111111111111111111111111110000000000000000011111111111111111111111111111111100000000001111111111111111111111111111110000000000111111111111111111111111111110001111111111111111111111110
11111111111111111111111111111111111111111111111111111111111111111111111111111111111111111111100000000001111111111111111111111111111110000000000111111111111111111111111111100001111111111111111111111110
11111111111111111111111111111111111111111111111111111111111111111111111111111111111111111111100000000001111111111111111111111111111110000000000111111111111111111111111111000001111111111111111111111110
11111111111111111111111111111111111111111111111111111111111111111111111111111111111111111111100000000001111111111111111111111111111110000000000111111111111111111111110000000001111111111111111111111110
11111111111111111111111111111111111111111111111111111111111111111111111111111111111111111111100000000001111111111111111111111111111110000000000111111111111111111111110000000001111111111111111111111110
11111111111111111111111111111111111111111111111111111111111111111111111111111111111111111111100000000001111111111111111111111111111111111111111111111111111111111111111110000001111111111111111111111110
11111111111111111111111111111111111111111111111111111111111111111111111111111111111111111111100000000000111111111111111111111111111111111111111111111111111111111111111111000001111111111111111111111110
11111111111111111111111111111111111111111111111111111111111111111111111111111111111111111111100000000000011111111111111111111111111111111111111111111111111111111111111111110001111111111111111111111110
11111111111111111111111111111111111111111111111111111111111111111111111111111111111111111111100000000000000111111111111111111111111111111111111111111111111111111111111111111111111111111111111111111110
11111111111111111111111111111111111111111111111111111111111111111111111111111111111111111111100000000000000000011111111111111111111111111111111111111111111111111111111111111111111111111111111111111110
11111111111111111111111111111111111111111111111111111111111111111111111111111111111111111111111100000000000000011111111111111111111111111111111111111111111111111111111111111111111111111111111111111110
11111111111111111111111111111111111111111111111111111111111111111111111111111111111111111111111110000011000000011111111111111111111111111111111111111111111111111111111111111111111111111111111111111110
11111111111111111111111111111111111111111111111111111111111111111111111111111111111111111111111111100001000000011111111111111111111111111111111111111111111111111111111111111111111111111111111111111110
11111111111111111111111111111111111111111111111111111111111111111111111111111111111111111111111111100000000000011111111111111111111111111111111111111111111111111111111111111111111111111111111111111110
11111111111111111111111111111111111111111111111111111111111111111111111111111111111111111111111111110000000110011111111111111111111111111111111111111111111111111111111111111111111111111111111111111110
11111111111111111111111111111111111111111111111111111111111111111111111111111111111111111111111111111000000010011111111111111111111111111111111111111111111111111111111111111111111111111111111111111110
11111111111111111111111111111111111111111111111111111111111111111111111111111111111111111111111111111000000000011111111111111111111111111111111111111111111111111111111111111111111111111111111111111110
11111111111111111111111111111111111111111111111111111111111111111111111111111111111111111111111111111000000000011111111111111111111111111111111111111111111111111111111111111111111111111111111111111110
11111111111111111111111111111111111111111111111111111111111111111111111111111111111111111111111111111000000000011111111111111111111111111111111111111111111111111111111111111111111111111111111111111110
11111111111111111111111111111111111111111111111111111111111111111111111111111111111111111111111111111000000000011111111111111111111111111111111111111111111111111111111111111111111111111111111111111110
11111111111100111111110011111100011111000000111111111111111111111111111111111111111111111111111110111000000000011111111111111111111111111111111111111111111111111111111111110000110000111111111111111110
11111111111100111000000000000000000000000000111111111111111111111111111111111111111111111111111111111000000000001111111111111111111111111111111111111111111111111111111111110000110000111111111111111110
11111111111100100000000000000000000000000000111111111111111111111111111111111111111111111111111111111000000000001111111111111111111111111111111111111111111111111111111100000000000011111111111111111110
11111111111100000000000000000000000000000000111111111111111111111111111111111111111111111111111111111000000000000111111111111111111111111111111111111111111111111111000000000000000011111111111111111110
11111111111100000000000000000000000000000000111111111111111111111111111111111111111111111111111111111000000000000011111111111111111111111111111111111111111111111100000000000000000011111111111111111110
11111111111100000001100000011000000110000000111111111110000000111111111111111111111111111111111111111000000000000000000000000011111111111111111111111100000000000000000000000000000011111111111111111110
11111111110000000000000000000000000000000000111111111110000000011111111111111111111111111111111111111000000000000000000000000001111111111111111111111100000000000000000000001111000000111111111111111110
11111111110000000000000000000000000000000000111111111111100000011111111111111111111111111111111111111000000000000000000000000001111111111111111111111100000111111100000000001111100000111111111111111110
11111111110000000000000000000000000000000000111111111111110000011111111111111111111111111111111111111000000000000000000000000001111111111111111111111000001111111111000000001101111100111111111111111110
11111111110000000000000000000000000000000000111111111111111000011111111111111111111111111111111111111000000000000000000000000000111111111111111111110000011111111111000000001100111100111111111111111110
11111111110000000000000110000001100000000000111111111111111100001111111111111111111111111111111111110000000000000000000000000000111111111111111111110000111111111111000000000000001100111111111111111110
11111111110000000000000000000000000000000000111111111111111110000111111111111111111111111111111111110000000000000000000000000000011111111111111111100001111111111111000000000000001100111111111111111110
11111111111100101100000000000000000000001000111111111111111110000011111111111111111111111111111110000000001100000000000000000000001111111111111111000001111111111111100011110000001100111111111111111110
11111111111100111100000000100000000000000000111111111111111110000000000000000000000000000000111110000000001000000000000000000000000000000000000000000001111111111111110011110000001100111111111111111110
11111111111100111100000000100000000000011100111111111111111110000000000000000000000000000000111110000000000000000000000000000000000000000000000000000001111111111111110011000000001100111111111111111110
11111111111100111111011111110011111001011100111111111111111110000000000000000000000000000000111111111110000000000001111111000000000000000000000000011111111111111111110011000000001100111111111111111110
11111111111111111111111111111111111111111111111111111111111110001100000000000000000000000000000000000000000000000111111111100000000000000000000000111111111111111111110000000000000000111111111111111110
11111111111111111111111111111111111111111111111111111111111110001000000000000000000000000000000000000000000000001111111111110000000000000000000001111111111111111111100000000000000000111111111111111110
11111111111111111111111111111111111111111111111111111111111110000000000000000000000000000000000000000000000000011111111111110000110000000000000011111111111111111111000000000000000011111111111111111110
11111111111111111111111111111111111111111111111111111111111110000000000000000000000000000000000000000000000000011111111111110000110000000000000111111111111111111111111100000000000011111111111111111110
11111111111111111111111111111111111111111111111111111111111110000000000000000011000000000000111111111110000000011111111111111000000000000000001111111111111111111111111111000000001111111111111111111110
11111111111111111111111111111111111111111111111111111111111110000000000000000011000000000000111110000000000000011111111111111000000000000000001111111111111111111111111111111111001111111111111111111110
11111111111111111111111111111111111111111111111111111111111111000000000000000000000000000000111110000000000000111111111111111100000000000000011111111111111111111111111111111111001111111111111111111110
11111111111111111111111111111111111111111111111111111111111111111111111111111111111111111111111111111111111111111111111111111111111111111111111111111111111111111111111111111111001111111111111111111110
11111111111111111111111111111111111111111111111111111111111111111111111111111111111111111111111111111111111111111111111111111111111111111111111111111111111111111111111111111111111111111111111111111110
11111111111111111111111111111111111111111111111111111111111111111111111111111111111111111111111111111111111111111111111111111111111111111111111111111111111111111111111111111111111111111111111111111110
11111111111111111111111111111111111111111111111111111111111111111111111111111111111111111111111111111111111111111111111111111111111111111111111111111111111111111111111111111111111111111111111111111110
11111111111111111111111111111111111111111111111111111111111111111111111111111111111111111111111111111111111111111111111111111111111111111111111111111111111111111111111111111111111111111111111111111110
11111111111111111111111111111111111111111111111111111111111111111111111111111111111111111111111111111111111111111111111111111111111111111111111111111111111111111111111111111111111111111111111111111110
11111111111111111111111111111111111111111111111111111111111111111111111111111111111111111111111111111111111111111111111111111111111111111111111111111111111111111111111111111111111111111111111111111110
11111111111111111111111111111111111111111111111111111111111111111111111111111111111111111111111111111111111111111111111111111111111111111111111111111111111111111111111111111111111111111111111111111110
11111111111111111111111111111111111111111111111111111111111111111111111111111111111111111111111111111111111111111111111111111111111111111111111111111111111111111111111111111111111111111111111111111110
11111111111111111111111111111111111111111111111111111111111111111111111111111111111111111111111111111111111111111111111111111111111111111111111111111111111111111111111111111111111111111111111111111110
11111111111111111111111111111111111111111111111111111111111111111111111111111111111111111111111111111111111111111111111111111111111111111111111111111111111111111111111111111111111111111111111111111110
11111111111111111111111111111111111111111111111111111111111111111111111111111111111111111111111111111111111111111111111111111111111111111111111111111111111111111111111111111111111111111111111111111110
11111111111111111111111111111111111111111111111111111111111111111111111111111111111111111111111111111111111111111111111111111111111111111111111111111111111111111111111111111111111111111111111111111110
11111111111111111111111111111111111111111111111111111111111111111111111111111111111111111111111111111111111111111111111111111111111111111111111111111111111111111111111111111111111111111111111111111110
11111111111111111111111111111111111111111111111111111111111111111111111111111111111111111111111111111111111111111111111111111111111111111111111111111111111111111111111111111111111111111111111111111110
11111111111111111111111111111111111111111111111111111111111111111111111111111111111111111111111111111111111111111111111111111111111111111111111111111111111111111111111111111111111111111111111111111110
11111111111111111111111111111111111111111111111111111111111111111111111111111111111111111111111111111111111111111111111111111111111111111111111111111111111111111111111111111111111111111111111111111110
