000000000000000000000000000000000000000000000000000000000000000000000000000000000000000000000000000000000000000000000000000000000000000000000000000000000000000000000000000000000000000000000000000000000000000000000000000000000000000000000000000000000000000000000000000000000000000000000000000000000000
111111111111111111111111111111111111111111111111111111111111111111111111111111111111111111111111111111111111111111111111111111111111111111111111111111111111111111111111111111111111111111111111111111111111111111111111111111111111111111111111111111111111111111111111111111111111111111111111111111111110
111111111111111111111111111111111111111111111111111111111111111111111111111111111111111111111111111111111111111111111111111111111111111111111111111111111111111111111111111111111111111111111111111111111111111111111111111111111111111111111111111111111111111111111111111111111111111111111111111111111110
111111111111111111111111111111111111111111111111111111111111111111111111111111111111111111111111111111111111111111111111111111111111111111111111111111111111111111111111111111111111111111111111111111111111111111111111111111111111111111111111111111111111111111111111111111111111111111111111111111111110
111111111111111111111111111111111111111111111111111111111111111111111111111111111111111111111111111111111111111111111111111111111111111111111111111111111111111111111111111111111111111111111111111111111111111111111111111111111111111111111111111111111111111111111111111111111111111111111111111111111110
111111111111111111111111111111111111111111111111111111111111111111111111111111111111111111111111111111111111111111111111111111111111111111111111111111111111111111111111111111111111111111111111111111111111111111111111111111111111111111111111111111111111111111111111111111111111111111111111111111111110
111111111111111111111111111111111111111111111111111111111111111111111111111111111111111111111111111111111111111111111111111111111111111111111111111111111111111111111111111111111111111111111111111111111111111111111111111111111111111111111111111111111111111111111111111111111111111111111111111111111110
111111111111111111111111111111111111111111111111111111111111111111111111111111111111111111111111111111111111111111111111111111111111111111111111111111111111111111111111111111111111111111111111111111111111111111111111111111111111111111111111111111111111111111111111111111111111111111111111111111111110
111111111111111111111111111111111111111111111111111111111111111111111111111111111111111111111111111111111111111111111111111111111111111111111111111111111111111111111111111111111111111111111111111111111111111111111111111111111111111111111111111111111111111111111111111111111111111111111111111111111110
111111111111111111111111111111111111111111111111111111111111111111111111111111111111111111111111111111111111111111111111111111111111111111111111111111111111111111111111111111111111111111111111111111111111111111111111111111111111111111111111111111111111111111111111111111111111111111111111111111111110
111111111111111111111111111111111111111111111111111111111111111111111111111111111111111111111111111111111111111111111111111111111111111111111111111111111111111111111111111111111111111111111111111111111111111111111111111111111111111111111111111111111111111111111111111111111111111111111111111111111110
111111111111111111111111111111111111111111111111111111111111111111111111111111111111111111111111111111111111111111111111111111111111111111111111111111111111111111111111111111111111111111111111111111111111111111111111111111111111111111111111111111111111111111111111111111111111111111111111111111111110
111111111111111111111111111111111111111111111111111111111111111111111111111111111111111111111111111111111111111111111111111111111111111111111111111111111111111111111111111111111111111111111111111111111111111111111111111111111111111111111111111111111111111111111111111111111111111111111111111111111110
111111111111111111111111111111111111111111111111111111111111111111111111111111111111111111111111111111111111111111111111111111111111111111111111111111111111111111111111111111111111111111111111111111111111111111111111111111111111111111111111111111111111111111111111111111111111111111111111111111111110
111111111111111111111111111111111111111111111111111111111111111111111111111111111111111111111111111111111111111111111111111111111111111111111111111111111111111111111111111111111111111111111111111111111111111111111111111111111111111111111111111111111111111111111111111111111111111111111111111111111110
111111111111111111111111111111111111111111111111111111111111111111111111111111111111111111111111111111111111111111111111111111111111111111111111111111111111111111111111111111111111111111111111111111111111111111111111111111111111111111111111111111111111111111111111111111111111111111111111111111111110
111111111111111111111111111111111111111111111111111111111111111111111111111111111111111111111111111111111111111111111111111111111111111111111111111111111111111111111111111111111111111110000001111111111111111111111111111111111111111111111111111111111111111111111111111111111111111111111111111111111110
111111111111111111111111111111111111111111111111111111111111111111111111111111111111111111111111111111111111111111111111111111111111111111111111111111111111111111111111111111111111111110000000001111111111111111111111111111111111111111111111111111111111111111111111111111111111111111111111111111111110
111111111111111111111111111111111111111111111111111111111111111111111111111111111111111111111111111111111111111111111111111111111111111111111111111111111111111111111111111111111111111110000000000000000000000111111111111111111111111111111111111111111111111111111111111111111111111111111111111111111110
111111111111111111111111111111111111111111111111111111111111111111111111111111111111111111111111111111111111111111111111111111111111111111111111111111111111111111111111111111111111111110000000000000000000000000111111111111111111111111111111111111111111111111111111111111111111111111111111111111111110
111111111111111111111111111111111111111111111111111111111111111111111111111111111111111111111111111111111111111111111111111111111111111111111111111111111111111111111111111111111111111110000000000000000000000000111111111111111111111111111111111111111111111111111111111111111111111111111111111111111110
111111111111111111111111111111111111111111111111111111111111111111111111111111111111111111111111111111111111111111111111111111111111111111111111111111111111111111111111111111111111111110000000000000000000000000111111111111111111111111111111111111111111111111111111111111111111111111111111111111111110
111111111111111111111111111111111111111111111111111111111111111111111111111111111111111111111111111111111111111111111111111111111111111111111111111111111111111111111111111111111111111110110000000000000000000000011111111111111111111111111111111111111111111111111111111111111111111111111111111111111110
111111111111111111111111111111111111111111111111111111111111111111111111111111111111111111111111111111111111111111111111111111111111111111111111111111111111111111111111111111111111111110110000000000000000000000001111111111111111111111111111111111111111111111111111111111111111111111111111111111111110
111111111111111111111111111111111111111111111111111111111111111111111111111111111111111111111111111111111111111111111111111111111111111111111111111111111111111111111111111111111111111110000000000000011100000000000111111111111111111111111111111111111111111111111111111111111111111111111111111111111110
111111111111111111111111111111111111111111111111111111111111111111111111111111111111111111111111111111111111111111111111111111111111111111111111111111111111111111111111111111111111111110000000000000011100000000010001111111111111111111111111111111111111111111100000011111111111111111111111111111111110
111111111111111111111111111111111111111111111111111111111111111111111111111111111111111111111111111111111111111111111111111111111111111111111111111111111111111111111111111111111111111111111111111110011000000000000000001111111111111111111111111111111111111111101000011111111111111111111111111111111110
111111111111111111111111111111111111111111111111111111111111111111111111111111111111111111111111111111111111111111111111111111111111111111111111111111111111111111111111111111111111111111111111111111110000000000000000001111111111111111111111111111111111111111100000011111111111111111111111111111111110
111111111111111111111111111111111111111111111111111111111111111111111111111111111111111111111111111111111111111111111111111111111111111111111111111111111111111111111111111111111111111111111111111111110000000000000000001111111111111111111111111111111111111111100000011111111111111111111111111111111110
111111111111111111111111111111111111111111111111111111111111111111111111111111111111111111111111111111111111111111111111111111111111111111111111111111111111111111111111111111111111111111111111111111110000000000000000001111111111111111111111111111111111111111100000011111111111111111111111111111111110
111111111111111111111111111111111111111111111111111111111111111111111111111111111111111111111111111111111111111111111111111111111111111111111111111111111111111111111111111111111111111111111111111111100000000000000000001111111111111111111111111111111111111111100000011111111111111111111111111111111110
111111111111111111111111111111111111111111111111111111111111111111111111111111111111111111111111111111111111111111111111111111111111111111111111111111111111111111111111111111111111111110000000000000000000000000000000001111111111111111111111111111111111111111100000011111111111111111111111111111111110
111111111111111111111111111111111111111111111111111111111111111111111111111111111111111111111111111111111111111111111111111111111111111111111111111111111111111111111111111111111111110000000000000000000000000000000000001111111111111111111111111111111111111111100111111111111111111111111111111111111110
111111111111111111111111111111111111111111111111111111111111111111111111111111111111111111111111111111111111111111111111111111111111111111111111111111111111111111111111111111111111000000000000000000000000000000000000001111111111111111111111111111111111111111100000000000001111111111111111111111111110
111111111111111111111111111111111111111111111111111111111111111111111111111111111111111111111111111111111111111111111111111111111111111111111111111111111111111111111111111111111111001111111111000000000000000000000000000111111111111111111111111111111111111111100000000000000111111111111111111111111110
111111111111111111111111111111111111111111111111111111111111111111111111111111111111111111111111111111111111111111111111111111111111111111111111111111111111111111111111111111111111001111111111000000000000000000000000000111111111111111111111111111111111111111100000000000000111111111111111111111111110
111111111111111111111111111111111111111111111111111111111111111111111111111111111111111111111111111111111111111111111111111111111111111111111111111111111111111111111111111111111111000000000000000000000000000000000000000111111111111111111111111111111110000000100000000000000111111111111111111111111110
111111111111111111111111111111111111111111111111111111111111111111111111111111111111111111111111111111111111111111111111111111111111111111111111111111111111111111111111111110000000000000000000000000000000000000000000000111111111111111111111111111111110000000100000000000001111111111111111111111111110
111111111111111111111111111111111111111111111111111111111111111111111111111111111111111111111111111111111111111111111111111111111111111111111111111111111111111111111111111110000000000000000000000000000000000000000000000111111111111111111111111111111110000000100000011001001111111111111111111111111110
111111111111111111111111111111111111111111111111111111111111111111111111111111111111111111111111111111111111111111111111111111111111111111111111111111111111111111111111111110000000000000000000000000000000000000000000000000111111111111111111111111000010000000100000011001001111111111111111111111111110
111111111111111111111111111111111111111111111111111111111111111111111111111111111111111111111111111111111111111111111111111111111111111111111111111111111111111111111111111110001101000000000000000000000000000000000000000000011111111111111111111111000010000000100000011001001111111111111111111111111110
111111111111111111111111111111111111111111111111111111111111111111111111111111111111111111111111111111111111111111111111111111111111111111111111111111111111111111111111111110001101000000000000000000000000011111111110000000000000000001111111111100000010000000100000011001001111111111111111111111111110
111111111111111111111111111111111111111111111111111111111111111111111111111111111111111111111111111111111111111111111111111111111111111111111111111111111111111111115555555510000000000000000000000000000111111111111110000000000000000001000000110000000010000000100000011001001111111111111111111111111110
111111111111111111111111111111111111111111111111111111111111111111111111111111111111111111111111111111111111111111111111111111111111111111111111111111111111111111115500000010000000000000000000000000011111111111111111111100000000000001000000110001000010000000101000011111111111111111111111111111111110
111111111111111111111111111111111111111111111111111111111111111111111111111111111111111111111111111111111111111111111111111111111111111111111111111111111111111111115500000011111100001100000000000001111111111111111111110000000000000001000000000000000010000000101000011111111111111111111111111111111110
111111111111111111111111111111111111111111111111111111111111111111111111111111111111111111111111111111111111111111111111111111111111111111111111111111111111111111115500000011000000001100000000000011111111111111111111111100000000000001000000000000000010000000000000011000000111111111111111111111111110
111111111111111111111111111111111111111111111111111111111111111111111111111111111111111111001111111111111111111111111111111111111111111111111111111111111111111111115500000011000000000000000000000011111111111111111111111000000000000001000000000000000010000000000000011000000111111111111111111111111110
111111111111111111111111111111111111111111111111111111111111111111111111111111111111111100001111111111111111111111111111111111111111111111111111111111111111111111115500000000000000000000000000000001111111111111111111111000000550000001000000000500000010000000001000000000010111111111111111111111111110
111111111111111111111111111111111111111111111111111111111111111111111111111111111111100000000011111111111111111111111111111111111111111111111111111111111111111111111500000000000000000000000000000000000000000000111111111000000550000001000000000500000010000000001000000000011111111111111111111111111110
111111111111111111111111111111111111111111111111111111111111111111111111111111111111000000000000001111111111111111111111111111111111111111111111111111111111111111111550000000000000000000000000000000000000001100111111111000000000000001000000000000000010000000001000000001001111111111111111111111111110
111111111111111111111111111111111111111111111111111111111111111111111111111111111110000000000000000111111111111111111111111111111111111111111111111111111111111111111555000000000000000000000000000000000000000000111111111000000000000001110000000000000010000000001000000001001111111111111111111111111110
111111111111111111111111111111111111111111111111111111111111111111111111111111111100000000000000000111111111111111111111111111111111111111111111111111111111111111111155500000000000000000000000000000000000000000111111111000000000000001000000000111111111111000001000000001001111111111111111111111111110
111111111111111111111111111111111111111111111111111111111111111111111100000000000000000000000010000111111111111111111111111111111111111111111111111111111111111111111111550000000000000000000000000000000000000000111111111000000000000011000000000000000000000000001000000001111111111111111111111111111110
111111111111111111111111111111111111111111111111111111111111111111111100000000000000000000000000000011111111111111111111111111111111111111111111111111111111111111111111155500000000000000000000000000000000000000111111111000000000050011111000000000000000000000001000000001111111111111111111111111111110
111111111111111111111111111111111111111111111111111111111111111111111100110000000000000000000000000011111111111111111111111111111111111111111111111111111111111111111111111500000000000000000000000000000000000000111111111000000000550011100000000000001100000000001000000001111111111111111111111111111110
111111111111111111111111111111111111111111111111111111111111111111111100110000000000000100000000000011111111111111111111111111111111111111111111111111111111111111111111111500000000000000000000000000000000010000111111111111111111100000100000000000001100000000001000011111111111111111111111111111111110
111111111111111111111111111111111111111111111111111111111111111111111100000000000000000100000000000001111111111111111111111111111111111111111111111111111111111111111111111500000000000000000000000000000000000000111111111110000001000011100000000111111111111000001000011111111111111111111111111111111110
111111111111111111111111111111111111111111111111111111111111111111111100000000000000000000000000000000000011111111111111111111111111111111111111111111111111111111111111111500000000000000000000000000000000000000011111111111100001000010000000000000000010000000001000011111111111111111111111111111111110
111111111111111111111111111111111111111111111111111111111111111111111000000000000000000000000000000000000111111111111111111111111111111111111111111111111111111111111111115500000000000000000000000000000000000000001111111111110001000010000000000000000010000001001011011111111111111111111111111111111110
111111111111111111111111111111111111111111111111111111111111111111110000000000000000000000000000000000000111111000001111111111111111111111111111111111111111111111111111155500000000000000000000000000000000000000000111111111111000000000000000000000000010000001101011011111111111111111111111111111111110
111111111111111111111111111111111111111111111111111111111111110000000000000000000000000000000000000000000111110000001000111111111111111111111111111111111111111111111111150000000000000000000000000000000000000000000111111111111000000000000000000000010010000000001011011111111111111111111111111111111110
111111111111111111111111111111111111111111111111111111111111110000000000000000000000000000000000000000000000000000000000111111111111111111111111111111111111111111111111550000000000000000000000000000000000000000000001111111111100000000000000000000000010000000001111011111111111111111111111111111111110
111111111111111111111111111111111111111111111111111111111111111100000000000000000000000000000000000000000000000000000000111111111111111111111111111111111111111115555555500000000000000000000000000000000000000000000000011111111100000000000000000000000010000000011111111111111111111111111111111111111110
111111111111111111111111111111111111111111111111111111111111111100000000000000000000000000000000000000000000000000000000111111111111111111111111111111111111111115000000000000000000000000000000000000000000000000000000001111111110000000000000000000000010000001111111111111111111111111111111111111111110
111111111111111111111111111111111111111111111111111111111111110000000000000000011000000000000000000000000000000000000000011111111111111111111111111111111111111115000000000000000000000005555555555555000000000000000000001111111111100000000000000000000010000001111111111111111111111111111111111111111110
111111111111111111111111111111111111111111111111111111111111110001100000000000011000000000000000000000000000000000000000000000000111111111111111111111111111111115000000000000000000000555511111111111110000000000000000001111111111111000000000000000000010000011111111111111111111111111111111111111111110
111111111111111111111111111111111111111111111111111111111111110001100000000000000000000001100000000000000000000000000000000000000111111111111111111111111111111115000000000000000000005511111111111111111000000000000000001111111111111100000000000000000010100011111111111111111111111111111111111111111110
111111111111111111111111111111111111111111111111111111111111110000000000000000000000000001100000000000000000000000000000000000000111111111111111111111111111111115555500000000000000055111111111111111111000000000000000000111111111111110000000000000000010111001111111111111111111111111111111111111111110
111111111111111111111111111111111111111111111111111111111111110000000000000000000000000000000000000000000000000000000000000000000011111111111111111111111111111111111500000000000000551111111111111111111100000000000000000011111111111111000000000000000010000001111111111111111111111111111111111111111110
111111111111111111111111111111111111111111111111111111111111110000000000000000000000000000000000000000000000000000000000000000000001111111111111111111111111111111111500000000000005511111111111111111111100000000000000000001111111111111000005511110000010000001111111111111111111111111111111111111111110
111111111111111111111111111111111111111111111111111111111111110000000000000000000000000000000000000000000000000000000000000000000000111111111111111111111111111111111550000000000055111111111111111111111100000000000000000000011111111111000005111111550010000001111111111111111111111111111111111111111110
111111111111111111111111111111111111111111111111111111111111110000000000000000000000000000000000000000000000000000000000000000000000001111111111111111111111111111111115000000000051111111111111111111111100000000000000000000000111111111000000111111500011111111111111111111111111111111111111111111111110
111111111111111111111111111111111111111111111111111111111111110000000000000000000000000000000000000000000000000000000000000000000000001111111111111111111111111111111111500000000051111111111111111111111111100000000000000000000111111111000000111111000000011111111111111111111111111111111111111111111110
111111111111111111111111111111111111111111111111111111111115100000000000000000000000000000000000000000000000000000000000000000000000001111111111111111111111111111111111150000000051111111111111111111111111110000000000000000000011111111000000111111010100011111111111111111111111111111111111111111111110
111111111111111111111111111111111111111111111111111111111550000000000000000000000555110000000000000000000000000000000000000000000000001111111111111111111111111111111111115000000051111111111111111111111111111000000000000000000011111111000000111100010000111111111111111111111111111111111111111111111110
111111111111111111111111111111111111111111111111111111115500000000000000000000000511111115550000000000000000000000000000000000000000001111111111111111111111111111111111111550000051111111111111111111111111111100000000000000000011111111000000515000000000111111111111111111111111111111111111111111111110
111111111111111111111111111111111111111111111111111111155000000000000000000000000011111115500000011000000000000000000000000000000000001111111111111111111111111111111111111155000051111111111111111111111111111110000000000000000011111111000000550000000000111111111111111111111111111111111111111111111110
111111111111111111111111111111111111111111111111111111550000000000000000000000000011111111000000011000000000000000000000000000000000001111111111111111111111111111111111111115000051111111111111111111111111111110000000000000000011111111000000000000000001111111111111111111111111111111111111111111111110
111111111111111111111111111111111111000000000000000000000000000000000000000000000011111110000000000000000000000000000000000000000000001111111111111111111111111111111111111115000051111111111111111111111111111110000000000000000001111111000000000000000011111111111111111111111111111111111111111111111110
111111111111111111111111111111111110000000000000000000000000000000000000000000000011111100000000000000000000000000000000000000000000001111111111111111111111111111111111111115000055111111111111111111111111111110000000000000000001111111100000000000000011111111111111111111111111111111111111111111111110
111111111111111111111111111111111110000011111111110000000000000000000000000000000005550000000000000000000000000000000000000000000000001111111111111111111111111111111111111155000055111111111111111111111111111110000000000000000001000000000000000000000011111111111111111111111111111111111111111111111110
111111111111111111111111111111111110000011111111110000000000000000000000000000000055000000000000000000000000000000000000000000000000001111111111111111111111111111111111111550000005511111111111111111111111111110000000000000000001000000000000000000000011111111111111111111111111111111111111111111111110
111111111111111111111111111111111100000011111111111111111111111111111111111111111111111111111111110000000000000000000000000000000000001111111111111111111111111111111111115500000000511111111111111111111111111110000000000000000001000000001111000000000011111111111111111111111111111111111111111111111110
111111111111111111111111111111111100000011111111111111111111111111111111111111111111111111111111110000000000000000000000000000000000001111111111111111111111111111111111155000000000551111111111111111111111111110000000000000000001000001111111000000000011111111111111111111111111111111111111111111111110
111111111111111111111111111111111100000011110000001000000000000000000000000000000000000000000000010000000000000000000000000000000000001111111111111111111111111111111111550000000000051111111111111111111111111110000000000000000001000011111111100000000011111111111111111111111111111111111111111111111110
111111111111111111111111111111111100000011110000001000000000000000000000000000000000000000000000010000000000000000000000000000000000001111111111111111111111111111111111500000000000055111111111111111111111111110000000000000010001000011111111100000000011111111111111111111111111111111111111111111111110
111111111111111111111111111111111100000011110000001000000000000000000000000000000000000000000000010000000000000000000000000000000000001111111111111111111111111111111111500000000000005511111111111111111111111111100000000000010001000011111111110000000011111111111111111111111111111111111111111111111110
111111111111111111111111111111111100000011110000001000000000000000000000000000000000000000000000010000000000000000000000000000000000001111111111111111111111111111111111500000000000000511111111111111111111111111100000000000000001000011111111110000000011111111111111111111111111111111111111111111111110
111111111111111111111111111111111100000011110000001000000011111111111111111111111111111111111111110000000000000000000000000000000000001111111111111111111111111111111111500000000000000500111111111111111111111111111110000000000001000011111111111000000051111111111111111111111111111111111111111111111110
111111111111111111111111111111111000000011110000001000000010000000100000001111111100000000000000010000000000000000000000000000000000000111111111111111111111111111111111500000000000000000011111111111111111111111111111000000000001000011111111111115000005111111111111111000010000000001111111111111111110
111111111111111111111111111111111000000011110000001000000010000000100000000000000000000000000000010000000000000000000000000000000000000011111111111111111111111111111111500000000000000000001111111111111111111111111111000001000001000011111111111115550005511111111111111000000000000001111111111111111110
111111111111111111111111111111111000000011110000001000000010000000100000000000000000000000000000010000000000000000000000000000000000000001111111111111111111111111111111550000000000000000001111111111111111111111111111100000000001000011111111111111155000551111111111111000000000000001111111111111111110
111111111111111111111111111111111000550011110000001000000010000000100000000000000000000000000000010000000000000000000000000000000000000000111111111111111111111111111111155555550000005000001111111111111111111111111111100000000001000011111111111111115000055111111111111000000000000001111111111111111110
111111111111111111111111111111111001550011110000001000000010000000100000000000000000000000000000010000000000000000000000000000000000000000011111111111111111111111111111111111155500000000000111111111111111111111111111100000000001000011111111111111115000005511111111001000000000000001111111111111111110
111111111111111111111111111111115501000011110000001000000010000000100000001111111100000000000000010000000000000000000000000000000000000000001111111111111111111111111111111111111550000000000001111111111111111111111111100001111001000011111111111111115500000000000000001000000000100011111111111111111110
111111111111111111111111111111105500000011110000001000000010000000100000001000000000000000000000010000000000000000000000000000000000000000000111111111111111111111111111111111111150000000000000011111111111111111111111100001001111000000000011111111111550000000000000001000000111111111111111111111111110
111111111111111111111111111111000000000000110000001000000010000000100000001000000000000000000000010000000000000000000000000000000000000000000011111111111111111111111111111111111155000000000000001111111111111111111111100001000000000000000011111111111155000000000000001000000111111111111111111111111110
111111111111111111111111111111000000000000110000001000000010000000100000001000000000000000000000010000000000000000000000000000000000000000000001111111111111111111111111111111111115000000000000000111111111111111111111100001110000000000000111111111111115550000000111111000000111111111111111111111111110
111111111111111111111111111111000000000000110000001000000010000000100000001000000000000000000000010000000000000000000000000000000000000000000001111111111111111111111111111111111115000000005500000111111111111111111111000000010011111111100111111111111111155000000000000000000111111111111111111111111110
111111111111111111111111111111000000000000110000001000000010000000100000001000000000000000000000010000000000000000000000000000000000000000000001111111111111111111111111111111111115000000005500000011111111111111111111000000010011111111100111111111111111115500000000000000000111111111111111111111111110
111111111111111111111111111111111511111111110000001000000010000000100000001000000000000000000000010000000000000000000000000000000000000000000001111111111111111111111111111111111115000000000000000001111111111111111110000000010011111111100111111111111111111550000000000000000111111111111111111111111110
111111111111111111111111111111111111111111110000001000000011000000110000001000000000000000000000010000000000000000000000000000000000000000000001111111111111111111111111111111111115000000000000000000111111111111111000000000010011111111100111111111111111111550000000000000000111111111111111111111111110
111111111111111111111111111111111100111111000000001000000000000000000000001000000000000000000000010000000000000000000000000000000000000000000001111111111111111111111111111111111115000000000000000000011111111111111000000000010011111111100111111111111111111150000111110000000111111111111111111111111110
111111111111111111111111111111111100111111000000001000000000000000000000001000000000000000000000010000000000000000000000000000000000000000000011111111111111111111111111111111111115000000000000000000000111111111100000000000010011111111100111111111111111111110000000011111111111111111111111111111111110
111111111111111111111111111111111100000000000000001000000000000000000000001000000000000000000000000000000000000000000000000000000000000000000111111111111111111111111111111111111155000000000000000000000000000000000000000000010011111111100111111111111111111111000000000001111111111111111111111111111110
111111111111111111111111111111111100000000000000001000000000000000000000001000000000000000000000000000000000000000000000000000000000000000000111111111111111111111111111111111115550000000000000000000000000000000000000000000010011111111100111111111111111111111111111000011111111111111111111111111111110
111111111111111111111111111111111100000000000000001000000011000000110000001000000000000000000000000000000000000000000000000000000000000000001111111111111111111111111111111111115000000000000000000000000000000000000000000000010011111111100111111111111111111111111111110000111111111111111111111111111110
111111111111111111111111111111111100000000000000001000000010000000100000001000000000000000000000000000000000000000000000000000000000000000001111111111111111111111111111111111115000000000000000000000000000000000000000000000010011111111100111111111111111111111111111110000111111111111111111111111111110
111111111111111111111111111111111100000000000000001000000010000000100000001000000000000000000100000000000000000000000000000000000000000000001111111111111111111111111111111111115550000000000000000000000000000000000000000000010011111111100111111111111111111111111111111111111111111111111111111111111110
111111111111111111111111111111111100000000000000001000000010000000100000001000000000000000000110000000000000000000000000000000000000000000001111111111111111111111111111111111111155500000000000000000000000000000000000000000010011111111100111111111111111111111111111111111111111111111111111111111111110
111111111111111111111111111111111111150000000000001000000010000000100000001100000000000000000110000000000000000000000000000000000000000000001111111111111111111111111111111111111111550000000000000000000000000000000000000000010000000000000111111111111111111111111111111111111111111111111111111111111110
111111111111111111111111111111111111110000000000001000000010000000100001001100000000000000000011000000000000000000000000000000000000000000001111111111111111111111111111111111111111150000000000000000000000000000000000000001110000000000000111111111111111111111111111111111111111111111111111111111111110
111111111111111111111111111111111111110000000000001000000010000000100000101000010000000000000001100000000000000000000110000000000000000000001111111111111111111111111111111111111111150000000000000000000000000000000000000001000000000000000011111111111111111111111111111111111111111111111111111111111110
111111111111111111111111111111111111110000000000001000000010000000100000101000010000000000000000110000000000000000000110000000000000000000000111111111111111111111111111111111111111150000000000000000000000000000000000000001001111000001111111111111111111111111111111111111111111111111111111111111111110
111111111111111111111111111111111111110000000000001000000010000000101100111111110000000000000000011111111111111111110000000000000000000000000011111111111111111111111111111111111111150000000000000000000000000000000000000001111001000001111111111111111111111111111111111111111111111111111111111111111110
111111111111111111111111111111111111110000000000001000000010000000101111111111110000000000000000011111111111111111110000000000000000000000000011111111111111111111111111111111111111150000000000000000000000000000000000001000000001000001111111111111111111111111111111111111111111111111111111111111111110
111111111111111111111111111111111111110000000000001000000010000000100000000010000000000000000000011100000000000000010000000000000000000000000011111111111111111111111111111111111111150000000000000000000000000000000000000000000001000001111111111111111111111111111111111111111111111111111111111111111110
111111111111111111111111111111111111110000000000001000000010000000100000110010000000000000000000011100000000000000010000000000000000000000000011111111111111111111111111111111111111150000000000000000000000000000000000000000000001000001111111111111111111111111111111111111111111111111111111111111111110
111111111111111111111111111111111111111115000000001000000010000000100000010011111100000000000000011100000000000000010000000000000000000000000011111111111111111111111111111111111111150000000000000000000000000000000000000000000001000001111111111111111111111111111111111111111111111111111111111111111110
111111111111111111111111111111111111111111000000001000000010000000100000010000000000000000000000011100000000000000010000000000000000000000000011111111111111111111111111111111111111150000000000000000000000000000000000000000000001000001111111111111111111111111111111111111111111111111111111111111111110
111111111111111111111111111111111111111111000000111111111111111111111111111111111111111111111111111100000000000000010000000000000000000000000011111111111111111111111111111111111111150000000000000000000000000000000000000000000001000001111111111110000011111111111111111111111111111111111111111111111110
111111111111111111111111111111111111111111000000111111111111111111111111111111111111111111111111111100000111111111110000000000000000000000000011111111111111111111111111111111111111150000000000000000000000000000000000000000000001000001111111111110000011111111111111111111111111111111111111111111111110
111111111111111111111111111111111111111111000000000000000000005000000000000000000000000000000000001100000111111111110000000000000000000000000011111111111111111111111111111111111111150000000000000000000000000000000000100000000001000001111111111110000011111111111111111111111111111111111111111111111110
111111111111111111111111111111111111111111000000000000000000005050000000000000000000000000000000001100000111111111110000000000000000000000000111111111111111111111111111111111111111150000000000000000000000000000000000110000000001000001111111111110000011111111111111111111111111111111111111111111111110
111111111111111111111111111111111111111111000000000000000000000050550000000000000000000000000000001100000000001111110000000000000000000000001111111111111111111111111111111111111111150000000000000000000000000000000000111000000001000000000000000000000011111111111111111111111111111111111111111111111110
111111111111111111111111111111111111111111000000000000000000000050550000000000000000000000000000001100000000001111110000000000000000000000011111111111111111111111111111111111111111150000000000000000000000000000000000111100000001000000000000000000000011111111111111111111111111111111111111111111111110
111111111111111111111111111111111111111111555500000000000000000050055500000000000000000000000000000000000000000000000000000000000000110000111111111111111111111111111111111111111111150000000000000000000000000000000000111110000001000000000000000000000011111111111111111111111111111111111111111111111110
111111111111111111111111111111111111111111000000000000000000005555050000000000000000000000000000000000000110000000100000000000000000111111111111111111111111111111111111111111111111111111111111000000000000000000000000111110000001000000000000000000000011111111111111111111111111111111111111111111111110
111111111111111111111111111111111111111111000000000000000000005500055500000000000000000000000000000000000000000000000000000000000000000000111111111111111111111111111111111111111110000000000011000000000000000000000001111110000001000000000000000000000001111111111111111111111111111111111111111111111110
111111111111111111111111111111111111111111000000000000000000005500005500000000000000000000000000000000000000000000000000000000000000000000111111111111111111111111111111111111111110000000000000000000000000000000000001111100000001111111111111111000000000111111111111111111111111111111111111111111111110
111111111111111111111111111111111111111111000000000000000000000000000055000000000000000000000000000000000000000000000000000000000000000000111111111111111111111111111111111111111110000000000000000000000000000000000000111000000000000000001111111110000000111111111111111111111111111111111111111111111110
111111111111111111111111111111111111111111000000000000000000000000000055000000000000000000000000000000000000000000000000000000000000000000111111111111111111111111111111111111111110000000000000000000000000000000000000110000000000000000001111111110000000011111111111111111111111111111111111111111111110
111111111111111111111111111111111111111111000000000000000000000000000000000000000000000000000000000000000110000000100000000000000000000000111111111111111111111111111111111111111110000000000000000000000000000000000000110000000000000000000011111111110000011111111111111111111111111111111111111111111110
111111111111111111111111111111111111111111555500000000000000000000000000000000000000000000000000000000000000000000000000000000000000111111111111111111111111111111111111111111111110000000000000000000000000000000000000000000000000000000000001111111110000011111111111111111111111111111111111111111111110
111111111111111111111111111111111111111111000000000000000000000000000000000000000000000055000000001100000000001111110000000000000000110000111111111111111111111111111111111111111111111111111111000000000000000000000000000000000000000000000000011111111000001111111111111111111111111111111111111111111110
111111111111111111111111111111111111111111000000000000000000000000000000000000000000000055000000001100000000001111110000000000000000000000111111111111111111111111111111111111111111115000000011000000000000010000000000000000000000000000000000001111111000001111111111111111111111111111111111111111111110
111111111111111111111111111111111111111111000000000000000000000000000000000000000000000050000000001100000111111111110000000000000000000000111111111111111111111111111111111111111111155000000000000000000000000000000000000000000000000000000000000111111000000000111111111111111111111111111111111111111110
111111111111111111111111111111111111111111000000000000000000000000000000000000000000000050000000001100000111111111110000000000000000000000111111111111111111111111111111111111111111550000000000000000000000000000000000000000000000000000000000001111111000000000011111111111111111111111111111111111111110
111111111111111111111111111111111111111111000000111111111111111111111111111111111111115500551111111100000111111111110000000000000000000000111111111111111111111111111111111111111111500000000000000000000000000000000000000000000000000000000000011111111000000000011111111111111111111111111111111111111110
111111111111111111111111111111111111111111000000111111111111111111111111111111111111115500001111111100000000000000010000000000000000000001111111111111111111111111111111111111111115500000000000000000000000000000000000000000000000000000000111111111111000000000001111111111111111111111111111111111111110
111111111111111111111111111111111111111111000000001000000010000000100000001111111100555555000000011100000000000000010000000000000000000111111111111111111111111111111111111111111155000000000000000000001000000000000000000000000000000000001111111111111000000000000111111111111111111111111111111111111110
111111111111111111111111111111111111111115000000001000000010000000100000001111111100555555000000011100000000000000010000000000000000001111111111111111111111111111111111111111115550000000000000000000011000000000000000000000000000000000011111111111111000000000000111111111111111111111111111111111111110
111111111111111111111111111111111111110000000000001000000010000000100000000000000000000000000000011100000000000000010000000000000000001111111111111111111111111111111111111111115500000000000000000001111110000000000000000000000000000000001111111111110000000000000000111111111111111111111111111111111110
111111111111111111111111111111111111110000000000001000000010000000100000000000000000000000000000011100000000000000010000000000000000011111111111111111111111111111111111111111155000000000000000000011111110000000000000000000000000000000000000000000000000000000000000111111111111111111111111111111111110
111111111111111111111111111111111111110000000000001000000010000000100000000000000000550000000000011111111111111111110000000000000000011111111111111111111111111111111111111111550000000000000000000111111110000000000000000000000000000000000000000000005500000000000000111111111111111111111111111111111110
111111111111111111111111111111111111110000000000001000000010000000100000000000000000550000000000011111111111111111110000000000000001111111111111111111111111111111111111111555500000000000000000000011111111000000000000000000000000000000000000000000005500000000000000111111111111111111111111111111111110
111111111111111111111111111111111111110000000000001000000010000000100000001111111100000000000000010000000000000000000000000000000001111111111111111111111111111111111111111555000000000000000000000011111111100000000000000000000000000000000000000000000000000000000000111111111111111111111111111111111110
111111111111111111111111111111111111110000000000001000000010000000100000001000000000000000000000010000000000000000000000000000000011111111111111111111111111111111111111111550000000000000000000000111100000000000000000000000000000000000000000000000000000000000000000111111111111111111111111111111111110
111111111111111111111111111111111111110000000000001000000010000000100000001000000000000000000000010000000000000000000000000000000111111111111111111111111111111111111111115500000000000010000000001111000000000000000000000000000000000000000000000000000000000000000000111111111111111111111111111111111110
111111111111111111111111111111111111110000000000001000000010000000100000001000000000000000000000010000000000000000000000000000001111111111111111111111111111111111111111155500000000000010000000000000000000000000000000000000000010000000000000000000000000000000000000111111111111111111111111111111111110
111111111111111111111111111111111111150000000000001000000010000000100000001000000000000000000000010000000000000000000000000111111111111111111111111111111111111111111111155500000000000000000000000000000000000000000000000000000000000000000000000000000000000000000000111111111111111111111111111111111110
111111111111111111111111111111111100000000000000001000000010000000100000001000000000000000000000010000000000000000000000011111111111111111111111111111111111111111111111155500000000000000000000000000000000000000000000000000000000000000000000000000000000000000000000111111111111111111111111111111111110
111111111111111111111111111111111100000000000000001000000010000000100000001000000000000000000000010000000000000000000001111111111111111111111111111111111111111111111111155000000000111111111111111111111111111111111111111111111111111100000000000000000000000000000000111111111111111111111111111111111110
111111111111111111111111111111111100000000000000001000000011000000110000001000000000000000000000010000000000000000000011111111111111111111111111111111111111111111111111150000000000111111111111111111111111111111111111111111111111111100000000000000000000000000000000111111111111111111111111111111111110
111111111111111111111111111111111100000000000000001000000000000000000000001000000000000000000000010000000000000010000111111111111111111111111111111111111111111111111111150000000000111111111111111111111111111111111111111111111111111100000000000000000000000000000010111111111111111111111111111111111110
111111111111111111111111111111111100000000000000001000000000000000000000001000000000000000000000010000000000000000000111111111111111111111111111111111111111111111111111150000000000111111111111111111111111111111111111111111111111111100000000000000000000000000000010111111111111111111111111111111111110
111111111111111111111111111111111100000000000000001000000000000000000000001000000000000000000000010000000000000000000011111111111111111111111111111111111111111111111111150000000000111111111111111111111111111111111111111111111111111100000000000000000000000000000000111111111111111111111111111111111110
111111111111111111111111111111111100000000000000001000000000000000000000001000000000000000000000010000000000000000000001111111111111111111111111111111111111111111111111150000000000111111111111111111111111111111111111111111111111111100000000000000000000000000000000111111111111111111111111111111111110
111111111111111111111111111111111100000000000000001000000011000000110000001000000000000000000000010000000000000000000000111111111111111111111111111111111111111111111111150000000000111111111111111111111111111111111111111111111111111100000000000000000000000000000001111111111111111111111111111111111110
111111111111111111111111111111111500000000000000001000000010000000100000001000000000000000000000010000000000000000000000011111111111111111111111111111111111111111111111150000000000111111000000000000000000000000000000000000000001111111111100000000000000000000000001111111111111111111111111111111111110
111111111111111111111111111111111111111111150000001000001110000000100000001000000000000000000000010000000000000000000000001111111111111111111111111111111111111111111111150000000000111111100000000000000000000000000000000000000001000000005500000000000000000000000011111111111111111111111111111111111110
111111111111111111111111111111111111111111110000001000001110000000100000001000000000000000000000010000000000000000000000000011111111111111111111111111111111111111111111100000000000111111000000000000000000000000000000000000000001000000005500000000000000000000000011111111111111111111111111111111111110
111111111111111111111111111111111111111111110000001011111100000000100000001000000000000000000000010000000000000000000000000001111111111111111111111111111111111111111111000000000011111111000000000000000000000000000000000000000001000000000000000000000000000000000011111111111111111111111111111111111110
111111111111111111111111111111111111111111110000001011001100000000100000001000000000000000000000010000000000000000000000000000111111111111111111111111111111111111111111000000000011111111000000000000000000000000000000000000000000000000000000000000000000055000000011111111111111111111111111111111111110
111111111111111111111111111111111111111111110000001001001111000000100000001000000000000000000000010000000000000000000000000000111111111111111111111111111111111111111111000000000011111111000000000000000000000000000000000000000000000055555500000000000000050000000011111111111111111111111111111111111110
111111111111111111111111111111111111111111110000001001001111000000100000001111111100000000000000010000000000000000000000000000011111111111111111111111111111111111111111000000000011111111000000000000000000000000000000000000000000000000000500000000000000000000000001111111111111111111111111111111111110
111111111111111111111111111111111111111111110000001000000001000000100000000000000000000000000000010000000000000000000000000000011111111111111111111111111111111111111111000000000011111111000000000000000000000000000000000000000000000000000500000000000000000000000000011111111111111111111111111111111110
111111111111111111111111111111111111111111110000001000000011000000100000000000000000000000000000010000000000000000000000000000011111111111111111111111111111111111111111000000000011111111000000000000000000000000000000000000005500000000005500000100000000000000000000001111111111111111111111111111111110
111111111111111111111111111111111111111111110000001000110000000000100000000000000000000000000000010000000000000000000000000000011111111111111111111111111111111111111110000000000011111111000000000000000000000000000000000000005001000000000000000100000000000000000000000011111111111111111111111111111110
111111111111111111111111111111111111111111110000001000110000000000100000000000000000000000000000010000000000000000000000000000011111111111111111111111111111111111111110000000000011111111000000000000000000000000000000000000000001000000000000011100000000000500000000000011111111111111111111111111111110
111111111111111111111111111111111111111111110000001000000000000000100000001111111100000000000000010000000000000000000000000000111111111111111111111111111111111111111110000000000011111111000000000000000000000000000000000000000001000000000005511100000000000000000000500011111111111111111111111111111110
111111111111111111111111111111111111111111110000001000000011111111111111111111111111111111111111110000000000000000000000000000111111111111111111111111111111111111111110000000000011111111000000000000000000000000000000000000000001000000000005511100000000000000000000000011111111111111111111111111111110
111111111111111111111111111111111111111111110000001000000000000000000000000000000000000000000000010000000000000000000000000011111111111111111111111111111111111111111150000000000011111111000000000000000000000000000000000000000001000000000000011100000000000000000000000011111111111111111111111111111110
111111111111111111111111111111111111111111110000001000000000000000000000000000000000000000000000010000000000000000000000000011111111111111111111111111111111111111111150000000000011111111000000000000000000000000000000000000000001000000000000011100000000000000000000000011111111111111111111111111111110
111111111111111111111111111111111111111111110000001000000000000000000000000000000000000000000000010000000000000000000000000011111111111111111111111111111111111111111150000000000011111111000000000000000000000000000000000000000001000000000111111100000000000000000000000011111111111111111111111111111110
111111111111111111111111111111111111111111110000001000000000000000000000000000000000000000000000010000000000000000000000000111111111111111111111111111111111111111111550000000000011111111000000000000000000000000000000000000000001111111100000011100000000000000000000000011111111111111111111111111111110
111111111111111111111111111111111111111111111111111111111111111111111111111111111111111111111111110000000000000000000000000111111111111111111111111111111111111111111550000000000011111111000000000000000000000000000000000000000011111111110000001100000000111111111111111111111111111111111111111111111110
111111111111111111111111111111111111111111111111111111111111111111111111111111111111111111111111110000000000000000000000000111111111111111111111111111111111111111111500000000000011111111000000000000000000000001111110000000000011111111110000001100000000155011115500055111111111111111111111111111111110
111111111111111111111111111111111111111111111111111111111111111111111111111111111111111111111111111111000000000000000000011111111111111100000001111111111111111111111500000000000011111111000000000000000000000011111111100000000111111111110000000100000000155055555550055111111111111111111111111111111110
111111111111111111111111111111111111111111111111111111111111111111111111111111111111111111111111111111110000000000000000111111111111110000000000111111111111111111111500000000000011111111000000000000000000000111111111100000000111111111110000000100000000100000000550000111111111111111111111111111111110
111111111111111111111111111111111111111111111111111111111111111111111111111111111111111111111111111111111000000000000011111111111111110000000000111111111111111111115550000000000011111111000000000000000000000111111111100000001111111111110000000100000000100000000000000111111111111111111111111111111110
111111111111111111111111111111111111111111111111111111111111111111111111111111111111111111111111111111111100000000000011111111111110000000000000011111111111111111115555000000000011111111000000000000000000000111111111110000011111111111110010001100000000100000000000000111111111111111111111111111111110
111111111111111111111111111111111111111111111111111111111111111111111111111111111111111111111111111111111110000000000011111111111110000000000000001111111111111111115555000000000011111111000000000000000000001111111111110000111111111111110010001100000000100000000000000111111111111111111111111111111110
111111111111111111111111111111111111111111111111111111111111111111111111111111111111111111111111111111111110000000000011111111111110000000000000000111111111111111115555000000000011111111100000000000000000001111111111100000111111111111111111111100000111100000000000000111111111111111111111111111111110
111111111111111111111111111111111111111111111111111111111111111111111111111111111111111111111111111111111110000000000011111111100000000000000000000011111111111111115555000000000011111111110000000000000000011111110011000000111100111111111111111111000000000000550000055111111111111111111111111111111110
111111111111111111111111111111111111111111111111111111111111111111111111111111111111111111111111111111111110000000000011111110000000000000000000000011111111111111115555000000000011111111111000000000000000111111110000000000000000111111111111111100000000000000000000055111111111111111111111111111111110
111111111111111111111111111111111111111111111111111111111111111111111111111111111111111111111111111111111110000000000011111110000000000000000000000011111111111111115555000000000011111111111111111111111111111111110000000000000000111111111111111100000000000000000000000111111111111111111111111111111110
111111111111111111111111111111111111111111111111111111111111111111111111111111111111111111111111111111111110000000000111111110000000000000000000000001111111111111115555000000000001111111111111111111111111111111110000000000000000111111111111111100000000100011111111111111111111111111111111111111111110
111111111111111111111111111111111111111111111111111111111111111111111111111111111111111111111111111111111110000000000111111100000000000000000000000001111111111111115550000000000000011111111111111111111111111111110000000000000000011111111111111100000111100011111111001111111111111111111111111111111110
111111111111111111111111111111111111111111111111111111111111111111111111111111111111111111111111111111111110000000000111111100000000000000000000000001111111111111115550000000000000011111111111111111111111111111100000000000000000001111111111111100000000100000000011001111111111111111111111111111111110
111111111111111111111111111111111111111111111111111111111111111111111111111111111111111111111111111111111111100000111111110000000000000000000000000001111111111111115550000000000000011111111111111111111111111111100000000000000000000111111111111100000000100000000011001111111111111111111111111111111110
111111111111111111111111111111111111111111111111111111111111111111111111111111111111111111111111111111111111110000011111100000000000000000000000000001111111111111115550000000000000000111111111111111111111111000000000000000000000000000001111111100000000100000000011001111111111111111111111111111111110
111111111111111111111111111111111111111111111111111111111111111111111111111111111111111111111111111111111111110000111110000000000000000000000000000001111111111111111500000000000000000000000000000000000000000000000000000000000000000000001111111111100000100000000011001111111111111111111111111111111110
111111111111111111111111111111111111111111111111111111111111111111111111111111111111111111111111111111111111110000111100000000000000000000000000000001111111111111111500000000000000000000000000000000000000000000000000000000000000000000001111111111110000100000000011001111111111111111111111111111111110
111111111111111111111111111111111111111111111111111111111111111111111111111111111111111111111111111111111111100000000000000000000011000000000000000011111111111111111500000000000000010000000000000000000000000000000000000000000000000000001111111111111000100000000011001111111111111111111111111111111110
111111111111111111111111111111111111111111111111111111111111111111111111111111111111111111111111111111111111111000000000000000000011000000000000000011111111111111111500000000000000000000000000000000000000000000000000000000000000011000000111111111111100100000000011000111111111111111111111111111111110
111111111111111111111111111111111111111111111111111111111111111111111111111111111111111111111111111111111111111000000000000000000000000000000000000011111111111111115500000000000000000000000000000000000000000000000000000000000000011000000111111111111100100000000000000111111111111111111111111111111110
111111111111111111111111111111111111111111111111111111111111111111111111111111111111111111111111111111111111110000000000000000000000000000000000000011111111111111115000000000000000100000000000000000500000000005000000000000000000000000000011111111111100100000000000000111111111111111111111111111111110
111111111111111111111111111111111111111111111111111111111111111111111111111111111111111111111111111111111111100000000000000000000000000000000000000011111111111111115000000000000000000000000000000000000000005000000000000000000000000000000011111111111100100000000000000111111111111111111111111111111110
111111111111111111111111111111111111111111111111111111111111111111111111111111111111111111111111111111111111000000000000000000000000000000000000000011111111111111115000000000000000000000000000000000000000000000000000000000000000000000000011111111111100111111001111111111111111111111111111111111111110
111111111111111111111111111111111111111111111111111111111111111111111111111111111111111111111111111111111110000000000000000000000000000000000000000011111111111111115000000000000000000000000000000000000000000000000000000000000000000000000000000011111111111111111111111111111111111111111111111111111110
111111111111111111111111111111111111111111111111111111111111111111111111111111111111111111111111111111111100000000000000000000000000000000000000000011111111111111115000000000000000000000000001000000000001000000000000000000000000000000000000000011111111111111111111111111111111111111111111111111111110
111111111111111111111111111111111111111111111111111111111111111111111111111111111111111111111111111111111000000000000000000000000000000000000000000011111111111111115500000000000000000000000100000000000500000000000000000000000000000000000000000011111111111111111111111111111111111111111111111111111110
111111111111111111111111111111111111111111111111111111111111111111111111111111111111111111111111111111110000000000000000000000000000000000000000000111111111111111115500000000000000000000000000000100000000000000000001000000000000000000000000000001111111111111111111111111111111111111111111111111111110
111111111111111111111111111111111111111111111111111111111111111111111111111111111111111111111111111111100000000000000000000000000000000000000000000111111111111111115500000000100000000000000000000000000000000000000000500000000000000000000000000001111111111111111111111111111111111111111111111111111110
111111111111111111111111111111111111111111111111111111111111111111111111111111111111111111111111111111000000000000000000000000000000000000000000011111111111111111111500000000000000000001000000000000000000000000000500000000000000000000000000000000111111111111111111111111111111111111111111111111111110
111111111111111111111111111111111111111111111111111111111111111111111111111111111111111111111111111110000000000000000000000000000000000000000000011111111111111111111550000000001000000000001000000000000000000000000000000000000000000000000000000000011111111111111111111111111111111111111111111111111110
111111111111111111111111111111111111111111111111111111111111111111111111111111111111111111111111111110000000000000000000000000000000000000000000111111111111111111111555000000000000000000000000000100000000000000050000000000000000000000000000000000011111111111111111111111111111111111111111111111111110
111111111111111111111111111111111111111111111111111111111111111111111111111111111111111111111111111110000000000000000000000000000000000000000011111111111111111111111555000000100010000000000000100000000000100000000000000011111111111110000000000000000000011111111111111111111111111111111111111111111110
111111111111111111111111111111111111111111111111111111111111111111111111111111111111111111111111111100000000000000000000000000000000000000000011111111111111111111111555000000000000000000000000000000000000000000000050000010000000000000000000000000000000051111111111111111111111111111111111111111111110
111111111111111111111111111111111111111111111111111111111111111111111111111111111111111111111111111100000000000000000000000000000000000000000011111111111111111111111550000000000000000000000000000000000000000000000000000010000000000000000000000000000000005111111111111001111111111111111111111111111110
111111111111111111111111111111111111111111111111111111111111111111111111111111111111111111111111111000000000000000000000000000000000000000000111111111111111111111111550000000000100001000010000000100000000100100000000000010000000000000000000000000000000000511111111110001111111111111111111111111111110
111111111111111111111111111111111111111111111111111111111111111111111111111111111111111111111111111000000000000000110000000000000000000000001111111111111111111111111500000000000000000000000500050005000000000000000000000010000000000000000000000000000000000051111111000001111111111111111111111111111110
111111111111111111111111111111111111111111111111111111111111111111111111111111111111111111111111111000000000000000110000000000000000000000011111111111111111111111115500000000000000000001000000000100010010000000000000000011000000000000000000000000000000000000551111000001111111111111111111111111111110
111111111111111111111111111111111111111111111111111111111111111111111111111111111111111111111111110000000000000000000000000000000000000000111111111111111111111111115500000000000000000000000000000000000000010000000000000011111000000000000000000000000000000000000000000011111111111111111111111111111110
111111111111111111111111111111111111111111111111111111111111111111111111111111111111111111111111110000000000000000000000000000000000000001111111111111111111111111115500000000000000000000000000000005001000000000000000000011000000100000010000000000000000000000000000000011111111111111111111111111111110
111111111111111111111111111111111111111111111111111111111111111111111111111111111111111111111111100000000000000000000000000000000000000001111111111111111111111111115500000000000000000000000010000000000000000005000000000010000000000000010000000000000000500000000000000011111111111111111111111111111110
111111111111111111111111111111111111111111111111111111111111111111111111111111111111111111111111000000000000000000000000000000000000000011111111111111111111111111115500000000000000000000000000000000000000000010000000000010000000000000010000000000000000115000000000000011111111111111111111111111111110
111111111111111111111111111111111111111111111111111111111111111111111111111111111111111111111110000000000000000000000000000000000000000011111111111111111111111111115500000000000000000000000100000000000500000000000000000010000000000000010000000000000000111150000000000011111111111111111111111111111110
111111111111111111111111111111111111111111111111111111111111111111111111111111111111111111111110000000000000000000000000000000000000001111111111111111111111111111115500000000000000001000000000000000000100100000000000000010000110000100010000000000000000111115000000000011111111111111111111111111111110
111111111111111111111111111111111111111111111111111111111111111111111111111111111111111111111100000000000000000000000000000000000000011111111111111111111111111111115550000000000000000000000000001000000000000001000000000010000011000100010000000000000000111111000000000011111111111111111111111111111110
111111111111111111111111111111111111111111111111111111111111111111111111111111111111111111111000000000000000000000000000000000000000111111111111111111111111111111155550000000000000000005000001000000000000000500000000000010000001100100010000110000000000111111000000000000111111111111111111111111111110
111111111111111111111111111111111111111111111111111111111111111111111111111111111111111111111000000000000000000000000000000000000011111111111111111111111111115555555000000000000000001000000000000000100000000000000000000011000000100100010000110000000000111111000000000000111111111111111111111111111110
111111111111111111111111111111111111111111111111111111111111111111111111111111111111111111110000000000000000000000000000000000000011111111111111111111111111155555555000000000000000000000001000000000000000000000000000000010000000111111110000000000000000111111000000000000000000000011111111111111111110
111111111111111111111111111111111111111111111111111111111111111111111111111111111111111111110000000000000000000000000000000000011111111111111111111111111111555550000000000000000000000001000000000000000010000000000000000011111111111111111111111111111111111111000000000000000000000011111111111111111110
111111111111111111111111111111111111111111111111111111111111111111111111111111111111111111110000000000000000000000000000000000111111111111111111111111111115555550000000000000100000000000001000000000000000000000000000000000111111111111111111111111111111111111000000000000000000000011111111111111111110
111111111111111111111111111111111111111111111111111111111111111111111111111111111111111111100000000000000000000000000000000001111111111111111111111115555555555500000000000000000000100000000000010000005000000050000000000001111111111111111111111111111111111111000000000000000000000011111111111111111110
111111111111111111111111111111111111111111111111111111111111111111111111111111111111111111000000000000000000000000000000000111111111111111111111111555555555550000000000000000050000000000000000000000000100000001050000000011111111111111111111111111111111111111000000000000000000000011111111111111111110
111111111111111111111111111111111111111111111111111111111111111111111111111111111111111110000000000000000000000000000000000111111111111111111111115555500000000000000000000001000000000000000000100010000000000050000000000011111111111111111111111111111111111111000000000000000000000011111111111111111110
111111111111111111111111111111111111111111111111111111111111111111111111111111111111111100000011000000000000000000000000001111111111111111111111155550000000000000000000000000000000000500000000000000000000000010000000000011111111111111111111111111111111111111000000000000000000000011111111111111111110
111111111111111111111111111111111111111111111111111111111111111111111111111111111111111000000111100000000000000000000000011111111111111111111111155500000000000000000000000100100000000001001000000000100000000000000000000011111111100000000000000000000000000000000000000000000000000011111111111111111110
111111111111111111111111111111111111111111111111111111111111111111111111111111111111111000001111110000000000000000000000551111111111111111111111555000000110000000500000000000000000001000000000000000000000000000000000000011111111000000000000000000000000000000000000000000000000000111111111111111111110
111111111111111111111111111111111111111111111111111111111111111111111111111111111111111000001111100000000000000000000000551111111111111111111155550000001111000000000000000010000000000000000010000000000001000000000011111111111111000000000000000000000000000000000000000000000000001111111111111111111110
111111111111111111111111111111111111111111111111111111111111111111111111111111111111111000001111100000000000000000000000551111111111111111111555000000011111100050000000000000000000000000000000000000000000000000000111111111111110000000000000000000000000000000000000000000000000111111111111111111111110
111111111111111111111111111111111111111111111111111111111111111111111111111111111111111111111111100000000000000000000000555111111111111111555550000000011111100000000000000000000001000000000000005000000000000000000111111111111100000000000000000000000000000000000000000000000000111111111111111111111110
111111111111111111111111111111111111111111111111111111111111111111111111111111111111111111111111110010000000000000000000555511111111111111555500000000001111555500000000000000000000000000005000000010000010000000000111111111111100000000000000000000000000000000000000000000000001111111111111111111111110
111111111111111111111111111111111111111111111111111111111111111111111111111111111111111111111111111111000000000000000000555511111111111115555000000000000115555500000000000000000000000010000100000000000000000000000111111111110000000000000000000000000000000000000000000000000011111111111111111111111110
111111111111111111111111111111111111111111111111111111111111111111111111111111111111111111111111111110000000000000000000555551111111111155550000000000000000555500000000050000000000000000000000000000000001000000000111111111100000000000000000000111110000000000000000000000001111111111111111111111111110
111111111111111111111111111111111111111111111111111111111111111111111111111111111111111111111111111110000000000000000000555555551111115555500000000105550000555500000000000000000000000000001000100000000000000000000111111000000000000000000000001111111000000000000000000000011111111111111111111111111110
111111111111111111111111111111111111111111111111111111111111111111111111111111111111111111111111111111000000000000000000000005555511555555000000000005550005111150001000000000000000000000000050000000000000000000001111110000000000000000000000011111111100000000000000000001111111111111111111111111111110
111111111111111111111111111111111111111111111111111111111111111111111111111111111111111111111111111111001100000000000000000000055555555500000000000005555511111115000050000000000000000000000000100000000000000000001111110000000000000000000000011111111100000000000000000001111111111111111111111111111110
111111111111111111111111111111111111111111111111111111111111111111111111111111111111111111111111111111111111000000000000000000000555555000000000000005055111111111000000000001001000000000000000000000000000000011111111100000000000000000000000111111111100000000000000000001111111111111111111111111111110
111111111111111111111111111111111111111111111111111111111111111111111111111111111111111111111111111111111111000000000000000000000055500000000000050000055111111111000000000000000000000000000000000000000000000011111111100000000000000000000000111111111100000000000000000111111111111111111111111111111110
111111111111111111111111111111111111111111111111111111111111111111111111111111111111111111111111111111111111000000000000000000000000000000000000000100005111111111000000000005000000000000000000000000000000000111111111100000000000000000000000111111111100000000001111111111111111111111111111111111111110
111111111111111111111111111111111111111111111111111111111111111111111111111111111111111111111111111111111111000000000000000000000000000000000000010000005111111111000000000000100000000000000000000000000000011111111000000000000000000000000000111111111100000000001111111111111111111111111111111111111110
111111111111111111111111111111111111111111111111111111111111111111111111111111111111111111111111111111111111115000000000000000000000000000000000000000005111111111000050000000000000000000000000000000000000011111111000000000000000000000000000001111111000000000001111111111111111111111111111111111111110
111111111111111111111111111111111111111111111111111111111111111111111111111111111111111111111111111111111111115555555555000000000000000000000000000000000511111501000000000000005000001000100000000000000000011111100000000000000000000000000000000011111000000000001111111111111111111111111111111111111110
111111111111111111111111111111111111111111111111111111111111111111111111111111111111111111111111111111111111111111111155555500000000000000000000000000000511150000000000000000000000000050000000000000000000011111100000000000000000000000000000000001110000000000001111111111111111111111111111111111111110
111111111111111111111111111111111111111111111111111111111111111111111111111111111111111111111111111111111111111111111111111555500000010000000000000000100055000000000000505555500000000000000000000000000001111111100000000000000000000000000000000000000000001001111111111111111111111111111111111111111110
111111111111111111111111111111111111111111111111111111111111111111111111111111111111111111111111111111111111111111111111111111150000000000000000005000000000000000000000051111111100000000000000000000011111111111100000000000000000000000000000000000000000000001111111111111111111111111111111111111111110
111111111111111111111111111111111111111111111111111111111111111111111111111111111111111111111111111111111111111111111111111111111111111111110000000000000000000000000000511111111110000000000000000001111111111110000000000000000000000000000000011111111111111111111111111111111111111111111111111111111110
111111111111111111111111111111111111111111111111111111111111111111111111111111111111111111111111111111111111111111111111111111111111111111111100000000000000000000000001111111111111000000000000000001111111111110000000000000000000000000000001111111111111111111111111111111111111111111111111111111111110
111111111111111111111111111111111111111111111111111111111111111111111111111111111111111111111111111111111111111111111111111111111111111111111000000000000000000000001001111111111111100000050000000001111111111000000000000000000000000000001111111111111111111111111111111111111111111111111111111111111110
111111111111111111111111111111111111111111111111111111111111111111111111111111111111111111111111111111111111111111111111111111111111111111111000000011100000000100000011111111111111111050000111100001111111110000000000000000000000000000011111111111111111111111111111111111111111111111111111111111111110
111111111111111111111111111111111111111111111111111111111111111111111111111111111111111111111111111111111111111111111111111111111111111111111000000111110001110000000011111111111111111000500111111111111111100000000000000000000000000001111111111111111111111111111111111111111111111111111111111111111110
111111111111111111111111111111111111111111111111111111111111111111111111111111111111111111111111111111111111111111111111111111111111111111111000001111111111111111110001111111111111111000000111111111111111000000000000000000000000000011111111111111111111111111111111111111111111111111111111111111111110
111111111111111111111111111111111111111111111111111111111111111111111111111111111111111111111111111111111111111111111111111111111111111111111111111111111111111111111011111111111111111111000111111111111110000000000000000000000000011111111111111111111111111111111111111111111111111111111111111111111110
111111111111111111111111111111111111111111111111111111111111111111111111111111111111111111111111111111111111111111111111111111111111111111111111111111111111111111111111111111111111111111111111111111111100000000000000000000000000111111111111111111111111111111111111111111111111111111111111111111111110
111111111111111111111111111111111111111111111111111111111111111111111111111111111111111111111111111111111111111111111111111111111111111111111111111111111111111111111111111111111111111111111111111111111100000000000000000000000000111111111111111111111111111111111111111111111111111111111111111111111110
111111111111111111111111111111111111111111111111111111111111111111111111111111111111111111111111111111111111111111111111111111111111111111111111111111111111111111111111111111111111111111111111111111111000000000000000000000000000111111111111111111111111111111111111111111111111111111111111111111111110
111111111111111111111111111111111111111111111111111111111111111111111111111111111111111111111111111111111111111111111111111111111111111111111111111111111111111111111111111111111111111111111111111111110000000000000000000000000011111111111111111111111111111111111111111111111111111111111111111111111110
111111111111111111111111111111111111111111111111111111111111111111111111111111111111111111111111111111111111111111111111111111111111111111111111111111111111111111111111111111111111111111111111111111110000000000000000000000000111111111111111111111111111111111111111111111111111111111111111111111111110
111111111111111111111111111111111111111111111111111111111111111111111111111111111111111111111111111111111111111111111111111111111111111111111111111111111111111111111111111111111111111111111111111111100000000000000000000111111111111111111111111111111111111111111111111111111111111111111111111111111110
111111111111111111111111111111111111111111111111111111111111111111111111111111111111111111111111111111111111111111111111111111111111111111111111111111111111111111111111111111111111111111111111111111100000000000000000001111111111111111111111111111111111111111111111111111111111111111111111111111111110
111111111111111111111111111111111111111111111111111111111111111111111111111111111111111111111111111111111111111111111111111111111111111111111111111111111111111111111111111111111111111111111111111111110000000000000011111111111111111111111111111111111111111111111111111111111111111111111111111111111110
111111111111111111111111111111111111111111111111111111111111111111111111111111111111111111111111111111111111111111111111111111111111111111111111111111111111111111111111111111111111111111111111111111111110000000000111111111111111111111111111111111111111111111111111111111111111111111111111111111111110
111111111111111111111111111111111111111111111111111111111111111111111111111111111111111111111111111111111111111111111111111111111111111111111111111111111111111111111111111111111111111111111111111111111111000001111111111111111111111111111111111111111111111111111111111111111111111111111111111111111110
111111111111111111111111111111111111111111111111111111111111111111111111111111111111111111111111111111111111111111111111111111111111111111111111111111111111111111111111111111111111111111111111111111111111000011111111111111111111111111111111111111111111111111111111111111111111111111111111111111111110
111111111111111111111111111111111111111111111111111111111111111111111111111111111111111111111111111111111111111111111111111111111111111111111111111111111111111111111111111111111111111111111111111111111111111111111111111111111111111111111111111111111111111111111111111111111111111111111111111111111110
111111111111111111111111111111111111111111111111111111111111111111111111111111111111111111111111111111111111111111111111111111111111111111111111111111111111111111111111111111111111111111111111111111111111111111111111111111111111111111111111111111111111111111111111111111111111111111111111111111111110
111111111111111111111111111111111111111111111111111111111111111111111111111111111111111111111111111111111111111111111111111111111111111111111111111111111111111111111111111111111111111111111111111111111111111111111111111111111111111111111111111111111111111111111111111111111111111111111111111111111110
111111111111111111111111111111111111111111111111111111111111111111111111111111111111111111111111111111111111111111111111111111111111111111111111111111111111111111111111111111111111111111111111111111111111111111111111111111111111111111111111111111111111111111111111111111111111111111111111111111111110
111111111111111111111111111111111111111111111111111111111111111111111111111111111111111111111111111111111111111111111111111111111111111111111111111111111111111111111111111111111111111111111111111111111111111111111111111111111111111111111111111111111111111111111111111111111111111111111111111111111110
111111111111111111111111111111111111111111111111111111111111111111111111111111111111111111111111111111111111111111111111111111111111111111111111111111111111111111111111111111111111111111111111111111111111111111111111111111111111111111111111111111111111111111111111111111111111111111111111111111111110
111111111111111111111111111111111111111111111111111111111111111111111111111111111111111111111111111111111111111111111111111111111111111111111111111111111111111111111111111111111111111111111111111111111111111111111111111111111111111111111111111111111111111111111111111111111111111111111111111111111110
111111111111111111111111111111111111111111111111111111111111111111111111111111111111111111111111111111111111111111111111111111111111111111111111111111111111111111111111111111111111111111111111111111111111111111111111111111111111111111111111111111111111111111111111111111111111111111111111111111111110
111111111111111111111111111111111111111111111111111111111111111111111111111111111111111111111111111111111111111111111111111111111111111111111111111111111111111111111111111111111111111111111111111111111111111111111111111111111111111111111111111111111111111111111111111111111111111111111111111111111110
111111111111111111111111111111111111111111111111111111111111111111111111111111111111111111111111111111111111111111111111111111111111111111111111111111111111111111111111111111111111111111111111111111111111111111111111111111111111111111111111111111111111111111111111111111111111111111111111111111111110
111111111111111111111111111111111111111111111111111111111111111111111111111111111111111111111111111111111111111111111111111111111111111111111111111111111111111111111111111111111111111111111111111111111111111111111111111111111111111111111111111111111111111111111111111111111111111111111111111111111110
111111111111111111111111111111111111111111111111111111111111111111111111111111111111111111111111111111111111111111111111111111111111111111111111111111111111111111111111111111111111111111111111111111111111111111111111111111111111111111111111111111111111111111111111111111111111111111111111111111111110
111111111111111111111111111111111111111111111111111111111111111111111111111111111111111111111111111111111111111111111111111111111111111111111111111111111111111111111111111111111111111111111111111111111111111111111111111111111111111111111111111111111111111111111111111111111111111111111111111111111110
111111111111111111111111111111111111111111111111111111111111111111111111111111111111111111111111111111111111111111111111111111111111111111111111111111111111111111111111111111111111111111111111111111111111111111111111111111111111111111111111111111111111111111111111111111111111111111111111111111111110
111111111111111111111111111111111111111111111111111111111111111111111111111111111111111111111111111111111111111111111111111111111111111111111111111111111111111111111111111111111111111111111111111111111111111111111111111111111111111111111111111111111111111111111111111111111111111111111111111111111110
111111111111111111111111111111111111111111111111111111111111111111111111111111111111111111111111111111111111111111111111111111111111111111111111111111111111111111111111111111111111111111111111111111111111111111111111111111111111111111111111111111111111111111111111111111111111111111111111111111111110
111111111111111111111111111111111111111111111111111111111111111111111111111111111111111111111111111111111111111111111111111111111111111111111111111111111111111111111111111111111111111111111111111111111111111111111111111111111111111111111111111111111111111111111111111111111111111111111111111111111110
111111111111111111111111111111111111111111111111111111111111111111111111111111111111111111111111111111111111111111111111111111111111111111111111111111111111111111111111111111111111111111111111111111111111111111111111111111111111111111111111111111111111111111111111111111111111111111111111111111111110
111111111111111111111111111111111111111111111111111111111111111111111111111111111111111111111111111111111111111111111111111111111111111111111111111111111111111111111111111111111111111111111111111111111111111111111111111111111111111111111111111111111111111111111111111111111111111111111111111111111110
111111111111111111111111111111111111111111111111111111111111111111111111111111111111111111111111111111111111111111111111111111111111111111111111111111111111111111111111111111111111111111111111111111111111111111111111111111111111111111111111111111111111111111111111111111111111111111111111111111111110
111111111111111111111111111111111111111111111111111111111111111111111111111111111111111111111111111111111111111111111111111111111111111111111111111111111111111111111111111111111111111111111111111111111111111111111111111111111111111111111111111111111111111111111111111111111111111111111111111111111110
111111111111111111111111111111111111111111111111111111111111111111111111111111111111111111111111111111111111111111111111111111111111111111111111111111111111111111111111111111111111111111111111111111111111111111111111111111111111111111111111111111111111111111111111111111111111111111111111111111111110
111111111111111111111111111111111111111111111111111111111111111111111111111111111111111111111111111111111111111111111111111111111111111111111111111111111111111111111111111111111111111111111111111111111111111111111111111111111111111111111111111111111111111111111111111111111111111111111111111111111110
111111111111111111111111111111111111111111111111111111111111111111111111111111111111111111111111111111111111111111111111111111111111111111111111111111111111111111111111111111111111111111111111111111111111111111111111111111111111111111111111111111111111111111111111111111111111111111111111111111111110
111111111111111111111111111111111111111111111111111111111111111111111111111111111111111111111111111111111111111111111111111111111111111111111111111111111111111111111111111111111111111111111111111111111111111111111111111111111111111111111111111111111111111111111111111111111111111111111111111111111110
111111111111111111111111111111111111111111111111111111111111111111111111111111111111111111111111111111111111111111111111111111111111111111111111111111111111111111111111111111111111111111111111111111111111111111111111111111111111111111111111111111111111111111111111111111111111111111111111111111111110
111111111111111111111111111111111111111111111111111111111111111111111111111111111111111111111111111111111111111111111111111111111111111111111111111111111111111111111111111111111111111111111111111111111111111111111111111111111111111111111111111111111111111111111111111111111111111111111111111111111110
111111111111111111111111111111111111111111111111111111111111111111111111111111111111111111111111111111111111111111111111111111111111111111111111111111111111111111111111111111111111111111111111111111111111111111111111111111111111111111111111111111111111111111111111111111111111111111111111111111111110
111111111111111111111111111111111111111111111111111111111111111111111111111111111111111111111111111111111111111111111111111111111111111111111111111111111111111111111111111111111111111111111111111111111111111111111111111111111111111111111111111111111111111111111111111111111111111111111111111111111110
111111111111111111111111111111111111111111111111111111111111111111111111111111111111111111111111111111111111111111111111111111111111111111111111111111111111111111111111111111111111111111111111111111111111111111111111111111111111111111111111111111111111111111111111111111111111111111111111111111111110
111111111111111111111111111111111111111111111111111111111111111111111111111111111111111111111111111111111111111111111111111111111111111111111111111111111111111111111111111111111111111111111111111111111111111111111111111111111111111111111111111111111111111111111111111111111111111111111111111111111110
111111111111111111111111111111111111111111111111111111111111111111111111111111111111111111111111111111111111111111111111111111111111111111111111111111111111111111111111111111111111111111111111111111111111111111111111111111111111111111111111111111111111111111111111111111111111111111111111111111111110
