33333333333333333333333333333333333333333333333333333333333333333333333333333333333333333333333333333333333333333333333333333333333333333333333333333333333333333333333333333333333333333333333333333333333333333333333333333333333333333333333333333333333333333333
11111111111111111111111111111111111111111111111111111111111111111111111111111111111111111111111111111111111111111111111111111111111111111111111111111111111111111111111111111111111111111111111111111111111111111111111111111111111111111111111111111111111111111113
11111111111111111111111111111111111111111111111111111111111111111111111111111111111111111111111111111111111111111111111111111111111111111111111111111111111111111111111111111111111111111111111111111111111111111111111111111111111111111111111111111111111111111113
11111111111111111111111111111111111111111111111111111111111111111111111111111111111111111111111111111111111111111111111111111111111111111111111111111111111111111111111111111111111111111111111111111111111111111111111111111111111111111111111111111111111111111113
11111111111111111111111111111111111111111111111111111111111111111111111111111111111111111111111111111111111111111111111111111111111111111111111111111111111111111111111111111111111111111111111111111111111111111111111111111111111111111111111111111111111111111113
11111111111111111111111111111111111111111111111111111111111111111111111111111111111111111111111111111111111111111111111111111111111111111111111111111111111111111111111111111111111111111111111111111111111111111111111111111111111111111111111111111111111111111113
11111111111111111111111111111111111111111111111111111111111111111111111111111111111111111111111111111111111111111111111111111111111111111111111111111111111111111111111111111111111111111111111111111111111111111111111111111111111111111111111111111111111111111113
11111111111111111111111111111111111111111111111111111111111111111111111111111111111111111111111111111111111111111111111111111111111111111111111111111111111111111111111111111111111111111111111111111111111111111111111111111111111111111111111111111111111111111113
11111111111111111111111111111111111111111111111111111111111111111111111111111111111111111111111111111111111111111111111111111111111111111111111111111111111111111111111111111111111111111111111111111111111111111111111111111111111111111111111111111111111111111113
11111111111111111111111111111111111111111111111111111111111111111111111111111111111111111111111111111111111111111111111111111111111111111111111111111111111111111111111111111111111111111111111111111111111111111111111111111111111111111111111111111111111111111113
11111111111111111111111111111111111111111111111111111111111111111111111111111111111111111111111111111111111111111111111111111111111111111111111111111111111111111111111111111111111111111111111111111111111111111111111111111111111111111111111111111111111111111113
11111111111111111111111111111111111111111111111111111111111111111111111111111111111111111111111111111111111111111111111111111111111111111111111111111111111111111111111111111111111111111111111111111111111111111111111111111111111111111111111111111111111111111113
11111111111111111111111111111111111111111111111111111111111111111111111111111111111111111111111111111111111111111111111111111111111111111111111111111111111111111111111111111111111111111111111111111111111111111111111111111111111111111111111111111111111111111113
11111111111111111111111111111111111111111111111111111111111111111111111111111111111111111111111111111111111111111111111111111111111111111111111111111111111111111111111111111111111111111111111111111111111111111111111111111111111111111111111111111111111111111113
11111111111111111111111111111111111111111111111111111111111111111111111111111111111111111111111111111111111111111111111111111111111111111111111111111111111111111111111111111111111111111111111111111111111111111111111111111111111111111111111111111111111111111113
11111111111111111111111111111111111111111111111111111111111111111111111111111111111111111111111111111111111111111111111111111111111111111111111111111111111111111111111111111111111111111111111111111111111111111111111111111111111111111111111111111111111111111113
11111111111111111111111111111111111111111111111111111111111111111111111111111111111111111111111111111111111111111111111111111111111111111111111111111111111111111111111111111111111111111111111111111111111111111111111111111111111111111111111111111111111111111113
11111111111111111111111111111111111111111111111111111111111111111111111111111111111111111111111111111111111111111111111111111111111111111111111111111111111111111111111111111111111111111111111111111111111111111111111111111111111111111111111111111111111111111113
11111111111111111111111111111111111111111111111111111111111111111111111111111111111111111111111111111111111111111111111111111111111111111111111111111111111111111111111111111111111111111111111111111111111111111111111111111111111111111111111111111111111111111113
11111111111111111111111111111111111111111111111111111111111111111111111111111111111111111111111111111111111111111111111111111111111111111111111111111111111111111111111111111111111111111111111111111111111111111111111111111111111111111111111111111111111111111113
11111111111111111111111111111111111111111111111111111111111111111111111111111111111111111111111111111111111111111111111111111111111111111111111111111111111111111111111111111111111111111111111111111111111111111111111111111111111111111111111111111111111111111113
11111111111111111111111111111111111111111111111111111111111111111111111111111111111111111111111111111111111111111111111111111111111111111111111111111111111111111111111111111111111111111111111111111111111111111111111111111111111111111111111111111111111111111113
11111111111111111111111111111111111111111111111111111111111111111111111111111111111111111111111111111111111111111111111111111111111111111111111111111111111111111111111111111111111111111111111111111111111111111111111111111111111111111111111111111111111111111113
11111111111111111111111111111111111111111111111111111111111111111111111111111111111111111111111111111111111111111111111111111111111111111111111111111111111111111111111111111111111111111111111111111111111111111111111111111111111111111111111111111111111111111113
11111111111111111111111111111111111111111111111111111111111111111111111111111111111111111111111111111111111111111111111111111111111111111111111111111111111111111111111111111111111111111111111111111111111111111111111111111111111111111111111111111111111111111113
11111111111111111111111111111111111111111111111111111111111111111111111111111111111111111111111111111111111111111111111111111111111111111111111111111111111111111111111111111111111111111111111111111111111111111111111111111111111111111111111111111111111111111113
11111111111111111111111111111111111111111111111111111111111111111111111111111111111111111111111111111111111111111111111111111111111111111111111111111111111111111111111111111111111111111111111111111111111111111111111111111111111111111111111111111111111111111113
11111111111111111111111111111111111111111111111111111111111111111111111111111111111111111111111111111111111111111111111111111111111111111111111111111111111111111111111111111111111111111111111111111111111111111111111111111111111111111111111111111111111111111113
11111111111111111111111111111111111111111111111111111111111111111111111111111111111111111111111111111111111111111111111111111111111111111111111111111111111111111111111111111111111111111111111111111111111111111111111111111111111111111111111111111111111111111113
11111111111111111111111111111111111111111111111111111111111111111111111111111111111111111111111111111111111111111111111111111111111111111111111111111111111111111111111111111111111111111111111111111111111111111111111111111111111111111111111111111111111111111113
11111111111111111111111111111111111111111111111111111111111111111111111111111111111111111111111111111111111111111111111111111111111111111111111111111111111111111111111111111111111111111111111111111111111111111111111111111111111111111111111111111111111111111113
11111111111111111111111111111111111111111111111111111111111111111111111111111111111111111111111111111111111111111111111111111111111111111111111111111111111111111111111111111111111111111111111111111111111111111111111111111111111111111111111111111111111111111113
11111111111111111111111111111111111111111111111111111111111111111111111111111111111111111111111111111111111111111111111111111111111111111111111111111111111111111111111111111111111111111111111111111111111111111111111111111111111111111111111111111111111111111113
11111111111111111111111111111111111111111111111111111111111111111111111111111111111111111111111111111111111111111111111111111111111111111111111111111111111111111111111111111111111111111111111111111111111111111111111111111111111111111111111111111111111111111113
11111111111111111111111111111111111111111111111111111111111111111111111111111111111111111111111111111111111111111111111111111111111111111111111111111111111111111111111111111111111111111111111111111111111111111111111111111111111111111111111111111111111111111113
11111111111111111111111111111111111111111111111111111111111111111111111111111111111111111111111111111111111111111111111111111111111111111111111111111111111111111111111111111111111111111111111111111111111111111111111111111111111111111111111111111111111111111113
11111111111111111111111111111111111111111111111111111111111111111111111111111111111111111111111111111111111111111111111111111111111111111111111111111111111111111111111111111111111111111111111111111111111111333111111111111111111111111111111111111111111111111113
11111111111111111111111111111111111111111111111111111111111111111111111111111111111111111111111111111111111111111111111111111111111111111111111111111111111111111111111111111111111111111111111111111133333333333311111111111111111111111111111111111111111111111113
11111111111111111111111111111111111111111111111111111111111111111111111111111111111111111111111111111111111111111111111111111111111111111111111111111111111111111111111111111111111111111111111111111333333333333331111111111111111111111111111111111111111111111113
11111111111111111111111111111111111111111111111111111111111111111111111111111111111111111111111111111111111111111111111111111111111111111111111111111111111111111111111111111111111111111111111111113333333333333333111111111111111111111111111111111111111111111113
11111111111111111111111111111111111111111111111111111111111111111111111111111111111111111111111111111111111111111111111111111111111111111111111111111111111111111111111111111111111111111111111111133333333333333333111111111111111111111111111111111111111111111113
11111111111111111111111111111111111111111111111111111111111111111111111111111111111111111111111111111111111111111111111111111111111111111111111111111111111111111111111111111111111111111111111111133333333333333333111111111111111111111111111111111111111111111113
11111111111111111111111111111111111111111111111111111111111111111111111111111111111111111111111111111111111111111111111111111111111111111111111111111111111111111111111111111111111111111111111111133333333333333333111111111111111111111111111111111111111111111113
11111111111111111111111111111111111111111111111111111111111111111111111111111111111111111111111111111111111111111111111111111111111111111111111111111111111111111111111111111111111111111111111111133333333333333333111111111111111111111111111111111111111111111113
11111111111111111111111111111111111111111111111111111111111111111111111111111111111111111111111111111111111111111111111111111111111111111111111111111111111111111111111111111111111111111111111111133333333333333333111111111111111111111111111111111111111111111113
11111111111111111111111111111111111111111111111111111111111111111111111111111111111111111111111111111111111111111111111111111111111111111111111111111111111111111111111111111111111111111111111111333333333333333333111111111111111111111111111111111111111111111113
11111111111111111111111111111111111111111111111111111111111111111111113333333333311111111111111111111111111111111111111111111111111111111111111111111111111111111111111111111111111111111111111111333333333333333333111111111111111111111111111111111111111111111113
11111111111111111111111111111111111111111111111111111111111111111111113333333333311111111111111111111111111111111111111111111111111111111111111111111111111111111111111111111111111111111111111111333333333333333333111111111111111111111111111111111111111111111113
11111111111111111111111111111111111111111111111111111111111111111111333333333333311111111111111111111111111111111111111111111111111111111111111111111111111111111111111111111111111111111111111111333333333333333333111111111111111111111111111111111111111111111113
11111111111111111111111111111111111111111111111111111111111111111111333333333333311111111111111111111111111111111111111111111111111111111111111111111111111111111111111111111111111111111111111111333333333333333333111111111111111111111111111111111111111111111113
11111111111111111111111111111111111111111111111111111111111111111111333333333333311111111111111111111111111111111111111111111111111111111111111111111111111111111111111111111111111111111111111113333333333333333333111111111111111111111111111111111111111111111113
11111111111111111111111111111111111111111111111111111111111111111111333333355333311111111111111111111311111111111111111111111111111111111111111111111111111111111111111111111111111111111111111333333333333333333333111111111111111111111111111111111111111111111113
11111111111111111111111111111111111111111111111111111111111111111111333333555533311111111111111111111333333311111111113333333333331111111111111111111111111111111111111111111111111111333333333333333333333333333331111111111111111111111111111111111111111111111113
11111111111111111111111111111111111111111111111111111111111111111111333335555553311111111111111111111333333311111111133333333333331111111111111111111111111111111111111111111111111111333333333331111111331113333311111111111111111111111111111111111111111111111113
11111111111111111111111111111111111111111111111111111111111111111111333335555553311111111111111111111333333311111111133333333333333311111111111111111111111111111111111111111111111111333333333311111111111111333311111111111111111111111111111111111111111111111113
11111111111111111111111111111111111111111111111111111111111111111111333333555533333333331111111133333333333311111111133333333333333311111111111111111111111111111111111111111111111111333333333311111111111111333311111111111111111111111111111111111111111111111113
11111111111111111111111111111111111111111111111111111111111111111111333333355333333333333333333333333333333331111111333333333333333311111111111111111111111111111111111111111111111111333333333311111111111111333311111111111111111111111111111111111111111111111113
11111111111111111111111111111111111111111111111111111111111111111111333333333333333333333333333333333333333333111113333333333333333311111111111111111111111111111111111111111111111111333333333311111111111111333311111111111111111111111111111111111111111111111113
11111111111111111111111111111111111111111111111111111111111111111111333333333333333333111111111113333333333333333333333333333333333311111111111111111111111111111111111111111111111111333333333311111111111111333311111111111111111111111111111111111111111111111113
11111111111111111111111111111111111111111111111111111111111111111111355333333333333311111111111111113333333333333333333333333333333311111111111111111111111111111111111111111111111111333333333311111111111111333311111111111111111111111111111111111111111111111113
11111111111111111111111111111111111111111111111111111111111111111111355333333333331111111111111111113333333333333333333333333333333311111111111111111111111111111111111111111111111111333333333311111111111111333311111111111111111111111111111111111111111111111113
11111111111111111111111111111111111111111111111111111111111111111113355333333333331111111111111111111333333333333333333333333333333311111111111111111111111111111111111111111111111111333333333311111111111111333311111111111111111111111111111111111111111111111113
11111111111111111111111111111111111111111111111111111111111111111133355333333333331111111111111111111133333333333333333333333333333331111111111111111111111111111111111111111111111111333333333311111111111111333311111111111111111111111111111111111111111111111113
11111111111111111111111111111111111111111111111111111111111111111333355333333333331111111111111111111111133333333333333333333333333333111111111111111111111111111111111111111111111111333333333311111111111111333311111111111111111111111111111111111111111111111113
11111111111111111111111111111111111111111111111111111111111111113333355333333333331111111111111111111111111113333333333333333333333333311111111111111111111111111111111111111111111111333333333311111111111111333311111111111111111111111111111111111111111111111113
11111111111111111111111111111111111111111111111111111111111111133333355333333333331111111111111111111111111113333333333333333333333333333111111333333333331111111111111111111111111111333333333311111111111111333311111111111111111111111111111111111111111111111113
11111111111111111111111111111111111111111111111111111111111111333333355333333333331111111111111111111111111113333333333333333333333333333311111333333333333111111111111111111111111111333333333311111111111111333311111111111111111111111111111111111111111111111113
11111111111111111111111111111111111111111111111111111111111111333333355333333333331111111111111111111111111113333333333333333333333333333333113333333333333311111111111111111111111111333333333311111111111111333331111111111111111111111111111111111111111111111113
11111111111111111111111111111111111111111111111111111111111111333333355333333333331111111111111111111111111113333333333333333333331113333333333333333333333331111111111111111111111111333333333311111111111111333333333333333331111111111111111111111111111111111113
11111111111111111111111111111111111111111111111111111111111111333333355333333333331111111111111111111111111111333333311111111111111111111113333333333333333331111111111111111111111111333333333311111111111111133333333333333333111111111111111111111111111111111113
11111111111111111111111111111111111111111111111111111111111111333333333333333333331111111111111111111111111111333333311111111111111111111111333333333333333331111111111111111111111111333333333311111111111111133333333333333333311111111111111111111111111111111113
11111111111111111111111111111111111111111111111111111111111111333333333333333333331111111111111111111111111111333333311111111111111111111111333333333333333331111111111111111111111113333333333311111111111111133333333333333333331111111111111111111111111111111113
11111111111111111111111111111111111111111111111111111111111111333333333333333333331111111111111111111111111111333333311111111111111111111111333333333333333331111111111111111111111113333333333311111111111111113333333333333333331111111111111111111111111111111113
11111111111111111111111111111111111111111111111111111111111111333333333333333333331111111111111111111111111111133333111111111111111111111111333333333333333331111111111111111111111133333333333311111111111111113333333333333333331111111111111111111111111111111113
11111111111111111111111111111111111111111111111111111111111111333333333333333333333111111111111111111111111111111111111111111111111111111111333333333333333331111111111111111111111333333333333311111111111111113333333333333333331111111111111111111111111111111113
11111111111111111111111111111111111111111111111111111111111111333333333333333333333111111111111111111111111111111111111111111111111111111111333333333333333333331111111113333333333333333333333311111111111111113333333333333333331111111111111111111111111111111113
11111111111111111111111111111111111111111111111111111111111111333333353333333333333111111111111111111111111111111111111111111111111111111111333333333333333333333333333333333333333333333333333111111111111111113333333333333333331111111111111111111111111111111113
11111111111111111111111111111111111111111111111111111111111111333333355333333333333111111111111111111111111111111111111111111111111111111111333333333333333333333333333333333333333333333333331111111111111111113333333333333333331111111111111111111111111111111113
11111111111111111111111111111111111111111111111111111111111111333333353333333333333111111111111111111111111111111111111111111111111111111111133333333333333311113333333333333333333333333333311111111111111111111333333333333333331111111111111111111111111111111113
11111111111111111111111111111111111111111111111111111111111111333333333333333333333111111111111111111111111111111111111111111111111111111111113333333333333111111113333333333333333333333333311111111111111111111333333333333333331111111111111111111111111111111113
11111111111111111111111111111111111111111111111111111111111113333333333333333333333111111111111111111111111111111111111111111111111111111111111333333333331111111111133333333333333333333333311111111111111111111333333333333333331111111111111111111111111111111113
11111111111111111111111111111111111111111111111111111111111113333333333333333333333111111111111111111111111111111111111111111111111111111111111133333333311111111111111133333333333333333333111111111111111111111333333333333333311111111111111111111111111111111113
11111111111111111111111111111111111111111111111111111111111113333333333333333333333111111111111111111111111111111111111111111111111111111111111111111111111111111111111133333333333333333331111111111111111111111133333333333333111111111111111111111111111111111113
11111111111111111111111111111111111111111111111111111111111113333333333333333333333311111111111111111111111111111111111111111111111111111111111111111111111111111111111133333333333333333311111111111111111111111113333333333331111111111111111111111111111111111113
11111111111111111111111111111111111111111111111111111111111113333333333333333333333311111111111111111111111111111111111111111111111111111111111111111111111111111111111133333333333333333311111111111111111111111111333331111111111111111111111111111111111111111113
11111111111111111111111111111111111111111111111111111111111113333333333333333333333311111111111111111111111111111111111111111111111111111111111111111111111111111111111133333333333333333311111111111111111111111111333311111111111111111111111111111111111111111113
11111111111111111111111111111111111111111111111111111111111113333333333333333333333311111111111111111111111111111111111111111111111111111111111111111111111111111111111133333333333333333311111111111111111111111111333111111111111111111111111111111111111111111113
11111111111111111111111111111111111111111111111111111111111113333333333333333333333311111111111111111111111111111111111111111111111111111111111111111111111111111111111133333333333333333111111111111111111111111111333111111111111111111111111111111111111111111113
11111111111111111111111111111111111111111111111111111111111113333333333333333333333311111111111111111111111111111111111111111111111111111111111111111111111111111111111133333333333333333111111111111111111111111111333111111111111111111111111111111111111111111113
11111111111111111111111111111111111111111111111111111111111111333333333333333333333111111111111111111111111111111111111111111111111111111111111111111111111111111111111133333333333333331111111111111111111111111113331111111111111111111111111111111111111111111113
11111111111111111111111111111111111111111111111111111111111111111333333333333333331111111111111111111111111111111111111111111111111111111111111111111111111111111111111133333333333333311111111111111111111111111113311111111111111111111111111111111111111111111113
11111111111111111111111111111111111111111111111111111111111111111111333333333333311111111111111111111111111111111111111111111111111111111111111111111111111111111111111133333333333333111111111111111111111111111113311111111111111111111111111111111111111111111113
11111111111111111111111111111111111111111111111111111111111111111111113333111111111111111111111111111111111111111111111111111111111111111111111111111111111111111111111111111111111111111111111111111111111111111133311111111111111111111111111111111111111111111113
11111111111111111111111111111111111111111111111111111111111111111111113333111111111111111111111111111111111111111111111111111111111111111111111111111111111111111111111111111111111111111111111111111111111111111133311111111111111111111111111111111111111111111113
11111111111111111111111111111111111111111111111111111111111111111111113331111111111111111111111111111111111111111111111111111111111111111111111111111111111111111111111111111111111111111111111111111111111111111333311111111111111111111111111111111111111111111113
11111111111111111111111111111111111111111111111111111111111111111111111331111111111111111111111111111111111111111111111111111111111111111111111111111111111111111111111111111111111111111111111111111111111111113333311111111111111111111111111111111111111111111113
11111111111111111111111111111111111111111111111111111111111111111111111331111111111111111111111111111111111111111111111111111111111111111111111111111111111111111111111111111111111111111111111111111111111333333333311111111111111111111111111111111111111111111113
11111111111111111111111111111111111111111111111111111111111111111111111331111111111111111111111111111111111111111111111111111111111111111111111111111111111111111111111111111111111111111111111111111111113333333333331111111111111111111111111111111111111111111113
11111111111111111111111111111111111111111111111111111111111111111111133333311111111111111111111111111111111111111111111111111111333333333333333311111111111111111111111111111111111111111111111111111111133333333333333111111111111111111111111111111111111111111113
11111111111111111111111111111111111111111111111111111111111111111111333333331111111111111111111111111111111111111111111111111111333333333333333311111111111111111111111111111111111111111111111111111111333333333333333311111111111111111111111111111111111111111113
11111111111111111111111111111111111111111111111111111111111111111113333333333311111111111111111111111111111111111111111111111111333333333333333311111111111111111111111111111111111111111111111111111111333333333333333311111111111111111111111111111111111111111113
11111111111111111111111111111111111111111111111111111111111111111133333333333331111111111111111111111111111111111111111111111111333333333333333311111111111111111111111111111111111111111111111111111111333333333333333311111111111111111111111111111111111111111113
11111111111111111111111111111111111111111111111111111111111111111333333333333333111111111111111111111111111111111111111111111111333333333333333331111111111111111111111111111111111111111111111111111111333333333333333311111111111111111111111111111111111111111113
11111111111111111111111111111111111111111111111111111111111111111333333333333333111111111111111111111111111111111111111111111111333333333333333331111111111111111111111111111111111111111111111111111111333333333333333311111111111111111111111111111111111111111113
11111111111111111111111111111111111111111111111111111111111111111333333553333333111111111111111111111111111111111111111111111111333333333333333331111111111111111111111111111111111111111111111111111111333333333333333311111111111111111111111111111111111111111113
11111111111111111111111111111111111111111111111111111111111111111333333553333333111111111111111111111111111111111111111111111111333333333333333331111111111111111111111111111111111111111111111111111111333333333333333311111111111111111111111111111111111111111113
11111111111111111111111111111111111111111111111111111111111111111333333333333333111111111111111111111111111111111111111111111111333333333333333331111111111111111111111111111111111111111111111111111111333333333333333311111111111111111111111111111111111111111113
11111111111111111111111111111111111111111111111111111111111111111333333333333333111111111111111111111111111111111111111111111111333333333333333331111111111111111111111111111111111111111111111111111111333333333333333311111111111111111111111111111111111111111113
11111111111111111111111111111111111111111111111111111111111111111333333333333333111111111111111111111111111111111111111111111111333333333333333331111111111111111111111111111111111111111111111111111111333333333333333311111111111111111111111111111111111111111113
11111111111111111111111111111111111111111111111111111111111111111333333333333331111111111111111111111111111111111111111111111111333333333333333331111111111111111111111111111111111111111111111111111111333333333333333111111111111111111111111111111111111111111113
11111111111111111111111111111111111111111111111111111111111111111133333333333311111111111111111111111111111111111111111111111111333333333333333331111111111111111111111111111111111111111111111111111111133333333333331111111111111111111111111111111111111111111113
11111111111111111111111111111111111111111111111111111111111111111113333333333111111111111111111111111111111111111111111111111111333333333333333333111111111111111111111111111111111111111111111111111111113333333333331111111111111111111111111111111111111111111113
11111111111111111111111111111111111111111111111111111111111111111111333333331111111111111111111111111111111111111111111111111111333333333333333333311111111111111111111111111111111111111111111111111111111111111133331111111111111111111111111111111111111111111113
11111111111111111111111111111111111111111111111111111111111111111111133333111111111111111111111111111111111111111111111111111111333333333333333333333333111111111111111111111111111111111111111111111111111111111133331111111111111111111111111111111111111111111113
11111111111111111111111111111111111111111111111111111111111111111111111333111111111111111111111111111111111111111111111111111111333333333333333333333333333333331111111111111111111111111111111111111111111111111133331111111111111111111111111111111111111111111113
11111111111111111111111111111111111111111111111111111111111111111111111333111111111111111111111111111111111111111111111111111111333333333333333333333333333333333311111111111111111111111111111111111111111111111113311111111111111111111111111111111111111111111113
11111111111111111111111111111111111111111111111111111111111111111111111333111111111111111111111111111111111111111111111111111111333333333333333333333333333333333311111111111111111111111111111111111111111111111113311111111111111111111111111111111111111111111113
11111111111111111111111111111111111111111111111111111111111111111111111333111111111111111111111111111111111111111111111111111111333333333333333333333333333333333311111111111111111111111111111111111111111111111113311111111111111111111111111111111111111111111113
11111111111111111111111111111111111111111111111111111111111111111111111333111111111111111111111111111111111111111111111111111111333333333111111111111111111111333311111111111111111111111111111111111111111111111113311111111111111111111111111111111111111111111113
11111111111111111111111111111111111111111111111111111111111111111111111333311111111111111111111111111111111111111111111111111111333333311111111111111111111111333311111111111111111111111111111111111111111111111113311111111111111111111111111111111111111111111113
11111111111111111111111111111111111111111111111111111111111111111111113333311111111111111111111111111111111111111111111111111133333331111111111111111111111111333311111111111111111111111111111111111111111111111113311111111111111111111111111111111111111111111113
11111111111111111111111111111111111111111111111111111111111111111111113333311111111111111111111111111111111111111111111111111133333311111111111111111111111111333311111111111111111111111111111111111111111111111113311111111111111111111111111111111111111111111113
11111111111111111111111111111111111111111111111111111111111111111111133333333333333311111111111111111111111111111111111111111133333311111111111111111111111111333311111111111111111111111111111111111111111111111113311111111111111111111111111111111111111111111113
11111111111111111111111111111111111111111111111111111111111111111111333333333333333311111111111111111111111111111111111111111333333111111111111111111111111111333311111111111111111111111111111111111111111111111113311111111111111111111111111111111111111111111113
11111111111111111111111111111111111111111111111111111111111111133333333333333333333311111111111111111111111111111111111111111333331111111111111111111111111111333311111111111111111111111111111111111111111111111113311111111111111111111111111111111111111111111113
11111111111111111111111111111111111111111111111111111111111111333333333333333333333311111111111111111111111111111111111111111333331111111111111111111111111111333333111111111111111111111111111111111111111111111113331111111111111111111111111111111111111111111113
11111111111111111111111111111111111111111111111111111111111113335533333333335533333311111111111111111111111111111111111111111333331111111111111111111111111111333333331111111111111111111111111111111111111111111133331111111111111111111111111111111111111111111113
11111111111111111111111111111111111111111111111111111111111133335533333333335533333311111111111111111111111111111111111111111333331111111111111111111111111111333333333111111111111111111111111111111111111111111133331111111111111111111111111111111111111111111113
11111111111111111111111111111111111111111111111111111111111133333333333333333333333311111111111111111111111111111111111111111333331111111111111111111111111111333333333333311111111111111111111111111111111111133333331111111111111111111111111111111111111111111113
11111111111111111111111111111111111111111111111111111111111133333333333333333333333311111111111111111111111111111111111111113333331111111111111111111111111111333333333333333331111111111133333333311111111111333333333111111111111111111111111111111111111111111113
11111111111111111111111111111111111111111111111111111111111133333333333333333333333311111111111111111111111111111111111111113333331111111111111111111111111111333333333333333333333333333333333333311111111113333333333111111111111111111111111111111111111111111113
11111111111111111111111111111111111111111111111111111111111133333333333333333333333311111111111111111111111111111333333333333333331111111111111111111111111111333311111111111133333333333333333333331111111113333333333111111111111111111111111111111111111111111113
11111111111111111111111111111111111111111111111111111111111133333333333333333333333311111111111111111111111111113333333333333333331111111111111111111111111111333311111111111111113333333333333333333111111133333333333111111111111111111111111111111111111111111113
11111111111111111111111111111111111111111111111111111111111133333333333333335533333311111111111111111111111111133333333333333333331111111111111111111111111111133111111111111111111133333333333333333311111133333333333111111111111111111111111111111111111111111113
11111111111111111111111111111111111111111111111111111111111133333553333333335533333311111111111111111111111111333333333333333333331111111111111111111111111111111111111111111111111111333333333333333333333333333333333111111111111111111111111111111111111111111113
11111111111111111111111111111111111111111111111111111111111133333555333333335333333311111111111111111111111111333333333333333333331111111111111111111111111111111111111111111111111111113333333333333333333333333333333111111111111111111111111111111111111111111113
11111111111111111111111111111111111111111111111111111111111133333355553333335333333311111111111111111111111111333333333333333333331111111111111111111111111111111111111111111111111111113333333333333333333333333333333111111111111111111111111111111111111111111113
11111111111111111111111111111111111111111111111111111111111133333333555333335533333311111111111111111111111111333333333333333333331111111111111111111111111111111111111111111111111111113333333333333333333333333333331111111111111111111111111111111111111111111113
11111111111111111111111111111111111111111111111111111111111133333333355533335533333311111111111111111111111111333333333333333333331111111111111111111111111111111111111111111111111111113333333333333333333333333331111111111111111111111111111111111111111111111113
11111111111111111111111111111111111111111111111111111111111133333333335333335533333311111111111111111111111111333333333333333333331111111111111111111111111111111111111111111111111111113333333333333333333333333111111111111111111111111111111111111111111111111113
11111111111111111111111111111111111111111111111111111111111133335533333333335533333311111111111111111111111111333333333333333333331111111111111111111111111111111111111111111111111111113333333333333333333333331111111111111111111111111111111111111111111111111113
11111111111111111111111111111111111111111111111111111111111133335533333333335533333311111111111111111111111111333333333333333333331111111111111111111111111111111111111111111111111111113333333333333333333333311111111111111111111111111111111111111111111111111113
11111111111111111111111111111111111111111111111111111111111133333333333333333333333311111111111111111111111111333333333333333333331111111111111111111111111111111111111111111111111111113333333333333333333333111111111111111111111111111111111111111111111111111113
11111111111111111111111111111111111111111111111111111111111133333333333333333333333311111111111111111111111111333333333333333333331111111111111111111111111111111111111111111111111111111333333333333333333333111111111111111111111111111111111111111111111111111113
11111111111111111111111111111111111111111111111111111111111133333333333333333333333311111111111111111111111111333333333333333333331111111111111111111111111111111111111111111111111111111111111111111133333331111111111111111111111111111111111111111111111111111113
11111111111111111111111111111111111111111111111111111111111133333333333333333333333311111111111111111111111111333333333333333333331111111111111111111111111111111111111111111111111111111111111111111111133111111111111111111111111111111111111111111111111111111113
11111111111111111111111111111111111111111111111111111111111133333333333333333333333311111111111111111111111111333333333333333333311111111111111111111111111111111111111111111111111111111111111111111111111111111111111111111111111111111111111111111111111111111113
11111111111111111111111111111111111111111111111111111111111133333333333333333333333311111111111111111111111113333333333333333331111111111111111111111111111111111111111111111111111111111111111111111111111111111111111111111111111111111111111111111111111111111113
11111111111111111111111111111111111111111111111111111111111133335533333333333333333311111111111111111111111113333331111133333331111111111111111111111111111111111111111111111111111111111111111111111111111111111111111111111111111111111111111111111111111111111113
11111111111111111111111111111111111111111111111111111111111133335533333333335333333311111111111111111111111133311111111113333331111111111111111111111111111111111111111111111111111111111111111111111111111111111111111111111111111111111111111111111111111111111113
11111111111111111111111111111111111111111111111111111111111133333333333333333333333311111111111111111111111133111111111111333331111111111111111111111111111111111111111111111111111111111111111111111111111111111111111111111111111111111111111111111111111111111113
11111111111111111111111111111111111111111111111111111111111133333333333333333333333311111111111111111111111333111111111111333331111111111111111111111111111111111111111111111111111111111111111111111111111111111111111111111111111111111111111111111111111111111113
11111111111111111111111111111111111111111111111111111111111133333333333333333333333311111111111111111111111331111111111111133331111111111111111111111111111111111111111111111111111111111111111111111111111111111111111111111111111111111111111111111111111111111113
11111111111111111111111111111111111111111111111111111111111133333333153333333333333311111111111111111111113331111111111111133331111111111111111111111111111111111111111111111111111111111111111111111111111111111111111111111111111111111111111111111111111111111113
11111111111111111111111111111111111111111111111111111111111133333335533333333333333311111111111111111111113311111111111111113331111111111111111111111111111111111111111111111111111111111111111111111111111111111111111111111111111111111111111111111111111111111113
11111111111111111111111111111111111111111111111111111111111133333335533333333333333311111111111111111111133311111111111111113331111111111111111111111111111111111111111111111111111111111111111111111111111111111111111111111111111111111111111111111111111111111113
11111111111111111111111111111111111111111111111111111111111133333333335333335533333311111111111111111111333311111111111111113331111111111111111111111111111111111111111111111111111111111111111111111111111111111111111111111111111111111111111111111111111111111113
11111111111111111111111111111111111111111111111111111111113333333355555333335533333311111111111111111111333111111111111111113331111111111111111111111111111111111111111111111111111111111111111111111111111111111111111111111111111111111111111111111111111111111113
11111111111111111111111111111111111111111111111111111113333333333333333333333333333311111111111111111111333111111111111111113331111111111111111111111111111111111111111111111111111111111111111111111111111111111111111111111111111111111111111111111111111111111113
11111111111111111111111111111111111111111111111111111133333333333333333333333333333311111111111111111113331111111111111111113333331111111111111111111111111111111111111111111111111111111111111111111111111111111111111111111111111111111111111111111111111111111113
11111111111111111111111111111111111111111111111111111133333333333333333333333333333311111111111111111113331111111111111111113333333311111111111111111111111111111111111111111111111111111111111111111111111111111111111111111111111111111111111111111111111111111113
11111111111111111111111111111111111111111111111111111333333333333333333333333333333311111111111111111133311111111111111111333333333331111111111111111111111111111111111111111111111111111111111111111111111111111111111111111111111111111111111111111111111111111113
11111111111111111111111111111111111111111111111111133333333333333333333333333333333311111111111111111133311111111111111113333333333333111111111111111111111111111111111111111111111111111111111111111111111111111111111111111111111111111111111111111111111111111113
11111111111111111111111111111111111111111111111111133333333333333333333333333333333311111111111111111133111111111111111113333333333333111111111111111111111111111111111111111111111111111111111111111111111111111111111111111111111111111111111111111111111111111113
11111111111111111111111111111111111111111111111111333333333333333333333333333333333311111111111111111333111111111111111113333333333333111111111111111111111111111111111111111111111111111111111111111111111111111111111111111111111111111111111111111111111111111113
11111111111111111111111111111111111111111111111111333333333333333333333333333333333311111111111111113331111111111111111113333333333333111111111111111111111111111111111111111111111111111111111111111111111111111111111111111111111111111111111111111111111111111113
11111111111111111111111111111111111111111111111111333333333333333333333333333333333311111111111111113331111111111111111113333333333333111111111111111111111111111111111111111111111111111111113333333333333333331111111111111111111111111111111111111111111111111113
11111111111111111111111111111111111111111111111111333333333333333333333333333333333331111111111111133311111111111111111113333333333333111111111111111111111111111111111111111111111111111111113333333333333333333111111111111111111111111111111111111111111111111113
11111111111111111111111111111111111111111111111111333333333333333333333333333333333331111111111113333311111111111111111113333333333331111111111111111111111111111111111111111111111111111111113333333333333333333111111111111111111111111111111111111111111111111113
11111111111111111111111111111111111111111111111111333333333333333333333333333333333333333333333333333111111111111111111111333333333311111111111111111111111111111111111111111111111111111111113333333333333333333111111111111111111111111111111111111111111111111113
11111111111111111111111111111111111111111111111111333333333333333333333333333333333333333333333333333111111111111111111111133333333111111111111111111111111111111111111111111111111111111111113333333333333333333111111111111111111111111111111111111111111111111113
11111111111111111111111111111111111111111111111111333333333333355533333333333333333333333333333333331111111111111111111111111333333111111111111111111111111111111111111111111111111111111111113333333333333333331111111111111111111111111111111111111111111111111113
11111111111111111111111111111111111111111111111111333333333333555553333333333333333333333333333333331111111111111111111111111111333111111111111111111111111111111111111111111111111111111111113333333333333333331111111111111111111111111111111111111111111111111113
11111111111111111111111111111111111111111111111111333333333335555553333333333333333333333333333333331111111111111111111111111111333111111111111111111111111111111111111111111111111111111111113333333333333333331111111111111111111111111111111111111111111111111113
11111111111111111111111111111111111111111111111111333333333335555553333333333333333333333333333333331111111111111111111111111111333111111111111111111111111111111111111111111111111111111111113333333333333333331111111111111111111111111111111111111111111111111113
11111111111111111111111111111111111111111111111111333333333333555533333333333333333333333333333333331111111111111111111111111111333111111111111111111111111111111111111111111111111111111111113333333333333333331111111111111111111111111111111111111111111111111113
11111111111111111111111111111111111111111111111111333333333333355333333333333333333333333333333333331111111111111111111111111111333111111111111111111111111111111111111111111111111111111111113333333333333333331111111111111111111111111111111111111111111111111113
11111111111111111111111111111111111111111111111111333333333333333333333333333333333333333333333333331111111111111111111111111111333311111111111111111111111111111111111111111111111111111111113333333333333333331111111111111111111111111111111111111111111111111113
11111111111111111111111111111111111111111111111111333333333333333333333333333333333333333333333333331111111111111111111111111111333311333333333331111111111111111111111111111111111111111111113333335333333333331111111111111111111111111111111111111111111111111113
11111111111111111111111111111111111111111111111111333333333333333333333333333333333333333333333333331111111111111111111111111111333331333333333333111111111111111111111111111111111111111111113333333553333333331111111111111111111111111111111111111111111111111113
11111111111111111111111111111111111111111111111111333333333333333333333333333333333333333333333333331111111111111111111111111111333331333333333333111111111111111111111111111111111111111111113333333555333333331111111111111111111111111111111111111111111111111113
11111111111111111111111111111111111111111111111111333333333333333333333333333333333333333333333333331111111111111111111111111133333333333333333333111111111111111111111111111111111111111111113333333335533333531111111111111111111111333111111111111111111111111113
11111111111111111111111111111111111111111111111111333333333333333333333333333335553333333333333333331111111111111111111111111133333333333333333333111111111111111111111111111111111111111111113333333335533333553333333333333333333333333333331111111111111111111113
11111111111111111111111111111111111111111111111111333333333333333333333333333355553333333333333333331111111111111111111111111133333333333333333333111111111111111111111111111111111111111111113333333333333333553333333333333333333333333333333311111111111111111113
11111111111111111111111111111111111111111111111111333333333333333333333333333355553333333333333333331111111111111111111111111133333333333333333333111111111111111111111111111111111111111111113333553333333333553333333333333333333333333333333333333333111111111113
11111111111111111111111111111111111111111111111111333333333333333333333333333355553333333333333333331111111111111111111111111133333333333333333333111111111111111111111111111111111111111111113333553333333333353333333333333333333333333333333333333333111111111113
11111111111111111111111111111111111111111111111111333333333333333333333333333333333333333333333333331111111111111111111111111133333333333333333333111111111111111111111111111111111111111111113333333333333333333333331111111111111111111113333333333333111111111113
11111111111111111111111111111111111111111111111111333333333333333333333333333333333333333333333333331111111111111111111111111133333333333553333333111111111111111111111111111111111111111111113333333333333333333333311111111111111111111111133333333333111111111113
11111111111111111111111111111111111111111111111111333333333333333333333333333333333333333333333333331111111111111111111111111133333333333553333333111111111111111111111111111111111111111111113333333333333333333311111111111111111111111111113333333333111111111113
11111111111111111111111111111111111111111111111111333333333333333333333333333333333333333333333333331111111111111111111111111133333333333333333333111111111111111111111111111111111111111111113333333333333333333311111111111111111111111111113333333333111111111113
11111111111111111111111111111111111111111111111111133333333333333333333333333333333333333333333333331111111111111111111111111113333333333333333333111111111111111111111111111111111111111111113333333333333333333311111111111111111111111111113333333333111111111113
11111111111111111111111111111111111111111111111111133333333333333333333333333333333333333333333333311111111111111111111111111113333333333353333333111111111111111111111111111111111111111111113333333333333333333331111111111111111111111111113333333333111111111113
11111111111111111111111111111111111111111111111111133333333333333333333333333333333333333333333333111111111111111111111111111113333333333555333333111111111111111111111111111111111111111111333333353333333333533333111111111111111111111111113333333333111111111113
11111111111111111111111111111111111111111111111111133333333333333333333333333333333333333333333333111111111111111111111111111133355333333555333333311111111111111111111111111111111111111111333333353333333333553333111111111111111111111111113333333333111111111113
11111111111111111111111111111111111111111111111111133333333333333333333333333333333333333333333333111111111111111111111111111133355333333555333333333331111111111111111111111111111111111111333333333335555533333333111111111111111111111111113333333333111111111113
11111111111111111111111111111111111111111111111111133333333333333333333333333333333333333333333333111111111111111111111111111133333333333555333333333333333111111111111111111111111111111111333333333355555553333333111111111111111111111111113333333333111111111113
11111111111111111111111111111111111111111111111111333333333333333333333333333333333333333333333333111111111111111111111111111133333333333333333331111133333333331111111111111111111111111111333333333355555553333333111111111111111111111111113333333333111111111113
11111111111111111111111111111111111111111111111111333333333333333333333333333333333333333333333333311111111111111111111111111113333333333333333331111111111113333333333333333111111111111111333333333335555533333333111111111111111111111111113333333333111111111113
11111111111111111111111111111111111111111111111111333333333333333333333333333333333333333333333333333111111111111111111111111111111111111111111111111111111111111113333333333333333333333333333333333333333333333333111111111111111111111111111333333333111111111113
11111111111111111111111111111111111111111111111111333333333333333333333333333333333333333333333333333111111111111111111111111111111111111111111111111111111111111111111133333333333333333333333333333333333333333331111111111111111111111111111133333333111111111113
11111111111111111111111111111111111111111111113333333333333333333333333333333333333333333333333333333111111111111111111111111111111111111111111111111111111111111111111111333333333333333333333333333333333333333111111111111111111111111111111111333333111111111113
11111111111111111111111111111111111111111111133333333333333333333333333333333333333333333333333333333111111111111111111111111111111111111111111111111111111111111111111111111111133333333333333333333333333333331111111111111111111111111111111111111111111111111113
11111111111111111111111111111111111111111111333333333333333333111111111111111111111111111111113311111111111111111111111111111111111111111111111111111111111111111111111111111111111111111111111111111111113333111111111111111111111111111111111111111111111111111113
11111111111111111111111111111111111111111113333333333333311111111111111111111111111111111111113311111111111111111111111111111111111111111111111111111111111111111111111111111111111111111111111111111111113333111111111111111111111111111111111111111111111111111113
11111111111111111111111111111111111111111133333333333333111111111111111111111111111111111111113311111111111111111111111111111111111111111111111111111111111111111111111111111111111111111111111111111111111333111111111111111111111111111111111111111111111111111113
11111111111111111111111111111111111111111133333333333331111111111111111111111111111111111111113311111111111111111111111111111111111111111111111111111111111111111111111111111111111111111111111111111111111333111111111111111111111111111111111111111111111111111113
11111111111111111111111111111111111111111133333333333331111111111111111111111111111111111111111111111111111111111111111111111111111111111111111111111111111111111111111111111111111111111111111111111111111133111111111111111111111111111111111111111111111111111113
11111111111111111111111111111111111111111133333333333331111111111111111111111111111111111111111111111111111111111111111111111111111111111111111111111111111111111111111111111111111111111111111111111111111133111111111111111111111111111111111111111111111111111113
11111111111111111111111111111111111111111133333333333331111111111111111111111111111111111111111111111111111111111111111111111111111111111111111111111111111111111111111111111111111111111111111111111111111133111111111111111111111111111111111111111111111111111113
11111111111111111111111111111111111111111133333333333331111111111111111111111111111111111111111111111111111111111111111111111111111111111111111111111111111111111111111111111111111111111111111111111111111133111111111111111111111111111111111111111111111111111113
11111111111111111111111111111111111111111133333333333331111111111111111111111111111111111111111111111111111111111111111111111111111111111111111111111111111111111111111111111111111111111111111111111111111133111111111111111111111111111111111111111111111111111113
11111111111111111111111111111111111111111133333333333331111111111111111111111111111111111111111111111111111111111111111111111111111111111111111111111111111111111111111111111111111111111111111111111111111133111111111111111111111111111111111111111111111111111113
11111111111111111111111111111111111111111133333333333331111111111111111111111111111111111111111111111111111111111111111111111111111111111111111111111111111111111111111111111111111111111111111111111111111113311111111111111111111111111111111111111111111111111113
11111111111111111111111111111111111111111133333333333331111111111111111111111111111111111111111111111111111111111111111111111111111111111111111111111111111111111111111111111111111111111111111111111111111113311111111111111111111111111111111111111111111111111113
11111111111111111111111111111111111111111133333333333331111111111111111111111111111111111111111111111111111111111111111111111111111111111111111111111111111111111111111111111111111111111111111111111111111113311111111111111111111111111111111111111111111111111113
11111111111111111111111111111111111111111133333333333311111111111111111111111111111111111111111111111111111111111111111111111111111111111111111111111111111111111111111111111111111111111111111111111111111113311111111111111111111111111111111111111111111111111113
11111111111111111111111111111111111111111111113333111111111111111111111111111111111111111111111111111111111111111111111111111111111111111111111111111111111111111111111111111111111111111111111111111111111113311111111111111111111111111111111111111111111111111113
11111111111111111111111111111111111111111111113333311111111111111111111111111111111111111111111111111111111111111111111111111111111111111111111111111111111111111111111111111111111111111111111111111111111113311111111111111111111111111111111111111111111111111113
11111111111111111111111111111111111111111111113333111111111111111111111111111111111111111111111111111111111111111111111111111111111111111111111111111111111111111111111111111111111111111111111111111111111113331111111111111111111111111111111111111111111111111113
11111111111111111111111111111111111111111111113333111111111111111111111111111111111111111111111111111111111111111111111111111111111111111111111111111111111111111111111111111111111111111111111111111111111113333111111111111111111111111111111111111111111111111113
11111111111111111111111111111111111111111111113333111111111111111111111111111111111111111111111111111111111111111111111111111111111111111111111111111111111111111111111111111111111111111111111111111111111113333111111111111111111111111111111111111111111111111113
11111111111111111111111111111111111111111111113333111111111111111111111111111111111111111111111111111111111111111111111111111111111111111111111111111111111111111111111111111111111111111111111111111111111113333333333331111111111111111111111111111111111111111113
11111111111111111111111111111111111111111111111331111111111111111111111111111111111111111111111111111111111111111111111111111111111111111111111111111111111111111111111111111111111111111111111111111111111133333333333333111111111111111111111111111111111111111113
11111111111111111111111111111111111111111111111331111111111111111111111111111111111111111111111111111111111111111111111111111111111111111111111111111111111111111111111111111111111111111111111111111111111133333333333333331111111111111111111111111111111111111113
11111111111111111111111111111111111111111111111331111111111111111111111111111111111111111111111111111111111111111111111111111111111111111111111111111111111111111111111111111111111111111111111111111111111133333333333333331111111111111111111111111111111111111113
11111111111111111111111111111111111111111111111331111111111111111111111111111111111111111111111111111111111111111111111111111111111111111111111111111111111111111111111111111111111111111111111111111111111133333333333333331111111111111111111111111111111111111113
11111111111111111111111111111111111111111111111331111111111111111111111111111111111111111111111111111111111111111111111111111111111111111111111111111111111111111111111111111111111111111111111111111111111113333333333333331111111111111111111111111111111111111113
11111111111111111111111111111111111111111111111331111111111111111111111111111111111111111111111111111111111111111111111111111111111111111111111111111111111111111111111111111111111111111111111111111111111113333333333333331111111111111111111111111111111111111113
11111111111111111111111111111111111111111111111331111111111111111111111111111111111111111111111111111111111111111111111111111111111111111111111111111111111111111111111111111111111111111111111111111111111113333333333333331111111111111111111111111111111111111113
11111111111111111111111111111111111111111111111331111111111111111111111111111111111111111111111111111111111111111111111111111111111111111111111111111111111111111111111111111111111111111111111111111111111113333333333333331111111111111111111111111111111111111113
11111111111111111111111111111111111111111111111331111111111111111111111111111111111111111111111111111111111111111111111111111111111111111111111111111111111111111111111111111111111111111111111111111111111113333333333333331111111111111111111111111111111111111113
11111111111111111111111111111111111111111111111331111111111111111111111111111111111111111111111111111111111111111111111111111111111111111111111111111111111111111111111111111111111111111111111111111111111113333333333333331111111111111111111111111111111111111113
11111111111111111111111111111111111111111111111111111111111111111111111111111111111111111111111111111111111111111111111111111111111111111111111111111111111111111111111111111111111111111111111111111111111113333333333333331111111111111111111111111111111111111113
11111111111111111111111111111111111111111111111111111111111111111111111111111111111111111111111111111111111111111111111111111111111111111111111111111111111111111111111111111111111111111111111111111111111113333333333333331111111111111111111111111111111111111113
11111111111111111111111111111111111111111111111111111111111111111111111111111111111111111111111111111111111111111111111111111111111111111111111111111111111111111111111111111111111111111111111111111111111133333333333333331111111111111111111111111111111111111113
11111111111111111111111111111111111111111111111111111111111111111111111111111111111111111111111111111111111111111111111111111111111111111111111111111111111111111111111111111111111111111111111111111111111133333333333333331111111111111111111111111111111111111113
11111111111111111111111111111111111111111111111111111111111111111111111111111111111111111111111111111111111111111111111111111111111111111111111111111111111111111111111111111111111111111111111111111111111133333333333333331111111111111111111111111111111111111113
11111111111111111111111111111111111111111111111111111111111111111111111111111111111111111111111111111111111111111111111111111111111111111111111111111111111111111111111111111111111111111111111111111111111113333333333333331111111111111111111111111111111111111113
11111111111111111111111111111111111111111111111111111111111111111111111111111111111111111111111111111111111111111111111111111111111111111111111111111111111111111111111111111111111111111111111111111111111111111111111111111111111111111111111111111111111111111113
11111111111111111111111111111111111111111111111111111111111111111111111111111111111111111111111111111111111111111111111111111111111111111111111111111111111111111111111111111111111111111111111111111111111111111111111111111111111111111111111111111111111111111113
11111111111111111111111111111111111111111111111111111111111111111111111111111111111111111111111111111111111111111111111111111111111111111111111111111111111111111111111111111111111111111111111111111111111111111111111111111111111111111111111111111111111111111113
11111111111111111111111111111111111111111111111111111111111111111111111111111111111111111111111111111111111111111111111111111111111111111111111111111111111111111111111111111111111111111111111111111111111111111111111111111111111111111111111111111111111111111113
11111111111111111111111111111111111111111111111111111111111111111111111111111111111111111111111111111111111111111111111111111111111111111111111111111111111111111111111111111111111111111111111111111111111111111111111111111111111111111111111111111111111111111113
11111111111111111111111111111111111111111111111111111111111111111111111111111111111111111111111111111111111111111111111111111111111111111111111111111111111111111111111111111111111111111111111111111111111111111111111111111111111111111111111111111111111111111113
11111111111111111111111111111111111111111111111111111111111111111111111111111111111111111111111111111111111111111111111111111111111111111111111111111111111111111111111111111111111111111111111111111111111111111111111111111111111111111111111111111111111111111113
11111111111111111111111111111111111111111111111111111111111111111111111111111111111111111111111111111111111111111111111111111111111111111111111111111111111111111111111111111111111111111111111111111111111111111111111111111111111111111111111111111111111111111113
11111111111111111111111111111111111111111111111111111111111111111111111111111111111111111111111111111111111111111111111111111111111111111111111111111111111111111111111111111111111111111111111111111111111111111111111111111111111111111111111111111111111111111113
11111111111111111111111111111111111111111111111111111111111111111111111111111111111111111111111111111111111111111111111111111111111111111111111111111111111111111111111111111111111111111111111111111111111111111111111111111111111111111111111111111111111111111113
11111111111111111111111111111111111111111111111111111111111111111111111111111111111111111111111111111111111111111111111111111111111111111111111111111111111111111111111111111111111111111111111111111111111111111111111111111111111111111111111111111111111111111113
11111111111111111111111111111111111111111111111111111111111111111111111111111111111111111111111111111111111111111111111111111111111111111111111111111111111111111111111111111111111111111111111111111111111111111111111111111111111111111111111111111111111111111113
11111111111111111111111111111111111111111111111111111111111111111111111111111111111111111111111111111111111111111111111111111111111111111111111111111111111111111111111111111111111111111111111111111111111111111111111111111111111111111111111111111111111111111113
11111111111111111111111111111111111111111111111111111111111111111111111111111111111111111111111111111111111111111111111111111111111111111111111111111111111111111111111111111111111111111111111111111111111111111111111111111111111111111111111111111111111111111113
11111111111111111111111111111111111111111111111111111111111111111111111111111111111111111111111111111111111111111111111111111111111111111111111111111111111111111111111111111111111111111111111111111111111111111111111111111111111111111111111111111111111111111113
11111111111111111111111111111111111111111111111111111111111111111111111111111111111111111111111111111111111111111111111111111111111111111111111111111111111111111111111111111111111111111111111111111111111111111111111111111111111111111111111111111111111111111113
11111111111111111111111111111111111111111111111111111111111111111111111111111111111111111111111111111111111111111111111111111111111111111111111111111111111111111111111111111111111111111111111111111111111111111111111111111111111111111111111111111111111111111113
11111111111111111111111111111111111111111111111111111111111111111111111111111111111111111111111111111111111111111111111111111111111111111111111111111111111111111111111111111111111111111111111111111111111111111111111111111111111111111111111111111111111111111113
11111111111111111111111111111111111111111111111111111111111111111111111111111111111111111111111111111111111111111111111111111111111111111111111111111111111111111111111111111111111111111111111111111111111111111111111111111111111111111111111111111111111111111113
11111111111111111111111111111111111111111111111111111111111111111111111111111111111111111111111111111111111111111111111111111111111111111111111111111111111111111111111111111111111111111111111111111111111111111111111111111111111111111111111111111111111111111113
11111111111111111111111111111111111111111111111111111111111111111111111111111111111111111111111111111111111111111111111111111111111111111111111111111111111111111111111111111111111111111111111111111111111111111111111111111111111111111111111111111111111111111113
11111111111111111111111111111111111111111111111111111111111111111111111111111111111111111111111111111111111111111111111111111111111111111111111111111111111111111111111111111111111111111111111111111111111111111111111111111111111111111111111111111111111111111113
