33333333333333333333333333333333333333333333333333333333333333333333333333333333333333333333333333333333333333333333333333333333333333333333333333333333333333333333333333333333333333333333333333333333333333333333333333333333333333333333333333333333333333333333
11111111111111111111111111111111111111111111111111111111111111111111111111111111111111111111111111111111111111111111111111111111111111111111111111111111111111111111111111111111111111111111111111111111111111111111111111111111111111111111111111111111111111111113
11111111111111111111111111111111111111111111111111111111111111111111111111111111111111111111111111111111111111111111111111111111111111111111111111111111111111111111111111111111111111111111111111111111111111111111111111111111111111111111111111111111111111111113
11111111111111111111111111111111111111111111111111111111111111111111111111111111111111111111111111111111111111111111111111111111111111111111111111111111111111111111111111111111111111111111111111111111111111111111111111111111111111111111111111111111111111111113
11111111111111111111111111111111111111111111111111111111111111111111111111111111111111111111111111111111111111111111111111111111111111111111111111111111111111111111111111111111111111111111111111111111111111111111111111111111111111111111111111111111111111111113
11111111111111111111111111111111111111111111111111111111111111111111111111111111111111111111111111111111111111111111111111111111111111111111111111111111111111111111111111111111111111111111111111111111111111111111111111111111111111111111111111111111111111111113
11111111111111111111111111111111111111111111111111111111111111111111111111111111111111111111111111111111111111111111111111111111111111111111111111111111111111111111111111111111111111111111111111111111111111111111111111111111111111111111111111111111111111111113
11111111111111111111111111111111111111111111111111111111111111111111111111111111111111111111111111111111111111111111111111111111111111111111111111111111111111111111111111111111111111111111111111111111111111111111111111111111111111111111111111111111111111111113
11111111111111111111111111111111111111111111111111111111111111111111111111111111111111111111111111111111111111111111111111111111111111111111111111111111111111111111111111111111111111111111111111111111111111111111111111111111111111111111111111111111111111111113
11111111111111111111111111111111111111111111111111111111111111111111111111111111111111111111111111111111111111111111111111111111111111111111111111111111111111111111111111111111111111111111111111111111111111111111111111111111111111111111111111111111111111111113
11111111111111111111111111111111111111111111111111111111111111111111111111111111111111111111111111111111111111111111111111111111111111111111133333333333333311111111111111111111111111111111111111111111111111111111111111111111111111111111111111111111111111111113
11111111111111111111111111111111111111111111111111111111111111111111111111111111111111111111111111111111111111111111111111111111111111111113333333333333333311111111111111111111111111111111111111111111111111111111111111111111111111111111111111111111111111111113
11111111111111111111111111111111111111111111111111111111111111111111111111111111111111111111111111111111111111111111111111111111111111333333333333333333333311111111111111111111111111111111111111111111111111111111111111111111111111111111111111111111111111111113
11111111111111111111111111111111111111111111111111111111111111111111111111111111111111111111111111111111111111111111111111111111111111333333333333333333333311111111111111111111111111111111111111111111111111111111111111111111111111111111111111111111111111111113
11111111111111111111111111111111111111111111111111111111111111111111111111111111111111111111111111111111111111111111111111111111111133333333333333333333333333111111111111111111111111111111111111111111111111111111111111111111111111111111111111111111111111111113
11111111111111111111111111111111111111111111111111111111111111111111111111111111111111111111111111111111111111111111111111111111111133333333333333333333333333111111111111111111111111111111111111111111111111111111111111111111111111111111111111111111111111111113
11111111111111111111111111111111111111111111111111111111111111111111111111111111111111111111111111111111111111111111111111111133333333333333333311111111113333111111111133333333333333333333333333333333111111133333333333333333331111111111111111111111111111111113
11111111111111111111111111111111111111111111111111111111111111111111111111111111111111111111111111111111111111111111111111111133333333333333333311111111113333111111111133333333333333333333333333333333333333333333333333333333331111111111111111111111111111111113
11111111111111111111111111111111111111111111111111111111111111111111111111111111111111111111111111111111111111111111111111111133333311111111111111111111111133331111111133333333333333333333333333333333333333333333333333333333333333333333333333331111111111111113
11111111111111111111111111111111111111111111111111111111111111111111111111111111111111111111111111111111111111111111111111111133333311111111111111111111111133331111111133333333333333333333333333333333311111111113333333333333333333333333333333331111111111111113
11111111111111111111111111111111111111111111111111111111111111111111111111111111111111111111111111111111333333333333333311111133333311111111111111111111111133333333333333333333331111111111111111333311111111111111111111111111113333333333333333333311111111111113
11111111111111111111111111111111111111111111111111111111111111111111111111111111111111111111111111111111333333333333333311111133333311111111111111111111111133333333333333333333331111111111111111333311111111111111111111111111113333333333333333553311111111111113
11111111111111111111111111111111111111111111111111111111111111111111111111111111111111111111111111111111333333333333333333333333333311111111111111111111111133333333333333333333333311111111111111111111111111111111111111111111113333333333333333553311111111111113
11111111111111111111111111111111111111111111111111111111111111111111111111111111111111111111111111111111333333333333333333333333333311111111111111111111111133333333333333333333333311111111111111111111111111111111111111111111113333333333333333553311111111111113
11111111111111111111111111111111111111111111111111111111111111111111111111111111111111111111111111113333333333333333333333333333333311111111111111111111111111111111111111111133333311111111111111111111111111111111111111111111113333333333333333333311111111111113
11111111111111111111111111111111111111111111111111111111111111111111111111111111111111111111111111113333333333333333333333333333333311111111111111111111111111111111111111111133333311111111111111111111111111111111111111111111113333333333333333333311111111111113
11111111111111111111111111111111111111111111111111111111111111111111111111111111111111111111111111113333333333333333333333333333333333333311111111111111111111111111111111111111333311111111111111111111111111111111111111333333333333333333333333333311111111111113
11111111111111111111111111111111111111111111111111111111111111111111111111111111111111111111111111113333333333333333333333333333333333333311111111111111111111111111111111111111333311111111111111111111111111111111111111333333333333333333333333333311111111111113
11111111111111111111111111111111111111111111111111111111111111111111111111111111111111111111111111113333331111111111111133333333333333333311111111111111111111111111111111111111333333111111111111111111111111111111111111333333333333333333333333333311111111111113
11111111111111111111111111111111111111111111111111111111111111111111111111111111111111111111111111113333331111111111111133333333333333333311111111111111111111111111111111111111333333111111111111111111111111111111111111333333333333333333333333333311111111111113
11111111111111111111111111111111111111111111111111111111111111111111111111111111111111111111111111113333331111111111111111111111333333333311111111111111111111111111111111111111113333111111111111111111111111111111111111333333333333113333333311111111111111111113
11111111111111111111111111111111111111111111111111111111111111111111111111111111111111111111111111113333331111111111111111111111333333333311111111111111111111111111111111111111113333111111111111111111111111111111111111333333333333113333333311111111111111111113
11111111111111111111111111111111111111111111111111111111111111111111111111111111111111111111111111113333331111111111111111111111333333333333333333331111111111111111111111111111111133333333331111111111111111111111111111333333333333113333333311111111111111111113
11111111111111111111111111111111111111111111111111111111111111111111111111111111111111111111111111113333331111111111111111111111333333333333333333331111111111111111111111111111111133333333331111111111111111111111111111333333333333113113333311111111111111111113
11111111111111111111111111111111111111111111111111111111111111111111111111111111111111111111113333333333111111111111111111111111333333333333333333331111111111111111111111111111111111111111333333111111111111113333333333333333333333113113333311111111111111111113
11111111111111111111111111111111111111111111111111111111111111111111111111111111111111111111113333333333111111111111111111111111333333333333333333331111111111111111111111111111111111111111333333311111111111113333333333333333333333113333333311111111111111111113
11111111111111111111111111111111111111111111111111111111111111111111111111111111111111113333333333333311111111111111111111111111553333333333333333333333333333333311111111111111111111111111111133331111111111113333333333333333333333111333333311111111111111111113
11111111111111111111111111111111111111111111111111111111111111111111111111111111111111113333333333333311111111111111111111111111553333333333333333333333333333333311111111111111111111111111111133331111111111113333333333333333333333111333333311111111111111111113
11111111111111111111111111111111111111111111111111111111111111111111111111111111111111113333333333333311111111111111111111111111111111111111333333333333333333333311111111111111111111111111111133333333333333333333333333333333333311111133333311111111111111111113
11111111111111111111111111111111111111111111111111111111111111111111111111111111111111113333333333333311111111111111111111111111111111111111333333333333333333333311111111111111111111111111111133333333333333333333333333333333333311111111111111111111111111111113
11111111111111111111111111111111111111111111111111111111111111111111113333333333333333333333333333333311111111111111111111111111111111111111111111111111333333333311111111111111111111111111111111111111333333331111111133333333331111111111111111111111111111111113
11111111111111111111111111111111111111111111111111111111111111111111113333333333333333333333333333333311111111111111111111111111111111111111111111111111333333333311111111111111111111111111111111111111333333331111111133333333331111111111111111111111111111111113
11111111111111111111111111111111111111111111111111111111111111333333333333333333333333333333333333333311111111111111111111111111111111111111111111111111333333333311111111111111111111111111111111111111333333331111111111113331111111111111111111111111111111111113
11111111111111111111111111111111111111111111111111111111111111333333333333333333333333333333333333333311111111111111111111111111111111111111111111111111333333333311111111111111111111111111111111111111333333331111111111113331111111111111111111111111111111111113
11111111111111111111111111111111111111111111111111111111111111333333333333333333333333333333333333331111111111111111111111111111111111111111111111111111133333111111111111111111111111111111111111111111333333111111111111113331111111111111111111111111111111111113
11111111111111111111111111111111111111111111111111111111111111333333333333333333333333333333333333331111111111111111111111111111111111111111111111111111113333111111111111111111111111111111111111111111333333111111111111113331111111111111111111111111111111111113
11111111111111111111111111111111111111111111111111111111111111333333333333333333333333333333331111111111111111111111111111111111111111111111111111111111111333111111111111111111111111111111111111111111333333111111111111113331111111111111111111111111111111111113
11111111111111111111111111111111111111111111111111111111111111333333333333333333333333333333331111111111111111111111111111111111111111111111111111111111111333111111111111111111111111111111111111111111333333111111111111113331111111111111111111111111111111111113
11111111111111111111111111111111111111111111111111111111111111333333333333111111113333333333331111111111111111111111111111111111111111111111111111111111111333111111111111111111111111111111111111111111333333111111111111113331111111111111111111111111111111111113
11111111111111111111111111111111111111111111111111111111111111333333333333111111113333333333331111111111111111111111111111111111111111111111111111111111111331111111111111111111111111111111111111111111333333111111111111113331111111111111111111111111111111111113
11111111111111111111111111111111111111111111111111111111111111333333333311111111111133333333111111111111111111111111111111111111111111111111111111111111111331111111111111111111111111111111111111333333333333111111111111113331111111111111111111111111111111111113
11111111111111111111111111111111111111111111111111111111111111333333333311111111111133333333111111111111111111111111111111111111111111111111111111111111111331111111111111111111111111111111111111333333333333111111111111113331111111111111111111111111111111111113
11111111111111111111111111111111111111111111111111111111111111333333333311111111111111111111111111111111111111111111111111111111111111111111111111111111111331111111111111111111111111111111111111333333333333111111111111113331111111111111111111111111111111111113
11111111111111111111111111111111111111111111111111111111111111333333333311111111111111111111111111111111111111111111111111111111111111111111111111111111111331111111111111111111111111111111111111333333333333111111111111113331111111111111111111111111111111111113
11111111111111111111111111111111111111111111111111111133333333333333333311111111111111111111111111111111111111111111111111111111111111111111111111111111111331111111111111111111111111111111333333333311111111111111111111113331111111111111111111111111111111111113
11111111111111111111111111111111111111111111111111111133333333333333333311111111111111111111111111111111111111111111111111111111111111111111111111111111111331111111111111111111111111111111333333333311111111111111111111113331111111111111111111111111111111111113
11111111111111111111111111111111111111111111111111111133333333333333333331111111111111111111111111111111111111111111111111111111111111111111111111111111111333111111111111111111111111111111333333333311111111111111111111113331111111111111111111111111111111111113
11111111111111111111111111111111111111111111111111111133333333333333335555111111111111111111111111111111111111111111111111111111111111111111111111111111111333111111111111111111111111111111333333333311111111111111111111113331111111111111111111111111111111111113
11111111111111111111111111111111111111111111111111111133333333333333333355111111111111111111111111111111111111111111111111111111111111111111111111111111113333311111111111111111111111111111333333333311111111111111111111113331111111111111111111111111111111111113
11111111111111111111111111111111111111111111111111111133333333333333333333111111111111111111111111111111111111111111111111111111111111111111111111111111113333311111111111111111111111111111333333333311111111111111111111113331111111111111111111111111111111111113
11111111111111111111111111111111111111111111111111111133333333333333333333331111111111111111111111111111111111111111111111111111111111111111111111113333333333331111111133333333333333333333333311111111111111111111111111113331111111111111111111111111111111111113
11111111111111111111111111111111111111111111111111111133333333333333333333331111111111111111111111111111111111111111111111111111111111111111111111113333333333331111111133333333333333333333333311111111111111111111111111113331111111111111111111111111111111111113
11111111111111111111111111111111111111111111111111111133333333333333333333333333111111333333111111111111111111111111111111111111111111111111111111113333333333331111111133333333333333333333333311111111111111111111111111113331111111111111111111111111111111111113
11111111111111111111111111111111111111111111111111111133333333333333333333333333111111333333111111111111111111111111111111111111111111111111111111113333333333331111111133333333333333333333333311111111111111111111111111113331111111111111111111111111111111111113
11111111111111111111111111111111111111111111111111111133333333333333333333333333333333333333111111111111111111111111111111111111111111111111333333333333333333333333333333333333333333111111111111111111111111111111111111113331111111111111111111111111111111111113
11111111111111111111111111111111111111111111111111111133333333333333333333333333333333333333111111111111111111111111111111111111111111111111333333333333333333333333333333333333333333111111111111111111111111111111111111113331111111111111111111111111111111111113
11111111111111111111111111111111111111111111111111111133333333333333111111111111333333333333111111111111111111111111111111111111111111111111333333333333333333333333333333331111111111111111111111111111111111111111111111113331111111111111111111111111111111111113
11111111111111111111111111111111111111111111111111111133333333333333111111111111333333333333111111111111111111111111111111111111111111111111333333333333333333333333333333331111111111111111111111111111111111111111111111113331111111111111111111111111111111111113
11111111111111111111111111111111111111111111111111113333333333331111111111111111111111333333333331111111111111111111111111111111111111111111333333333311111111333333333333331111111111111111111111111111111111111111111111113331111111111111111111111111111111111113
11111111111111111111111111111111111111111111111111113333333333331111111111111111111111333333333333111111111111111111111111111111111111111111333333333311111111333333333333331111111111111111111111111111111111111111111111113331111111111111111111111111111111111113
11111111111111111111111111111111111111111111111111113333333333331111111111111111111111333333333333111111111111111111111111111111111133333333331111111111111111333333333333331111111111111111111111111111111111111111111111113331111111111111111111111111111111111113
11111111111111111111111111111111111111111111111111113333333333331111111111111111111111333333333333111111111111111111111111111111111133333333331111111111111111333333333333331111111111111111111111111111111111111111111111113331111111111111111111111111111111111113
11111111111111111111111111111111111111111111111111113333333333331111111111111111111111111111113333333333331111111111111111111111111133333333331111111111111111333333333333331111111111111111111111111111111111111111111111113331111111111111111111111111111111111113
11111111111111111111111111111111111111111111111111113333333333331111111111111111111111111111113333333333331111111111111111111111111133333333331111111111111111333333333333331111111111111111111111111111111111111111111111113331111111111111111111111111111111111113
11111111111111111111111111111111111111111111111111113333333333331111111111111111111111111111111111111111333333333333333333333333333333333333111111111111111111333333333311111111111111111111111111111111111111111111111111113331111111111111111111111111111111111113
11111111111111111111111111111111111111111111111111113333333333331111111111111111111111111111111111111111333333333333333333333333333333333333111111111111111111333333333311111111111111111111111111111111111111111111111111113331111111111111111111111111111111111113
11111111111111111111111111111111111111111111111111113333333333333333111111111111111111111111111111111111111111111133333333333333331111111111111111111111111111333333333311111111111111111111111111111111111111111111111111113331111111111111111111111111111111111113
11111111111111111111111111111111111111111111111111113333333333333333111111111111111111111111111111111111111111111133333333333333331111111111111111111111111111333333333311111111111111111111111111111111111111111111111111113331111111111111111111111111111111111113
11111111111111111111111111111111111111111111111111113333333333333333111111111111111111111111111111111111111111111133331111111111111111111111111111111111111111333333333311111111111111111111111111111111111111111111111111113331111111111111111111111111111111111113
11111111111111111111111111111111111111111111111111113333333333333333111111111111111111111111111111111111111111111133331111111111111111111111111111111111111111333333333311111111111111111111111111111111111111111111111111113331111111111111111111111111111111111113
11111111111111111111111111111111111111111111111111111111333333333333331111111111111111111111111111111111111111333333331111111111111111111111111111111111111111333333333311111111111111111111111111111111111111111111111111113331111111111111111111111111111111111113
11111111111111111111111111111111111111111111111111111111333333333333331111111111111111111111111111111111111111333333331111111111111111111111111111111111111111333333333311111111111111111111111111111111111111111111111111113331111111111111111111111111111111111113
11111111111111111111111111111111111111111111111111111111333311111133331111111111111111111111111111111111111111333333331111111111111111111111111111111111111111111133333311111111111111111111111111111111111111111111111111113331111111111111111111111111111111111113
11111111111111111111111111111111111111111111111111111111333311111133331111111111111111111111111111111111111111333333331111111111111111111111111111111111111111111133333311111111111111111111111111111111111111111111111111113331111111111111111111111111111111111113
11111111111111111111111111111111111111111111111111111111111111111133333333331111111111111111111111111111111111333311111111111111111111111111111111111111111111111133333333333333111111111111111111111111111111111111111111113331111111111111111111111111111111111113
11111111111111111111111111111111111111111111111111111111111111111133333333331111111111111111111111111111111111333311111111111111111111111111111111111111111111111133333333333333111111111111111111111111111111111111111111113331111111111111111111111111111111111113
11111111111111111111111111111111111111111111111111111111111111111111333333333333333333333311111111111111333333331111111111111111111111111111111111111111111111111111113333333333111111111111111111111111111111111111111111113331111111111111111111111111111111111113
11111111111111111111111111111111111111111111111111111111111111111111333333333333333333333311111111111111333333331111111111111111111111111111111111111111111111111111113333333333111111111111111111111111111111111111111111113331111111111111111111111111111111111113
11111111111111111111111111111111111111111111111111111111111111111111111111333333333333333311111111111111333333331111111111111111111111111111111111111111111111111111113333333333111111111111111111111111111111111111111111113331111111111111111111111111111111111113
11111111111111111111111111111111111111111111111111111111111111111111111111333333333333333311111111111111333333331111111111111111111111111111111111111111111111111111113333333333111111111111111111111111111111111111111111113331111111111111111111111111111111111113
11111111111111111111111111111111111111111111111111111111111111111111111111111111333333333333333311111133333333331111111111111111111111111111111111111111111111111111113333333333111111111111111111111111111111111111111111113331111111111111111111111111111111111113
11111111111111111111111111111111111111111111111111111111111111111111111111111111333333333333333311111133333333331111111111111111111111111111111111111111111111111111113333333333111111111111111111111111111111111111111111113331111111111111111111111111111111111113
11111111111111111111111111111111111111111111111111111111111111111111111111111111111111333333333333331133333333331111111111111111111111111111111111111111111111111111113333333333111111111111111111111111111111111111111111113331111111111111111111111111111111111113
11111111111111111111111111111111111111111111111111111111111111111111111111111111111111333333333333333333333333331111111111111111111111111111111111111111111111111111113333333333111111111111111111111111111111111111111111113331111111111111111111111111111111111113
11111111111111111111111111111111111111111111111111111111111111111111111111111111111111111111333333333333333333331111111111111111111111111111111111111111111111111111113333333333111111111111111111111111111111111111111111113331111111111111111111111111111111111113
11111111111111111111111111111111111111111111111111111111111111111111111111111111111111111111333333333333333333331111111111111111111111111111111111111111111111111111113333333333111111111111111111111111111111111111111111113331111111111111111111111111111111111113
11111111111111111111111111111111111111111111111111111111111111111111111111111111111111111111333333333333333333333333111111111111111111111111111111111111111111111111113333333333111111111111111111111111111111111111111111113331111111111111111111111111111111111113
11111111111111111111111111111111111111111111111111111111111111111111111111111111111111111111333333333333333333333333111111111111111111111111111111111111111111111111113333333333111111111111111111111111111111111111111111113331111111111111111111111111111111111113
11111111111133111111111111111111111111111111111111111111111111111111111111111111111111111111333333333333333333333333111111111111111111111111111111111111111111111111111111113333333311111111111111111111111111111111111111113331111111111111111111111111111111111113
11111111111133111111111111111111111111111111111111111111111111111111111111111111111111111111333333333333333333333333111111111111111111111111111111111111111111111111111111113333333311111111111111111111111111111111111111113331111111111111111111111111111111111113
11111111111133111111111111111111111111111111111111111111111111111111111111111111111111111111333333333333333333333333333333111111111111111111111111111111111111111111111111113333333311111111111111111111111111111111111111113331111111111111111111111111111111111113
11111111111133111111111111111111111111111111111111111111111111111111111111111111111111111111333333333333333333333333333333111111111111111111111111111111111111111111111111113333333311111111111111111111111111111111111111113331111111111111111111111111111111111113
11111111111133111111111111111111111111111111113333331111111111111111111111111111111111111133333333333333333333333333333333111111111111111111111111111111111111111111111111113333333311111111111111111111111111111111111111333333331111111111111111111111111111111113
11111111111133111111111111111111111111111111113333331111111111111111111111111111111111111133333333333333333333333333333333111111111111111111111111111111111111111111111111113333333311111111111111111111111111111111111111333333331111111111111111111111111111111113
11111111111133331111111111111111111111111111113333333311111111111111111111111111111111333333331111111111111111111111333333333333111111111111111111111111111111111111111111113333333311111111111111111111111111111111111111333333333311111111111111111111111111111113
11111111111133331111111111111111111111111111113333333311111111111111111111111111111111333333331111111111111111111111333333333333111111111111111111111111111111111111111111113333333311111111111111111111111111111111111111333333333311111111111111111111111111111113
11111111111133333311111111111111111111111111113333333311111111111111111111111111111111333333331111111111111111111111333333333333333311111111111111111111111111111111111111113333333311111111111111111111111111111111111133333333333333111111111111111111111111111113
11111111111133333311111111111111111111111111113333333311111111111111111111111111111111333333331111111111111111111111333333333333333311111111111111111111111111111111111111113333333311111111111111111111111111111111111133333333333333111111111111111111111111111113
11111111111133333333333333111111111111111133333333333333111111111111111111113333333333333333331111111111111111111111111111113333333333333333331111111111111111111111111111113333333311111111111111111111111111111111111133333333333333111111111111111111111111111113
11111111111133333333333333111111111111111133333333333333111111111111111111113333333333333333331111111111111111111111111111113333333333333333331111111111111111111111111111113333333311111111111111111111111111111111111133333333333333111111111111111111111111111113
11111111111133333333333333111111111111113333333311113333333311111111111111113333331111111111111111111111111111111111111111111111111111111133331111111111111111111111111111113333333311111111111111111111111111111111111133333333333333111111111111111111111111111113
11111111111133333333333333111111111111113333333311113333333311111111111111113333331111111111111111111111111111111111111111111111111111111133331111111111111111111111111111113333333311111111111111111111111111111111111133333333333333111111111111111111111111111113
11111111111133333333333333111111111133333333333311111133333311111133333333333333331111111111111111111111111111111111111111111111111111111111333111111111111111111111111111113333333311111111111111111111111111111111111133333333333333111111111111111111111111111113
11111111111133333333333333111111111133333333333311111133333311111133333333333333331111111111111111111111111111111111111111111111111111111111333111111111111111111111111111113333333311111111111111111111111111111111111133333333333333111111111111111111111111111113
11111111111133331111113333111111111133333333333311111133333311111133331111111111111111111111111111111111111111111111111111111111111111111111333311111111111111111111111111113333333311111111111111111111111111111111111133333333333333111111111111111111111111111113
11111111111133331111113333311111111133333333333311111133333311111133331111111111111111111111111111111111111111111111111111111111111111111111333331111111111111111111111111113333333311111111111111111111111111111111111133333333333333111111111111111111111111111113
11111111111133331111113333333333333333333333111111111133333333333333331111111111111111111111111111111111111111111111111111111111111111111111113331111111111111111111111111113333333333111111111111111111111111111111111133333333333333111111111111111111111111111113
11111111111133331111113333333333333333333333111111111133333333333333331111111111111111111111111111111111111111111111111111111111111111111111113331111111111111111111111111113333333333111111111111111111111111111111111133333333333333111111111111111111111111111113
11111111111133331111113333333333333333333333111111111111113333333333331111111111111111111111111111111111111111111111111111111111111111111111113333111111111111111111111111113333333333111111111111111111111111111111111133333333333311111111111111111111111111111113
11111111111133331111113333333333333333333333111111111111113333333333331111111111111111111111111111111111111111111111111111111111111111111111113333111111111111111111111111113333333333111111111111111111111111111111111133333333333311111111111111111111111111111113
11111111111133331111113333333333333333333311111111111111113333333333331111111111111111111111111111111111111111111111111111111111111111111111111133111111111111111111111111113333333333111111111111111111111111111111111133333333333311111111111111111111111111111113
11111111111133331111113333333333333333333311111111111111113333333333331111111111111111111111111111111111111111111111111111111111111111111111111133111111111111111111111111113333333333111111111111111111111111111111111133333333333311111111111111111111111111111113
11111111111133331111113333333333333333331111111111111111111111111111111111111111111111111111111111111111111111111111111111111111111111111111111133111111111111111111111111113333333333111111111111111111111111111111111133333333333311111111111111111111111111111113
11111111111133331111113333333333333333331111111111111111111111111111111111111111111111111111111111111111111111111111111111111111111111111111111133111111111111111111111111113333333333111111111111111111111111111111111133333333333311111111111111111111111111111113
11111111111133331111113333333333333333111111111111111111111111111111111111111111111111111111111111111111111111111111111111111111111111111111111133311111111111111111111111111111333333111111111111111111111111111111111111113333333311111111111111111111111111111113
11111111111133331111113333333333333333111111111111111111111111111111111111111111111111111111111111111111111111111111111111111111111111111111111133311111111111111111111111111111333333111111111111111111111111111111111111113333333311111111111111111111111111111113
11111111111133331111113333333333333311111111111111111111111111111111111111111111111111111111111111111111111111111111111111111111111111111111111133311111111111111111111111111111333333111111111111111111111111111111111111333333333311111111111111111111111111111113
11111111111133331111113333333333333311111111111111111111111111111111111111111111111111111111111111111111111111111111111111111111111111111111111133311111111111111111111111111111333333111111111111111111111111111111111111333333333311111111111111111111111111111113
11111111111133331111113333333333333311111111111111111111111111111111111111111111111111111111111111111111111111111111111111111111111111111111111133311111111111111111111111111111113333111111111111111111111111111111111111333333333311111111111111111111111111111113
11111111111133331111113333333333333311111111111111111111111111111111111111111111111111111111111111111111111111111111111111111111111111111111111133311111111111111111111111111111113333111111111111111111111111111111111111333333333311111111111111111111111111111113
11111111111133331111113333333333111111111111111111111111111111111111111111111111111111111111111111111111111111111111111111111111111111111111111133311111111111111111111111111111111133331111111111111111111111111111111111333333333311111111111111111111111111111113
11111111111133331111113333333333111111111111111111111111111111111111111111111111111111111111111111111111111111111111111111111111111111111111111133311111111111111111111111111111111133331111111111111111111111111111111111333333333311111111111111111111111111111113
11111111111133331111111133333333111111111111111111111111111111111111111111111111111111111111111111111111111111111111111111111111111111111111111133311111111111111111111111111111111133333333331111111111111111111111111111333333333311111111111111111111111111111113
11111111111133331111111133333333111111111111111111111111111111111111111111111111111111111111111111111111111111111111111111111111111111111111111133311111111111111111111111111111111133333333331111111111111111111111111111333333333311111111111111111111111111111113
11111111111133331111111133333333111111111111111111111111111111111111111111111111111111111111111111111111111111111133333333333333111111111111111133311111111111111111111111111111111133333333333333331111111111111111111111333333333311111111111111111111111111111113
11111111111133331111111133333333111111111111111111111111111111111111111111111111111111111111111111111111111111111133333333333333111111111111111133311111111111111111111111111111111133333333333333331111111111111111111111333333333311111111111111111111111111111113
11111111111133331111111133333333111111111111111111111111111111111111111111111111111111111111111111111111113333333333333333333333331111111111111133311111111111111111111111111111111133333333333333331111111111111111111111333333333311111111111111111111111111111113
11111111111133331111111133333333111111111111111111111111111111111111111111111111111111111111111111111111113333333333333333333333331111111111111133311111111111111111111111111111111133333333333333331111111111111111111111333333333311111111111111111111111111111113
11111111111133331111111133333333111111111111111111111111111111111111111111111111111111111111111133333333333333333333333333333333333311111111113333333311111111111111111111111111111133333333333333333333111111111111111111333333333311111111111111111111111111111113
11111111111133331111111133333333111111111111111111111111111111111111111111111111111111111111111133333333333333333333333333333333333311111111113333333311111111111111111111111111111133333333333333333333111111111111111111333333333311111111111111111111111111111113
11111111111133331111111133333333111111111111111111111111111111111111111111111111113333111111111133333333333333331111111133333333333311111111113333333311111111111111111111111111111133333333333313333333331111111111111111333333333311111111111111111111111111111113
11111111111133331111111133333333111111111111111111111111111111111111111111111111113333111111111133333333333333331111111133333333333311111111113333333311111111111111111111111111111133333333333311333333331111111111111111333333333311111111111111111111111111111113
11111111111133331111111133333333111111111111111111111111111111111111111111111111113333333333333333333333333333331111111133333333331111111111113333333311111111111111111111111111111133333333333311333333333333331111111111333333331111111111111111111111111111111113
11111111111133331111111133333333111111111111111111111111111111111111111111111111113333333333333333333333333333331111111133333333331111111111113333333311111111111111111111111111111133333333333311333333333333331111111111333333331111111111111111111111111111111113
11111111111133331111111133333333333333331111111111111111111111111111111111111111113333333333333333333311111111111111111111333333111111111133333333333311111111111111111111111111111111333333333311111111113333331111111111333333331111111111111111111111111111111113
11111111111133331111111133333333333333331111111111111111111111111111111111111111113333333333333333333311111111111111111111133331111111111133333333333311111111111111111111111111111111333333333311111111113333331111111111333333331111111111111111111111111111111113
11111111111133331111111133333333333333333333333311111111111133333333333333111111333333111111111111111111111111111111111111133331111111111133333333333311111111111111111111111111111111111111133333333333113333333311111111333311111111111111111111111111111111111113
11111111111133331111111133333333333333333333333311111111111133333333333333111111333333111111111111111111111111111111111111113311111111111133333333333311111111111111111111111111111111111111113333333333113333333311111111333311111111111111111111111111111111111113
11111111111133331111113333333333333333333333333333333333333333333333333333333333333311111111111111111111111111111111111111113311111111111111113333331111111111111111111111111111111111111111111333333333111111333311111111333311111111111111111111111111111111111113
11111111111133331111113333333333333333333333333333333333333333333333333333333333333311111111111111111111111111111111111111113311111111111111111333311111111111111111111111111111111111111111111133333333111111333311111111333311111111111111111111111111111111111113
11111111111133331111113333333333333333333333333333333333333333333333333333333333333311111111111111111111111111111111111111113311111111111111111333311111111111111111111111111111111111111111111133333333333311333333333333333311111111111111111111111111111111111113
11111111111133331111113333333333333333333333333333333333333333333333333333333333333311111111111111111111111111111111111111113311111111111111111333311111111111111111111111111111111111111111111133333333333311333333333333333311111111111111111111111111111111111113
11111111111133331111113333333333331111113333333333333333333333333333333333333333333311111111111111111111111111111111111111113311111111111111111133111111111111111111111111111111111111111111111111111111333311333333333333333311111111111111111111111111111111111113
11111111111133331111113333333333331111113333333333333333333333333333333333333333333311111111111111111111111111111111111111113311111111111111111133111111111111111111111111111111111111111111111111111111333311333333333333333311111111111111111111111111111111111113
11111111111133331111111111113333331111111111111111333333333333333311111111111111111111111111111111111111111111111111111111113311111111111111111133111111111111111111111111111111111111111111111111111111333311113333333333333311111111111111111111111111111111111113
11111111111133331111111111113333331111111111111111333333333333333311111111111111111111111111111111111111111111111111111111113311111111111111111133111111111111111111111111111111111111111111111111111111333311113333333333333311111111111111111111111111111111111113
11111111111133331111111111113333331111111111111111333333333333333311111111111111111111111111111111111111111111111111111111113311111111111111111133111111111111111111111111111111111111111111111111111111333311113333333333333311111111111111111111111111111111111113
11111111111133331111111111113333331111111111111111333333333333333311111111111111111111111111111111111111111111111111111111113311111111111111111133111111111111111111111111111111111111111111111111111111333311113333333333333311111111111111111111111111111111111113
11111111111133331111111133333333331111111111111111333333333333331111111111111111111111111111111111111111111111111111111111113311111111111111111133111111111111111111111111111111111111111111111111111111333311113333331133333333111111111111111111111111111111111113
11111111111133331111111133333333331111111111111111333333333333331111111111111111111111111111111111111111111111111111111111113311111111111111111133111111111111111111111111111111111111111111111111111111333311113333331133333333111111111111111111111111111111111113
11111111111133333311113333333333331111111111111111333333333333331111111111111111111111111111111111111111111111111111111111113311111111111111111333311111111111111111111111111111111111111111111111111111333311113333331133333311111111111111111111111111111111111113
11111111111133333311113333333333331111111111111111333333333333331111111111111111111111111111111111111111111111111111111111113311111111111111111333311111111111111111111111111111111111111111111111111111333333333333331133333311111111111111111111111111111111111113
11111111111133333311113333333311111111111111111111111111113333331111111111111111111111111111111111111111111111111111111111113311111111111111111333311111111111111111111111111111111111111111111111111133333333333333331133333311111111111111111111111111111111111113
11111111111133333311113333333311111111111111111111111111113333331111111111111111111111111111111111111111111111111111111111113311111111111111113333331111111111111111111111111111111111111111111111111133333333333333331133333311111111111111111111111111111111111113
11111111111133333311113333333311111111111111111111111111113333331111111111111111111111111111111111111111111111111111111111113311111111111111133333333311111111111111111111111111111111111111111111111133333333333333331133333311111111111111111111111111111111111113
11111111111133333311113333333311111111111111111111111111113333333311111111111111111111111111111111111111111111111111111111113311111111111111133333333311111111111111111111111111111111111111111111111133333333333333331133333311111111111111111111111111111111111113
11111111111133333311333333111111111111111111111111111111113333333311111111111111111111111111111111111111111111111111111111113311111111111133333333333311111111111111111111111111111111111111111111111133331111111111111133333311111111111111111111111111111111111113
11111111111133333311333333111111111111111111111111111111113333333311111111111111111111111111111111111111111111111111111111113311111111111133333333333311111111111111111111111111111111111111111111111133331111111111111133333311111111111111111111111111111111111113
11111111111133333311333333111111111111111111111111111111113333333311111111111111111111111111111111111111111111111111111111113311111111111111333333333333333333311111111111111111111111111111111111111133331111111111111133333311111111111111111111111111111111111113
11111111111133333311333333111111111111111111111111111111113333333311111111111111111111111111111111111111111111111111111111113311111111111111333333333333333333331111111111111111111111111111111111111133331111111111111113333311111111111111111111111111111111111113
11111111111133333333333333111111111111111111111111111111113333333333111111111111111111111111111111111111111111111111111111113311111111111111333333333333333333333311111111111111111111111111111111333333331111333333333113333311111111111111111111111111111111111113
11111111111133333333333333111111111111111111111111111111113333333333111111111111111111111111111111111111111111111111111111133331111111111111333333333333333333333311111111111111111111111111111111333333331111333333333333333311111111111111111111111111111111111113
11111111111133333333333333111111111111111111111111111111113333333333111111111111111111111111111111111111111111111111111111133331111111111111333333333311111111333311111111111111111111111111111111333333331111333333333333333311111111111111111111111111111111111113
11111111111133333333333333111111111111111111111111111111113333333333111111111111111111111111111111111111111111111111111111133331111111111111333333333311111111333311111111111111111111111111111111333333331111333333333333333311111111111111111111111111111111111113
11111111111133333333333333333311111111111111111111111111113333333333111111111111111111111111111111111111111111111111111133333333331111111111335553333311111111333333111111111111111111111111111111333333331111333333333333333333111111111111111111111111111111111113
11111111111133333333333333333311111111111111111111111111113333333333111111111111111111111111111111111111111111111111111133333333331111111111335553333311111111333333111111111111111111111111111111333333331111333333333333333333111111111111111111111111111111111113
11111111111133333333333333333311111111111111111111111111113333333333111111111111111111111111111111111111111111111111111133333333331111111111111111111111111111111133333311111111111111111111111111333333111111333333333333333333333311111111111111111111111111111113
11111111111133333333333333333311111111111111111111111111113333333333111111111111111111111111111111111111111111111111111133333333331111111111111111111111111111111133333311111111111111111111111111333333111111335533333333333333333311111111111111111111111111111113
11111111111133333333333333333311111111111111111111111111113333333333111111111111111111111111111111111111111111111111111133333333331111111111111111111111111111111133333311111111111111111111111133333333111111335533333333333333333311111111111111111111111111111113
11111111111133333333333333333311111111111111111111111111113333333333111111111111111111111111111111111111111111111111111133333333331111111111111111111111111111111133333311111111111111111111111133333333111111335533333333333333333311111111111111111111111111111113
11111111111111111111111133333311111111111111111111111111113333333333111111111111111111111111111111111111111111113333113333333333331111111111111111111111111111111133333311111111111111111111111133333333111111111111333333333333333311111111111111111111111111111113
11111111111111111111111133333311111111111111111111111111113333333333111111111111111111111111111111111111111111113333111133333333331111111111111111111111111111111133333311111111111111111111111133333333111111111111333333333333333311111111111111111111111111111113
11111111111111111111111133333333111111111111111111111111113333333333111111111111111111111111111111111111111111113333331133333333333333333311111111111111111111111133333311111111111111111111111133333333111111111111333333333333333311111111111111111111111111111113
11111111111111111111111133333333111111111111111111111111113333333333111111111111111111111111111111111111111111113333333333333333333333333311111111111111111111111133333333111111111111111111133333333333111111111111333333333333333311111111111111111111111111111113
11111111111111111111111133333333111111111111111111111111113333333333111111111111111111111111111111111111111111113333333333333333333333333311111111111111111111111133333333333333333333333333333333333311111111111111113333333333333311111111111111111111111111111113
11111111111111111111111133333333111111111111111111111111113333333333111111111111111111111111111111111111111111113333333333333333333333333311111111111111111111111133333333333333333333333333333333333311111111111111113333333333333311111111111111111111111111111113
11111111111111111111113333333333111111111111111111111111113333333333111111111111111111111111111111111111111111113333333333333333333333333311111111111111111111111111333333111111111111111111133333333311111111111111111133333333333311111111111111111111111111111113
11111111111111111111113333333333111111111111111111111111113333333311111111111111111111111111111111111111111111113333333333333333333333333311111111111111111111111111333311111111111111111111111133333311111111111111111133333333333311111111111111111111111111111113
11111111111111111111113333333333111111111111111111111111113333333311111111111111111111111111111111111111111111111133333311333333335553333311111111111111111111111111333333111111111111111111111133333311111111111111111133333333333311111111111111111111111111111113
11111111111111111111113333333333111111111111111111111111113333333333111111111111111111111111111111111111111111111133333311333333335553333311111111111111111111111111333333111111111111111111111133333311111111111111111133333333333311111111111111111111111111111113
11111111111111111111113333333333333333113331131111111111113333333333111111111111111111111111111111111111111111111133333331333333331333333311111111111111111111111111111111111111111111111111111133333311111111111111111133333333333311111111111111111111111111111113
11111111111111111111113333333333333333113333331111111111113333333333111111111111111111111111111111111111111111111133333331333333331333333311111111111111111111111111111111111111111111111111111133333311111111111111111133333333333311111111111111111111111111111113
11111111111111111111113333333333333333333333333333331111113333333311111111111111111111111111111111111111111111111111111111333333331111111111111111111111111111111111111111111111111111111111111133333311111111111111111111113333333333331111111111111111111111111113
11111111111111111111113333333333333333333333333333331111113333333311111111111111111111111111111111111111111111111111111111333333331111111111111111111111111111111111111111111111111111111111111111333311111111111111111111113333333333331111111111111111111111111113
11111111111111111111113333333333333333333333333333331111113333333311111111111111111111111111111111111111111111111111111111111111111111111111111111111111111111111111111111111111111111111111111111333311111111111111111111113333333333331111111111111111111111111113
11111111111111111111113333333333333333333333333333331111113333333311111111111111111111111111111111111111111111111111111111111111111111111111111111111111111111111111111111111111111111111111111111333311111111111111111111113333333333333311111111111111111111111113
11111111111111111111113333333333333311111133333333331111113333333311111111111111111111111111111111111111111111111111111111111111111111111111111111111111111111111111111111111111111111111111111111333311111111111111111111113333333333333311111111111111111111111113
11111111111111111111113333333333333311111133333333331111113333333311111111111111111111111111111111111111111111111111111111111111111111111111111111111111111111111111111111111111111111111111111111333311111111111111111111113333333333333311111111111111111111111113
11111111111111111111113333333333333311333333333333331111113333333311111111111111111111111111111111111111111111111111111111111111111111111111111111111111111111111111111111111111111111111111111111333333311111111111111111113333333333333333111111111111111111111113
11111111111111111111113333333333333311333333333333331111113333333311111111111111111111111111111111111111111111111111111111111111111111111111111111111111111111111111111111111111111111111111111111333333311111111111111111113333333333333333111111111111111111111113
11111111111111111111333333333333333311333333333333331111113333333311111111111111111111111111111111111111111111111111111111111111111111111111111111111111111111111111111111111111111111111111111111333333311111111111111111113333333333333333331111111111111111111113
11111111111111111111333333333333333311113333333333331111113333333311111111111111111111111111111111111111111111111111111111111111111111111111111111111111111111111111111111111111111111111111111111333333311111111111111111113333333333333333331111111111111111111113
11111111111111111111333333333333333311113333333333331111113333333311111111111111111111111111111111111111111111111111111111111111111111111111111111111111111111111111111111111111111111111111111111333333331111111111111111111111333333333333333333331111111111111113
11111111111111111111333333333333333311333333333333331111113333333311111111111111111111111111111111111111111111111111111111111111111111111111111111111111111111111111111111111111111111111111111111333333331111111111111111111111111333333333333333331111111111111113
11111111111111111111333333331111111111333333333333331111113333333311111111111111111111111111111111111111111111111111111111111111111111111111111111111111111111111111111111111111111111111111333333333333331111111111111111111111111133333333333333331111111111111113
11111111111111111111333333331111111111333333333333331111113333333311111111111111111111111111111111111111111111111111111111111111111111111111111111111111111111111111111111111111111111111111333333333333311111111111111111111111111113333333333333331111111111111113
11111111111111111133333333333333333333333333333333331111113333333311111111111111111111111111111111111111111111111111111111111111111111111111111111111111111111111111111111111111111111111111333333333333111111111111111111111111111111133333333333331111111111111113
11111111111111111133333333333333333333333333333333331111113333333311111111111111111111111111111111111111111111111111111111111111111111111111111111111111111111111111111111111111111111111111333333333331111111111111111111111111111111113333333333331111111111111113
11111111111111111133333333333333333333333333333333111111113333333311111111111111111111111111111111111111111111111111111111111111111111111111111111111111111111111111111111111111111111111111333333331111111111111111111111111111111111111111111111111111111111111113
11111111111111111133333333333333333333333333333333111111113333333311111111111111111111111111111111111111111111111111111111111111111111111111111111111111111111111111111111111111111111111111333333111111111111111111111111111111111111111111111111111111111111111113
11111111111111111133333333333333333333333333333333111133333333333311111111111111111111111111111111111111111111111111111111111111111111111111111111111111111111111111111111111111111111111111333333111111111111111111111111111111111111111111111111111111111111111113
11111111111111111133333333333333333333333333333333111133333333333311111111111111111111111111111111111111111111111111111111111111111111111111111111111111111111111111111111111111111111111111333333111111111111111111111111111111111111111111111111111111111111111113
11111111111111111133333333333333333333333333333333111133333333333311111111111111111111111111111111111111111111111111111111111111111111111111111111111111111111111111111111111111111111111111333333111111111111111111111111111111111111111111111111111111111111111113
11111111111111111133333333333333333333333333333333111133333333333311111111111111111111111111111111111111111111111111111111111111111111111111111111111111111111111111111111111111111111111111333333111111111111111111111111111111111111111111111111111111111111111113
11111111111111111133331111111111115553333333333333111133333333333311111111111111111111111111111111111111111111111111111111111111111111111111111111111111111111111111111111111111111111111111333333111111111111111111111111111111111111111111111111111111111111111113
11111111111111111133331111111111115553333333333333111133333333333311111111111111111111111111111111111111111111111111111111111111111111111111111111111111111111111111111111111111111111111111333333111111111111111111111111111111111111111111111111111111111111111113
11111111111111111133331111111111113333333333331111111133333333333333111111111111111111111111111111111111111111111111111111111111111111111111111111111111111111111111111111111111111111111111333333111111111111111111111111111111111111111111111111111111111111111113
11111111111111111133331111111111113333333333331111111133333333333333111111111111111111111111111111111111111111111111111111111111111111111111111111111111111111111111111111111111111111111111333333111111111111111111111111111111111111111111111111111111111111111113
11111111111111111133331111111111113333333333331111111133333333333333111111111111111111111111111111111111111111111111111111111111111111111111111111111111111111111111111111111111111111111111333333331111111111111111111111111111111111111111111111111111111111111113
11111111111111111133331111111111113333333333331111111133333333333333111111111111111111111111111111111111111111111111111111111111111111111111111111111111111111111111111111111111111111111111333333331111111111111111111111111111111111111111111111111111111111111113
11111111111111111133331111111111113333333333333333333333333333333333333311111111111111111111111111111111111111111111111111111111111111111111111111111111333333331111111111111111111111111111333333311111111111111111111111111111111111111111111111111111111111111113
11111111111111111133331111111111113333333333333333333333333333333333333311111111111111111111111111111111111111111111111111111111111111111111111111111111333333331111111111111111111111111111133333311111111111111111111111111111111111111111111111111111111111111113
11111111111111111133331111111111111333333333333333333333333333333333333311111111111111111111111111111111111111111111111111111111111111111111111111113333333333333333331111111111111111111111113333111111111111111111111111111111111111111111111111111111111111111113
11111111111111111133331111111111111133333333333333333333333333333333333311111111111111111111111111111111111111111111111111111111111111111111111111113333333333333333331111111111111111111111113333111111111111111111111111111111111111111111111111111111111111111113
11111111111111111133331111111111111133333333333333333333333333333333333311111111111111111111111111111111111111111111111111111111111111111133333333333333333333333333311111111111111111111111113333111111111111111111111111111111111111111111111111111111111111111113
11111111111111111133331111111111111113333333333333333333333333333333333311111111111111111111111111111111111111111111111111111111111111111133333333333333333333333333311111111111111111111111111331111111111111111111111111111111111111111111111111111111111111111113
11111111111111111133333333111111111111333333333333333333333333333333333311111111111111111111111111111111111111111111111111111111111111333333333333333333111111113333311111111111111111111111111331111111111111111111111111111111111111111111111111111111111111111113
11111111111111111133333333111111111111333333333333333333333333333333333311111111111111111111111111111111111111111111111111111111111111333333333333333333111111113333331111111111111111111111111331111111111111111111111111111111111111111111111111111111111111111113
11111111111111111133333333111111111111113333111111111111113333333333333333333311111111111111111111111111111111111111111111111111113333333333333333333333111111113333331111111111111111111111111331111111111111111111111111111111111111111111111111111111111111111113
11111111111111111133333333111111111111113333111111111111113333333333333333333311111111111111111111111111111111111111111111111111113333333333333333333333111111113333331111111111111111111111111331111111111111111111111111111111111111111111111111111111111111111113
11111111111111111133333333111111111111111133111111111111113333333333333333333311111111111111111111111111111111111111111111111111333333333333333333111111111111113333331111111111111111111111111331111111111111111111111111111111111111111111111111111111111111111113
11111111111111111133333333111111111111111133111111111111113333333333333333333311111111111111111111111111111111111111111111111111333333333333333333111111111111113333331111111111111111111111111331111111111111111111111111111111111111111111111111111111111111111113
11111111111111111133333333331111111111111111111111111111113333333333333333333311111111111111111111111111111111111111111111111133333333333333333333111111111111113333333311111111111111111111111331111111111111111111111111111111111111111111111111111111111111111113
11111111111111111133333333331111111111111111111111111111113333333333333333333311111111111111111111111111111111111111111111111133333333333333333333111111111111113333333311111111111111111111113333111111111111111111111111111111111111111111111111111111111111111113
11111111111111111133333333333333111111111111111111111111113333333333333333333311111111111111113333333333331111111111111111111133333311111111111111111111111111111111333311111111111111111111113333111111111111111111111111111111111111111111111111111111111111111113
11111111111111111133333333333333111111111111111111111111113333333333333333333311111111111111113333333333331111111111111111111133333311111111111111111111111111111111333311111111111111111111113333111111111111111111111111111111111111111111111111111111111111111113
11111111111111111111113333333333331111111111111111113333333311333333333333333311333333333333333333333333333311111111111111111133331111111111111111111111111111111111333333331111111111111111133333311111111111111111111111111111111111111111111111111111111111111113
11111111111111111111113333333333331111111111111111113333333311333333333333333311333333333333333333333333333311111111111111111133331111111111111111111111111111111111333333331111111111111111133333311111111111111111111111111111111111111111111111111111111111111113
11111111111111111111113333333333333333331111111111113333333311333333333333333311333333333333333333333333333333111111111111333333331111111111111111111111111111111111333333333311111111111111333333333111111111111111111111111111111111111111111111111111111111111113
11111111111111111111113333333333333333331111111111113333333311333333333333333311333333333333333333333333333333111111111111333333331111111111111111111111111111111111333333333311111111111111333333333111111111111111111111111111111111111111111111111111111111111113
11111111111111111111111111113333333333333311111111113333333311333333333333333333333333333333333333333333333333111111113333333333331111111111111111111111111111111111113333333333333333333333333333333111111111111111111111111111111111111111111111111111111111111113
11111111111111111111111111113333333333333311111111113333333311333333333333333333333333333333333333333333333333111111113333333333331111111111111111111111111111111111113333333333333333333333333333333111111111111111111111111111111111111111111111111111111111111113
11111111111111111111111111113333333333333333333333333333333311113333333333333333333333333333333333333333333333333333333333333333333311111111111111111111111111111111113333333333333333333333111111111111111111111111111111111111111111111111111111111111111111111113
11111111111111111111111111113333333333333333333333333333333311113333333333333333333333333333311333333333333333333333333333333333333311111111111111111111111111111111113333333333333333333333111111111111111111111111111111111111111111111111111111111111111111111113
11111111111111111111111111111111111133333333333333333333333311111133333333333333333311111111111111111111333333333333333333333333333311111111111111111111111111111111113333333333333333331111111111111111111111111111111111111111111111111111111111111111111111111113
11111111111111111111111111111111111133333333333333333333333311111133333333333333333311111111111111111111333333333333333333333333333311111111111111111111111111111111113333333333333333331111111111111111111111111111111111111111111111111111111111111111111111111113
11111111111111111111111111111111111133333333333333333333333311111111333333333333331111111111111111111111111111333333333333333333333311111111111111111111111111111111111111111111111111111111111111111111111111111111111111111111111111111111111111111111111111111113
11111111111111111111111111111111111133333333333333333333333311111111333333333333331111111111111111111111111111333333333333333333333311111111111111111111111111111111111111111111111111111111111111111111111111111111111111111111111111111111111111111111111111111113
11111111111111111111111111111111111111111111111111111111111111111111111111111111111111111111111111111111111111111111111111111111111111111111111111111111111111111111111111111111111111111111111111111111111111111111111111111111111111111111111111111111111111111113
11111111111111111111111111111111111111111111111111111111111111111111111111111111111111111111111111111111111111111111111111111111111111111111111111111111111111111111111111111111111111111111111111111111111111111111111111111111111111111111111111111111111111111113
11111111111111111111111111111111111111111111111111111111111111111111111111111111111111111111111111111111111111111111111111111111111111111111111111111111111111111111111111111111111111111111111111111111111111111111111111111111111111111111111111111111111111111113
11111111111111111111111111111111111111111111111111111111111111111111111111111111111111111111111111111111111111111111111111111111111111111111111111111111111111111111111111111111111111111111111111111111111111111111111111111111111111111111111111111111111111111113
11111111111111111111111111111111111111111111111111111111111111111111111111111111111111111111111111111111111111111111111111111111111111111111111111111111111111111111111111111111111111111111111111111111111111111111111111111111111111111111111111111111111111111113
11111111111111111111111111111111111111111111111111111111111111111111111111111111111111111111111111111111111111111111111111111111111111111111111111111111111111111111111111111111111111111111111111111111111111111111111111111111111111111111111111111111111111111113
11111111111111111111111111111111111111111111111111111111111111111111111111111111111111111111111111111111111111111111111111111111111111111111111111111111111111111111111111111111111111111111111111111111111111111111111111111111111111111111111111111111111111111113
11111111111111111111111111111111111111111111111111111111111111111111111111111111111111111111111111111111111111111111111111111111111111111111111111111111111111111111111111111111111111111111111111111111111111111111111111111111111111111111111111111111111111111113
11111111111111111111111111111111111111111111111111111111111111111111111111111111111111111111111111111111111111111111111111111111111111111111111111111111111111111111111111111111111111111111111111111111111111111111111111111111111111111111111111111111111111111113
11111111111111111111111111111111111111111111111111111111111111111111111111111111111111111111111111111111111111111111111111111111111111111111111111111111111111111111111111111111111111111111111111111111111111111111111111111111111111111111111111111111111111111113
11111111111111111111111111111111111111111111111111111111111111111111111111111111111111111111111111111111111111111111111111111111111111111111111111111111111111111111111111111111111111111111111111111111111111111111111111111111111111111111111111111111111111111113
11111111111111111111111111111111111111111111111111111111111111111111111111111111111111111111111111111111111111111111111111111111111111111111111111111111111111111111111111111111111111111111111111111111111111111111111111111111111111111111111111111111111111111113
