000000000000000000000000000000000000000000000000000000000000000000000000000000000000000000000000000000000000000000000000000000000000000000000000000000000000000000000000000000000000000000000000000000000000
111111111111111111111111111111111111111111111111111111111111111111111111111111111111111111111111111111111111111111111111111111111111111111111111111111111111111111111111111111111111111111111111111111111110
111111111111111111111111111111111111111111111111111111111111111111111111111111111111111111111111111111111111111111111111111111111111111111111111111111111111111111111111111111111111111111111111111111111110
111111111111111111111111111111111111111111111111111111111111111111111111111111111111111111111111111111111111111111111111111111111111111111111111111111111111111111111111111111111111111111111111111111111110
111100000000000000000000000000000000000000001111000000000000000000000011111111111111111111111111111111111111111111111111111111111111110000000000000000000000111100000000000000000000000000000000000000001110
111100000000000000000000000000000000000000001111000000000000000000000011111111111111111111111111111111111111111111111111111111111111110000000000000000000000111100000000000000000000100000000000000000001110
111100000000000000000000000000000000000000001111000000000000000000111111111111111111111111111111111111111111111111111111111111111111111111000000000000000000111100000000000000000000000000000000000000001110
111100000000000000000000000000000000000000001111000000000000000000111111111111111111111111111111111111111111111111111111111111111111111111000000000000000000111100000000000000000000000000000000000000001110
111100000000000000000000000000000000000000001111000000001100000000111111111111111111111111111111111111111111111111111111111111111111111111000000001100000000111100000000000000000000000000000000000000001110
111100000000000000000000000000000000000000001111000000001100000000111111111111111111111111111111111111111111111111111111111111111111111111000000001100000000111100000000000000000000000000000000000000001110
111100000000000000000000000000000000000000001111000000000000000000111111111111111111111111111111111111111111111111111111111111111111111111000000000000000000111100000000000000000000000000000000000000001110
111100000000000000000000000000000000000000001111000000000000000000111111111111111111111111111111111111111111111111111111111111111111111111000000000000000000111100000000000000000000000000000000000000001110
111100000000000000000000000000000000000000001111000000000000000000111111111111111111111111111111111111111111111111111111111111111111111111000000000000000000111100000000000000000000000000000000000000001110
111100000000000000000000000011110000000000001111000000000000000000111111111111111111111111111111111111111111111111111111111111111111111111000000000000000000111100000000000111111111100000000000000000001110
111100000000000000000000000000001100000000001111000000000000000000111111111111111111111111111111111111111111111111111111111111111111111111000000000000000000111100000000001100000000000000000000000000001110
111100000000000000000000000000001100000000001111000000000000000000111111111111111111111111111111111100001111111111111111111111111111111111000000000000000000111100000000001100000000000000000000000000001110
111101000000000011111111111111111100000000001111000000000000000000111111111111111111111111111111111100001111111111111111111111111111111111000000000000000000111100000000001111111111111111110100000000001110
111100000000000011111111111111111100000000001111000000000000000000111111111111111111111111111111111100001111111111111111111111111111111111000000000000000000111100000000001111111111111111110000000000001110
111100000000000011111111111111111100000000001111000000000000000000100001001000000000000000111111111100001111111111000000000000000100100001000000000000000000111100000000001111111111111111110000000000001110
111100000000000011111111111111111100000000001111000000000000000000000000000000000000000011111111111100001111111111110000000000000000000000000000000000000000111100000000001111111111111111110000000000001110
111100000000000011110000000000000000000000001111000000000000000000000000000000000000000011111101111100001111101111110000000000000000000000000000000000000000111100000000000000000000000011110000000000001110
111100000000000011110000000000000000000000001111000000000000000000000000000000000000000000111101111100001111101111000000000000000000000000000000000000000000111100000000000000000000000011110000000000001110
111100000000000011110000000000000000000000001111000000000000000000000000000000000000000000110001111100001111100011000000000000000000000000000000000000000000111100000000000000000000000011110000000000001110
111100000000000011110000000000000000000000001111000000010000000000000000000000000000000000110001111100001111100011000000000000000000000000000000000010000000111100000000000000000000000011110000000000001110
111100000000000011110000000000000000000000001111000000000000000000000000000000000000000000110000000000000000000011000000000000000000000000000000000000000000111100000000000000000000000011110000000000001110
111100000000000011110000000000000000000000001111000000000000000000000000000000000000000000110000001000000100000011000000000000000000000000000000000000000000111100000000000000000000000011110000000000001110
111100000000000011110000000000000000000000001111000000000000000000000000000000000000000000110011111100001111110011000000000000000000000000000000000000000000111100000000000000000000000011110000000000001110
111100000000000011110000000000000000000000001111000000000000000000000000000000000000000011111111111100001111111111110000000000000000000000000000000000000000111100000000000000000000000011110000000000001110
111100000000000011110000000000000000000000001111000000000000000000000000000000000000000011111111111100001111111111110000000000000000000000000000000000000000111100000000000000000000000011110000000000001110
111100000000000011110000000000000000000000001111000000000000000000100001001000000000000000111111111100001111111111000000000000000100100001000000000000000000111100000000000000000000000011110000000000001110
111100000000001011110000000001111111111111111111000000000000000000111111110000000000000000111111111100001111111111000000000000000011111111000000000000000000111111111111111111100000000011110000000000101110
111100000000000011110000000001111111111111111111000000000000000000111111110000000000000011111111111100001111111111110000000000000011111111000000000000000000111111111111111111100000000011110000000000001110
111100000000000011110000000000000000000000001111000000000000000000111111110000000000000011111111111100001111111111110000000000000011111111000000000000000000111100000000000000000000000011110000000000001110
111100000000000011110000000000000000000000001111000000000000000000111111111100000000000000111111111100001111111111000000000000001111111111000000000000000000111100000000000000000000000011110000000000001110
111100000000000011110000000000000000000000001111000000000000000000111111111100000000000000111111111100001111111111000000000000001111111111000000000000000000111100000000000000000000000011110000000000001110
111100000000000011110000000000000000000000001111000000000000000000111111110000000000000000111111111100001111111111000000000000000011111111000000000000000000111100000000000000000000000011110000000000001110
111100000000000011110000000000000000000000001111000000001100000000111111110000000000000000111111111100001111111111000000000000000011111111000000001100000000111100000000000000000000000011110000000000001110
111100000000000011110000000000000000000000001111000000001100000000111111110000000000000000111111111100001111111111000000000000000011111111000000001100000000111100000000000000000000000011110000000000001110
111100000000000011110000000000000000000000001111000000000000000000111111110000000000000000111111111100001111111111000000000000000011111111000000000000000000111100000000000000000000000011110000000000001110
111100000000000011110000000000000000000000001111000000000000000000111111110000000000000011111111111100001111111111110000000000000011111111000000000000000000111100000000000000000000000011110000000000001110
111100000000000011110000000000000000000000001111000000000000000000111111110000000000000011111111111100001111111111110000000000000011111111000000000000000000111100000000000000000000000011110000000000001110
111100000000000011110000000000000000000000001111000000000000000000111111111100000000000000111111111100001111111111000000000000001111111111000000000000000000111100000000000000000000000011110000000000001110
111100000000000011111111111111111100000000001111000000000000000000111111111100000000000000111111111100001111111111000000000000001111111111000000000000000000111100000000001111111111111111110000000000001110
111100000000000011111111111111111100000000001111000000000000000000111111110000000000000011111111111100001111111111110000000000000011111111000000000000000000111100000000001111111111111111110000000000001110
111101000000000011111111111111111100000000001111000000000000000000111111110000000000000011111111111100001111111111110000000000000011111111000000000000000000111100000000001111111111111111110100000000001110
111100000000000011111111111111111100000000001111000000000000000000111111110000000000000000110011111100001111110011000000000000000011111111000000000000000000111100000000001111111111111111110000000000001110
111100000000000011111111111111111100000000001111000000000000000000111111110000000000000000110011111100001111110011000000000000000011111111000000000000000000111100000000001111111111111111110000000000001110
111100000000000011111111111111111100000000001111000000000000000000111111110000000000000000110011111100001111110011000000000000000011111111000000000000000000111100000000001111111111111111110000000000001110
111100000000000011110000000000000000000000001111000000000000000000111111110000000000000000110000001000000100000011000000000000000011111111000000000000000000111100000000000000000000000011110000000000001110
111100000000000011110000000000000000000000001111000000000000000000111111111100000000000000110000000000000000000011000000000000001111111111000000000000000000111100000000000000000000000011110000000000001110
111100000000000011110000000000000000000000001111000000010000000000111111111100000000000000110000000000000000000011000000000000001111111111000000000010000000111100000000000000000000000011110000000000001110
111100000000000011110000000000000000000000001111000000000000000000111111110000000000000011110000000000000000000011110000000000000011111111000000000000000000111100000000000000000000000011110000000000001110
111100000000000011110000000000000000000000001111000000000000000000111111110000000000000011111100000000000000001111110000000000000011111111000000000000000000111100000000000000000000000011110000000000001110
111100000000000011110000000000000000000000001111000000000000000000111111110000000000000000111100000000000000001111000000000000000011111111000000000000000000111100000000000000000000000011110000000000001110
111100000000000011110000000000000000000000001111000000000000000000111111110000000000000000111111000000000000111111000000000000000011111111000000000000000000111100000000000000000000000011110000000000001110
111100000000000011110000000000000000000000001111000000000000000000111111110000000000000000111111000000000000111111000000000000000011111111000000000000000000111100000000000000000000000011110000000000001110
111100000000000011110000000000000000000000001111000000000000000000111111110000000000000000000011000000000000110000000000000000000011111111000000000000000000111100000000000000000000000011110000000000001110
111100000000000011110000000000000000000000001111000000000000000000111111111100000000000000000011000000000000110000000000000000001111111111000000000000000000111100000000000000000000000011110000000000001110
111100000000001011110000000001111111111111111111000000000000000000111111111100000000000000000000000000000000000000000000000000001111111111000000000000000000111111111111111111100000000011110000000000101110
111100000000000011110000000001111111111111111111000000000000000000111111110000000000000000000000000000000000000000000000000000000011111111000000000000000000111111111111111111100000000011110000000000001110
111100000000000011110000000000000000000000001111000000000000000000111111110000000000000000000000000000000000000000000000000000000011111111000000000000000000111100000000000000000000000011110000000000001110
111100000000000011110000000000000000000000001111000000000000000000111111111100000000100000000000001000000100000000000001000000001111111111000000000000000000111100000000000000000000000011110000000000001110
111100000000000011110000000000000000000000001111000000001100000000111111111100000000000000000000000000000000000000000000000000001111111111000000001100000000111100000000000000000000000011110000000000001110
111100000000000011110000000000000000000000001111000000001100000000111111110000000000000000000000000000000000000000000000000000000011111111000000001100000000111100000000000000000000000011110000000000001110
111100000000000011110000000000000000000000001111000000000000000000111111110000000000000000000000000000000000000000000000000000000011111111000000000000000000111100000000000000000000000011110000000000001110
111100000000000011110000000000000000000000001111000000000000000000111111110000000000000000000000000000000000000000000000000000000011111111000000000000000000111100000000000000000000000011110000000000001110
111100000000000011110000000000000000000000001111000000000000000000111111110000000000000000000000000000000000000000000000000000000011111111000000000000000000111100000000000000000000000011110000000000001110
111100000000000011110000000000000000000000001111000000000000000000111111110000000000000000000000000000000000000000000000000000000011111111000000000000000000111100000000000000000000000011110000000000001110
111100000000000011110000000000000000000000001111000000000000000000111111110000000000000000000000000000000000000000000000000000000011111111000000000000000000111100000000000000000000000011110000000000001110
111100000000000011110000000000000000000000001111000000000000000000111111110000000000000000000000000000000000000000000000000000000011111111000000000000000000111100000000000000000000000011110000000000001110
111100000000000011111111111111111100000000001111000000000000000000111111110001100000011001100000011000000110000001100110000001100011111111000000000000000000111100000000001111111111111111110000000000001110
111100000000000011111111111111111100000000001111000000000000000000111111110001100000011001100000011000000110000001100110000001100011111111000000000000000000111100000000001111111111111111110000000000001110
111101000000000011111111111111111100000000001111000000000000000000111111111111111111111111111111111111111111111111111111111111111111111111000000000000000000111100000000001111111111111111110100000000001110
111100000000000011111111111111111100000000001111000000000000000000111111111111111111111111111111111111111111111111111111111111111111111111000000000000000000111100000000001111111111111111110000000000001110
111100000000000011111111111111111100000000001111000000000000000000111111111111111111111111111111111111111111111111111111111111111111111111000000000000000000111100000000001111111111111111110000000000001110
111100000000000011111111111111111100000000001111000000000000000000111111111111111111111111111111111111111111111111111111111111111111111111000000000000000000111100000000001111111111111111110000000000001110
111100000000000011110000000000000000000000001111000000010000000000111111111111111111111111111111111111111111111111111111111111111111111111000000000010000000111100000000000000000000000011110000000000001110
111100000000000011110000000000000000000000001111000000000000000000111111111111111111111111111111111111111111111111111111111111111111111111000000000000000000111100000000000000000000000011110000000000001110
111100000000000011110000000000000000000000001111000000000000000000111111111111111111111111111111111111111111111111111111111111111111111111000000000000000000111100000000000000000000000011110000000000001110
111100000000000011110000000000000000000000001111000000000000000000111111111111111111111111111111111111111111111111111111111111111111111111000000000000000000111100000000000000000000000011110000000000001110
111100000000000011110000000000000000000000001111000000000000000000000000000000000000000000000011110011110011110000000000000000000000000000000000000000000000111100000000000000000000000011110000000000001110
111100000000000011110000000000000000000000001111000000000000000000000000000000000000000000000011110011110011110000000000000000000000000000000000000000000000111100000000000000000000000011110000000000001110
111100000000000011110000000000000000000000001111000000000000000000000000000000000000000000000011110000000011110000000000000000000000000000000000000000000000111100000000000000000000000011110000000000001110
111100000000000011110000000000000000000000001111000000000000000000000000000000000000000000000011111000000111110000000000000000000000000000000000000000000000111100000000000000000000000011110000000000001110
111100000000000011110000000000000000000000001111000000000000000000000000000000000000000000001111111100001111111100000000000000000000000000000000000000000000111100000000000000000000000011110000000000001110
111100000000000011110000000000000000000000001111000000000000000000000000000000000000000000001111111100001111111100000000000000000000000000000000000000000000111100000000000000000000000011110000000000001110
111100000000001011110000000001111111111111111111000000000000000000000000000000000000000000001111111100001111111100000000000000000000000000000000000000000000111111111111111111100000000011110000000000101110
111100000000000011110000000001111111111111111111000000000000000000000000000000000000000000001111111100001111111100000000000000000000000000000000000000000000111111111111111111100000000011110000000000001110
111100000000000011110000000000000000000000001111000000001100000000000000000000000000110000001111111100001111111100000011000000000000000000000000001100000000111100000000000000000000000011110000000000001110
111100000000000011110000000000000000000000001111000000001100000000000000000000000000110000001111111100001111111100000011000000000000000000000000001100000000111100000000000000000000000011110000000000001110
111100000000000011110000000000000000000000001111000000000000000000000001000000000000000000101111111100001111111100000000000000000000100000000000000000000000111100000000000000000000000011110000000000001110
111100000000000011110000000000000000000000001111000000000000000000000000000000000000000000101111111100001111111100000000000000000000000000000000000000000000111100000000000000000000000011110000000000001110
111100000000000011110000000000000000000000001111000000000000000000000000000000000000000000001111111100001111111100000000000000000000000000000000000000000000111100000000000000000000000011110000000000001110
111100000000000011110000000000000000000000001111000000000000000000000000000000000000000000001111111100001111111100000000000000000000000000000000000000000000111100000000000000000000000011110000000000001110
111100000000000011110000000000000000000000001111000000000000000000000000000000000000000000101111111100001111111101000000000000000000000000000000000000000000111100000000000000000000000011110000000000001110
111100000000000011110000000000000000000000001111000000000000000000000000000000000000000000101111111100001111111101000000000000000000000000000000000000000000111100000000000000000000000011110000000000001110
111100000000000011110000000000000000000000001111000000000000000000000000000000000000000000001111111100001111111100000000000000000000000000000000000000000000111100000000000000000000000011110000000000001110
111100000000000011110000000000000000000000001111000000000000000000000000000000000000000000001111111100001111111100000000000000000000000000000000000000000000111100000000000000000000000011110000000000001110
111100000000000011111111111111111100000000001111111111111111111111111111111100000000000000101111111100001111111101000000000000001111111111111111111111111111111100000000001111111111111111110000000000001110
111100000000000011111111111111111100000000001111111111111111111111111111111100000000000000101111111100001111111101000000000000001111111111111111111111111111111100000000001111111111111111110000000000001110
111101000000000011111111111111111100000000001111111111111111111111111111111100000000000000001111111100001111111100000000000000001111111111111111111111111111111100000000001111111111111111110100000000001110
111100000000000011111111111111111100000000001111111111111111111111111111111100000000000000001111111100001111111100000000000000001111111111111111111111111111111100000000001111111111111111110000000000001110
111100000000000011111111111111111100000000001100000000000000000000000000111100000000000000101111111100001111111101000000000000001111000000000000000000000000000000000000001111111111111111110000000000001110
111100000000000011111111111111111100000000001100000000000000000000000000111100000001000000101111111100001111111101000000100000001111010000000000000000000000000001000000001111111111111111110000000000001110
111100000000000011110000000000000000000000001100000000000000000000000000111100000000000000001111111100001111111100000000000000001111000000000000000000000000000000000000001111110000000011110000000000001110
111100000000000011110000000000000000000000001100000000000000000000000000111100000000000000001111111100001111111100000000000000001111000000000000000000000000000000000000001111110000000011110000000000001110
111100000000000011110000000000000000000000001100000000000000000000000000111100000000000000101111111100001111111101000000000000001111000000000000000000000000000000000000001111110011110011110000000000001110
111100000000000011110000000000000000000000001100000000000000000000000000111100000000000000101111111100001111111101000000000000001111000000000000000000000000000000000000001111110011110011110000000000001110
111100000000000011110000000000000000000000001100000000000000000000000000111100000000000000001111111100001111111100000000000000001111000000000000000000000000000000000000001111110011110011110000000000001110
111100000000000011110000000000000000000000001100000000000000000000000000111100000000000000001111111100001111111100000000000000001111000000000000000000000000000000000000001111110011110011110000000000001110
111100000000000011110000000000000000000000001100000000000000000000000000111100000000000000000000000000000000000000000000000000001111000000000000000000000000000000000000001111110000000011110000000000001110
111100000000000011110000000000000000000000001100000000000000000000000000111100000000000000000000001000000100000000000000000000001111000000000000000000000000000000000000001111111000000111110000000000001110
111100000000000011110000000000000000000000001100000000000000000000000000111100000000000000000000000000000000000000000000000000001111000000000011111111111111111111111111111111110000000011110000000000001110
111100000000000011110000000000000000000000001100000000000000000000000000111100000000000000000000000000000000000000000000000000001111000000000011111111111111111111111111111111110000000011110000000000001110
111100000000001011110000000001111111111111111100000000000011000000000000111100000000000000000000000000000000000000000000000000001111000000000011111111111111111111111111111111110000000011110000000000101110
111100000000000011110000000001111111111111111100000000000011000000000000111100000000000000000000000000000000000000000000000000001111000000000011111111111111111111111111111111110000000011110000000000001110
111100000000000011110000000000000000000000001101000000000011000000000010111100000000000000000000000000000000000000000000000000001111000000000011111111111111111111111111111111110000000011110000000000001110
111100000000000011110000000000000000000000001100000000000011000000000000111100000001000000000000000000000000000000000000100000001111000000000011111111111111111111111111111111110000000011110000000000001110
111100000000000011110000000000000000000000001100000000000011000000000000111100000000000000000000000000000000000000000000000000001111000000000011111100000000000000000000000000000000000011110000000000001110
111100000000000011110000000000000000000000001100000000000011000000000000111100000000000000000000000000000000000000000000000000001111000000000011111100000000000000000000000000000000000011110000000000001110
111100000000000011110000000000000000000000001100000000000011000000000000111100000000000000000000000000000000000000000000000000001111000000000011111100000000000000000000000000000000000011110000000000001110
111100000000000011110000000000000000000000001100000000000011000000000000111100000000000000000000000000000000000000000000000000001111000000000011111100000000000000000000000000000000000011110000000000001110
111100000000000011110000000000000000000000001100000000000011000000000000111100000000000000000000000000000000000000000000000000001111000000000011111100000000000000000000000000000000000011110000000000001110
111100000000000011110000000000000000000000001100000000000011000000000000111100000000000000000000000000000000000000000000000000001111000000000011111100000000000000000000000000000000000011110000000000001110
111100000000000011110000000000000000000000001100000000000011000000000000111100000000000000000000110000000011000000000000000000001111000000000011111100000000000000000000000000000000000011110000000000001110
111100000000000011110000000000000000000000001100000000000011000000000000111100000000000000000000110000000011000000000000000000001111000000000011111100000000000000000000000000000000000011110000000000001110
111100000000000011111111111111111100000000001100000000000011000000000000111100000000000000000000000000000000000000000000000000001111000000000011111100000000000000000000000000010000000011110000000000001110
111100000000000011111111111111111100000000001100000000000011000000000000111100000000000000000000001000000100000000000000000000001111000000000011111100000000000000000000000000000000000011110000000000001110
111101000000000011111111111111111100000000001100000000000011000000000000111100000000000000000000110000000011000000000000000000001111010000000011111100000000011111111111111111000000000011110100000000001110
111100000000000011111111111111111100000000001100000000000011000000000000111100000000000000000000110000000011000000000000000000001111000000000011111100000000011111111111111111000000000011110000000000001110
111100000000000000000000000000111100000000001100000000000011000000000000111100000000110000000000000000000000000000000011000000001111000000000011111100000000000000000000000011000000000011110000000000001110
111100000000000000000000000000111100000000001100000000000011000000000000111100000000110000000000001000000100000000000011000000001111000000000011111100000000000000000000000011000000000011110000000000001110
111100000000000000000000000000111100000000001100000000000011000000000000111100000000000000000000110000000011000000000000000000001111000000000011111100000000000000000000000011000000000011110000000000001110
111100000000000000000000000000111100000000001100000000000011000000000000111100000000000000000000110000000011000000000000000000001111000000000011111100000000000000000000000011000000000011110000000000001110
111100000000000000000000000000111100000000001100000000000011000000000000111100000000000000000000000000000000000000000000000000001111000000000011111100000000000000000000000011000000000011110000000000001110
111100000000000000000000000000111100000000001100000000000011000000000000111100000000000000000000001000000100000000000000000000001111000000000011111100000000000000000000000011000000000011110000000000001110
111100000000000000000000000000111100000000001100000000000011000000000000111100000000000000000000110000000011000000000000000000001111000000000011111100000000000000000000000011000000000011110000000000001110
111100000000000000000000000000111100000000001100000000000011000000000000111100000000000000000000110000000011000000000000000000001111000000000011111100000000000000000000000011000000000011110000000000001110
111100000000000000000000000000111100000000001100000000000011000000000000111100000000000000000000000000000000000000000000000000001111000000000011111100000000000000000000000011000000000011110000000000001110
111100000000000000000000000000111100000000001100000000000011000000000000111100000000000000000000001000000100000000000000000000001111000000000011111100000000000000000000000011000000000011110000000000001110
111100000000000000000000000000111100000000001100000000000011000000000000111111111111111111111111000000000000111111111111111111111111000000000011111111111111111111000000000011000000000011110000000000001110
111100000000000000000000000000111100000000001100000000000011000000000000111111111111111111111111000000000000111111111111111111111111000000000011111111111111111111000000000011000000000011110000000000001110
111111111111111111000000000010111100000000001100000000000011000000000000111111111111111111111111000000000000111111111111111111111111000000000011111111111111111111000000000011000000000011110000000000101110
111111111111111111000000000000111100000000001100000000000011000000000000111111111111111111111111001000000100111111111111111111111111000000000011111111111111111111000000000011000000000011110000000000001110
111111111111111111000000000000111100000000001100000000000011000000000000000000000000000000011111000000000000111110000000000000000011000000000011111111111111111111000000000011000000000011110000000000001110
111111111111111111000000000000111100000000001100000000000011000000000010000000000000000000011111000000000000111110000000000000001011000000000011111111111111111111000000000011000000000011110000000000001110
111111111111111111000000000000111100000000001100000000000011000000000000000000000000000000011111000000000000111110000000000000000011000000000000000000000000000000000000000011000000000011110000000000001110
111111111111111111000000000000111100000000001100000000000011000000000000000000000000000000011111000000000000111110000000000000000011000000000000000000000000000000000000000011000000000011110000000000001110
111111111111111111000000000000111100000000001100000000000011000000000000000000000000000000000000000000000000000000000000000000000011000000000000000000000000000000000000000011000000000011110000000000001110
111111111111111111000000000000111100000000001100000000000011000000000000000000000000000000000000000000000000000000000000000000000011000000000000000000000000000000000000000011000000000011110000000000001110
111111111111111111000000000000111100000000001100000000000011000000000000000000000000000000000000000000000000000000000000000000000011000000000000000000000000000000000000000011000000000011110000000000001110
111111111111111111000000000000111100000000001100000000000011000000000000000000000000000000000000000000000000000000000000000000000011000000000000000000000000000000000000000011000000000011110000000000001110
111111111111111111000000000000111100000000001100000000000011000000000000000000000000000000000000000000000000000000000000000000000011000000000000000000000000000000000000000011000000000011110000000000001110
111111111111111111000000000000111100000000001100000000000011000000000000000000000000000000000000000000000000000000000000000000000011000000000000000000000000000000000000000011000000000011110000000000001110
111111111111111111000000000000111100000000001100000000000011110110000000000001100000000000000111100000000000000110000000000001101111010000000000000000000000000000000000000011000000000011110000000000001110
111111111111111111000000000000111100000000001100000000000011110110000000000001100000000000000111100000000000000110000000000001101111000000000000000000000000000000000000000011000000000011110000000000001110
111111111111111111010000000000111100000000001101000000000011111111111111111111111111111111111111111111111111111111111111111111111111111111111111111111111111111111111111111111000000000011110100000000001110
111111111111111111000000000000111110000000001100000000000011111111111111111111111111111111111111111111111111111111111111111111111111111111111111111111111111111111111111111111000000000011110000000000001110
111111111111111111000000000000110010000000001100000000000000000000000000000000000000000000000000000000000000000000000000000000000000000000000000000000000000000000000000000000000000000011110000000000001110
111111111111111111000000000000110010000000001100000000000000000000000000000000000000000100000000000000000000000000000000000000000001000000000000000000000000000000000000000000010000000011110000000000001110
111111111111111111000000000000110010000000001100000000000000000000000000000000000000000000000000000000000000000000000000000000000000000000000000000000000000000000000000000000000000000011110000000000001110
111111111111111111000000000000110010000000001100000000000000000000000000000000000000000000000000000000000000000000000000000000000000000000000000000000000000000000000000000000000000000011110000000000001110
111111111111111111000000000000110010000000001100000000000000000000000000000000000000000000000000000000000000000000000000000000000000000000000000000000000000000000000000000000000000000011110000000000001110
111111111111111111000000000000110000000000001100000000000000000000000000000000000000000000000000000000000000000000000000000000000000000000000000000000000000000000000000000000000000000011110000000000001110
111111111111111111000000000000110000000000001100000000000000000000000000000000000000000000000000000000000000000000000000000000000000000000000000000000000000000000000000000000000000000011110000000000001110
111111111111111111000000000000110000000000001100000000000000000000000000000000000000000000000000000000000000000000000000000000000000000000000000000000000000000000000000000000000000000011110000000000001110
111111111111111111000000000000110000000000001100000000000000000000000000000000000000000000000000000000000000000000000000000000000000000000000000000000000000000000000000000000000000000011110000000000001110
111111111111111111000000000000110000000000001100000000000000000000000000000000000000000000000000000000000000000000000000000000000000000000000000000000000000000000000000000000000000000011110000000000001110
111111111111111111000000000000110000000000001111111111111111111111111111111111111111111111111111111111111111111111111111111111111111111111111111111111111111111111111111111111111111111111110000000000001110
111111111111111111000000000000110000000000001111111111111111111111111111111111111111111111111111111111111111111111111111111111111111111111111111111111111111111111111111111111111111111111110000000000001110
111111111111111111000000000010110100000000001111111111111111111111111111111111111111111111111111111111111111111111111111111111111111111111111111111111111111111111111111111111111111111111110000000000101110
111111111111111111000000000000110000000000001111111111111111111111111111111111111111111111111111111111111111111111111111111111111111111111111111111111111111111111111111111111111111111111110000000000001110
111111111111111111000000000000110000000000000000000000000000000000000000000000000000000000000000000000000000000000000000000000000000000000000000000000000000000000000000000000000000000000000000000000001110
111111111111111111000000000000110000000000000000000000000001000000000000000000000000000100000000000000000000000000000100000000000000000000000000010000000000000000000000000001000000000000000000000000001110
111111111111111111000000000000110000000000000000000000000000000000000000000000000000000000000000000000000000000000000000000000000000000000000000000000000000000000000000000000000000000000000000000000001110
111111111111111111000000000000110000000000000000000000000000000000000000000000000000000000000000000000000000000000000000000000000000000000000000000000000000000000000000000000000000000000000000000000001110
111111111111111111000000000000110000000000000000000000000000000000000000000000000000000000000000000000000000000000000000000000000000000000000000000000000000000000000000000000000000000000000000000000001110
111111111111111111000000000000110000000000000000000000000000000000000000000000000000000000000000000000000000000000000000000000000000000000000000000000000000000000000000000000000000000000000000000000001110
111111111111111111000000000000110000000000000000000000000000000000000000000000000000000000000000000000000000000000000000000000000000000000000000000000000000000000000000000000000000000000000000000000001110
111111111111111111000000000000110000000000000000000000000000000000000000000000000000000000000000000000000000000000000000000000000000000000000000000000000000000000000000000000000000000000000000000000001110
111111111111111111000000000000110000000000000000000000000000000000000000000000000000000000000000000000000000000000000000000000000000000000000000000000000000000000000000000000000000000000000000000000001110
111111111111111111000000000000110000000000000000000000000000000000000000000000000000000000000000000000000000000000000000000000000000000000000000000000000000000000000000000000000000000000000000000000001110
111111111111111111000000000000110000000000000100000000000000000000000000010000000000000000000000000010010000000000000000000000000001000000000000000000000000000100000000000000000000000000010000000000001110
111111111111111111000000000000110000000000000000000000000000000000000000000000000000000000000000000000000000000000000000000000000000000000000000000000000000000000000000000000000000000000000000000000001110
111111111111111111010000000000111111111111111111111111111111111111111111111111111111111111111111111111111111111111111111111111111111111111111111111111111111111111111111111111111111111111111111111111111110
111111111111111111000000000000111111111111111111111111111111111111111111111111111111111111111111111111111111111111111111111111111111111111111111111111111111111111111111111111111111111111111111111111111110
111111111111111111000000000000000000000000000000000000000000000000000000000000000000000000000000000000000000000000000000000000000000000000000000000000000000000000000000000000111111111111111111111111111110
111111111111111111000000000000000000000000000100000000000000000000000000010000000000000000000000000001100000000000000000000000000001000000000000000000000000000100000000000000111111111111111111111111111110
111111111111111111000000000000000000000000000000000000000000000000000000000000000000000000000000000000000000000000000000000000000000000000000000000000000000000000000000000000000000000000000000011111111110
111111111111111111000000000000000000000000000000000000000000000000000000000000000000000000000000000000000000000000000000000000000000000000000000000000000000000000000000000000000000100000001000011111111110
111111111111111111000000000000000000000000000000000000000000000000000000000000000000000000000000000000000000000000000000000000000000000000000000000000000000000000000000000000000000000000000000000000011110
111111111111111111000000000000000000000000000000000000000000000000000000000000000000000000000000000000000000000000000000000000000000000000000000000000000000000000000000000000000000000000000000000000011110
111111111111111111000000000000000000000000000000000000000000000000000000000000000000000000000000000000000000000000000000000000000000000000000000000000000000000000000000000000000000000000000000000000011110
111111111111111111000000000000000000000000000000000000000000000000000000000000000000000000000000000000000000000000000000000000000000000000000000000000000000000000000000000000000000000000000000000000011110
111111111111111111000000000000000000000000000000000000000000000000000000000000000000000000000000000000000000000000000000000000000000000000000000000000000000000000000000000000000000000000000000000000011110
111111111111111111000000000000000000000000000000000000000000000000000000000000000000000000000000000000000000000000000000000000000000000000000000000000000000000000000000000000000000000000000000000000011110
111111111111111111000000000000010000000000000000000000000001000000000000000000000000000100000000000000000000000000000100000000000000000000000000010000000000000000000000000000000000100000001000011111111110
111111111111111111000000000000000000000000000000000000000000000000000000000000000000000000000000000000000000000000000000000000000000000000000000000000000000000000000000000000000000000000000000011111111110
111111111111111111111111111111111111111111111111111111111111111111111111111111111111111111111111111111111111111111111111111111111111111111111111111111111111111111111111111111111111111111111111111111111110
111111111111111111111111111111111111111111111111111111111111111111111111111111111111111111111111111111111111111111111111111111111111111111111111111111111111111111111111111111111111111111111111111111111110
111111111111111111111111111111111111111111111111111111111111111111111111111111111111111111111111111111111111111111111111111111111111111111111111111111111111111111111111111111111111111111111111111111111110
111111111111111111111111111111111111111111111111111111111111111111111111111111111111111111111111111111111111111111111111111111111111111111111111111111111111111111111111111111111111111111111111111111111110
111111111111111111111111111111111111111111111111111111111111111111111111111111111111111111111111111111111111111111111111111111111111111111111111111111111111111111111111111111111111111111111111111111111110
111111111111111111111111111111111111111111111111111111111111111111111111111111111111111111111111111111111111111111111111111111111111111111111111111111111111111111111111111111111111111111111111111111111110
