0000000000000000000000000000000000000000000000000000000000000000000000000000000000000000000000000000000000000000000000000000000000000000000000000000000000000000000000000000000000000000000000000000000000000000000000000000000000000000
1111111111111111111111111111111111111111111111111111111111111111111111111111111111111111111111111111111111111111111111111111111111111111111111111111111111111111111111111111111111111111111111111111111111111111111111111111111111111110
1111111111111111111111111111111111111111111111111111111111111111111111111111111111111111111111111111111111111111111111111111111111111111111111111111111111111111111111111111111111111111111111111111111111111111111111111111111111111110
1111111111111111111111111111111111111111111111111111111111111111111111111111111111111111111111111111111111111111111111111111111111111111111111111111111111111111111111111111111111111111111111111111111111111111111111111111111111111110
1111111111111111111111111111111111111111111111111111111111111111111111111111111111111111111111111111111111111111111111111111111111111111111111111111111111111111111111111111111111111111111111111111111111111111111111111111111111111110
1111111111111111111111111111111111111111111111111111111111111111111111111111111111111111111111111111111111111111111111111111111111111111111111111111111111111111111111111111111111111111111111111111111111111111111111111111111111111110
1111100000000001111000000000011110000000000111100000100001111000000000011110000000000111100000000001111000001000011110000000000111100000000001111000000000011110000100000111100000000001111000000000011110000010000111100000000001111110
1111000000000000110000000000001100000000000000000000000000000000000000000000000000000000000000000000000000000000000000000000000000000000000000110000000000000000000000000000000000000000000000000000000000000000000000000000000000111110
1111000000000000110000000000001100000000000000000000000000000000000000000000000000000000000000000000000000000000000000000000000000000000000000110000000000000000000000000000000000000000000000000000000000000000000000000000000000111110
1111000000000000110000000000001100000000000000000000000000000000000000000000000000000000000000000000000000000000000000000000000000000000000000110000000000000000000000000000000000000000000000000000000000000000000000000000000000111110
1111000000000000110000000000001100000000000000000000000000000000000000000000000000000000000000000000000000000000000000000000000000000000000000110000000000000000000000000000000000000000000000000000000000000000000000000000000000111110
1111000000000000110000000000001100000000000000000000000000000000000000000000000000000000000000000000000000000000000000000000000000000000000000110000000000000000000000000000000000000000000000000000000000000000000000000000000000111110
1111000000000000110000000000001100000000000000000000000000000000000000000000000000000000000000000000000000000000000000000000000000000000000000111000000000000000000000000000000000000000000000000000000000000000000000000000000000111110
1111000000000000110000000000001100000000000000000000000000000000000000000000000000000000000000000000000000000000000000000000000000000000000000110000000000000000000000000000000000000000000000000000000000000000000000000000000000111110
1111000000000000110000000000001100000000000000000000000000000000000000000000000000000000000000000000000000000000000000000000000000000000000000110000000000000000000000000000000000000000000000000000000000000000000000000000000000111110
1111000000000000110000000000001100000000000000000000000000000000000000000000000000000000000000000000000000000000000000000000000000000000000000110000000000000000000000000000000000000000000000000000000000000000000000000000000000111110
1111000000000000110000000000001100000000000000000000000000000000000000000000000000000000000000000000000000000000000000000000000000000000000000110000000000000000000000000000000000000000000000000000000000000000000000000000000000111110
1111100000000001111000000000011110000000000111100000000001111000000000011110000000000111100000000001111000000000011110000000000111100000000001111000000000011110000000000111100000000001111000011000011110000000000111100000000001111110
1111100000000001111000000000011111111111111111111111111111111000000000011110000000000111111111111111111111111111111110000000000111111111111111111000000000011111111111111111111111111111111111111111111111111111111111100000000001111110
1111100000000001111000000000011111111111111111111111111111111000000000011110000000000111111111111111111111111111111110000000000111111111111111111000000000011111111111111111111111111111111111111111111111111111111111100000000001111110
1111100000000001111000000000011110000110000111100000000001111000000000011110000000000111100000000001111000000000011110000000000111100001000001111000000000011110000000000111100000000001111000000000011110000000000111100000000001111110
1111000000000000110000000000000000000000000000000000000000110000000000001100000000000000000000000000000000000000001100000000000000000000000000110000000000000000000000000011000000000000000000000000000000000000000011000000000000111110
1111000000000000110000000000000000000000000000000000000000110000000000001100000000000000000000000000000000000000001100000000000000000000000000110000000000000000000000000011000000000000000000000000000000000000000011000000000000111110
1111000000000000110000000000000000000000000000000000000000110000000000001100000000000000000000000000000000000000001100000000000000000000000000110000000000000000000000000011000000000000000000000000000000000000000011000000000000111110
1111000000000000110000000000000000000000000000000000000000110000000000001100000000000000000000000000000000000000001100000000000000000000000000110000000000000000000000000011000000000000000000000000000000000000000011000000000000111110
1111100000000000110000000000000000000000000000000000000000110000000000001100000000000000000000000000000000000000001100000000000000000000000000110000000000000000000000000011000000000000000000000000000000000000000011000000000000111110
1111100000000000110000000000000000000000000000000000000000110000000000011110000000000000000000000000000000000000011100000000000000000000000000110000000000000000000000000011100000000000000000000000000000000000000011000000000000111110
1111000000000000110000000000000000000000000000000000000000110000000000001100000000000000000000000000000000000000001100000000000000000000000000110000000000000000000000000011000000000000000000000000000000000000000011000000000000111110
1111000000000000110000000000000000000000000000000000000000110000000000001100000000000000000000000000000000000000001100000000000000000000000000110000000000000000000000000011000000000000000000000000000000000000000011000000000000111110
1111000000000000110000000000000000000000000000000000000000110000000000001100000000000000000000000000000000000000001100000000000000000000000000110000000000000000000000000011000000000000000000000000000000000000000011000000000000111110
1111000000000000110000000000000000000000000000000000000000110000000000001100000000000000000000000000000000000000001100000000000000000000000000110000000000000000000000000011000000000000000000000000000000000000000011000000000000111110
1111100000000001111000010000011110000000000111100000000001111000000000011110000000000111100000000001111000000000011110000000000111100000000001111000000000011110000000000111100000000001111000000000011110000000000111100000000001111110
1111100000000001111111111111111111111111111111100000000001111000000000011111111111111111100000000001111000000000011110000000000111111111111111111111111111111110000000000111100000000001111111111111111111111111111111100000000001111110
1111100000000001111111111111111111111111111111100000000001111000000000011111111111111111100000000001111000000000011110000000000111111111111111111111111111111110000000000111100000000001111111111111111111111111111111100000000001111110
1111100000000001111000010000011110000000000111100000000001111000000000011110000000000111100000000001111000000000011110000000000111100000000001111000000000011110000000000111100000000001111000000000011110000000000111100000000001111110
1111000000000000000000000000001100000000000000000000000000000000000000000000000000000011000000000000110000000000001100000000000000000000000000110000000000000000000000000011000000000000110000000000000000000000000000000000000000111110
1111000000000000000000000000001100000000000000000000000000000000000000000000000000000011000000000000110000000000001100000000000000000000000000110000000000000000000000000011000000000000110000000000000000000000000000000000000000111110
1111000000000000000000000000001100000000000000000000000000000000000000000000000000000011000000000000110000000000001100000000000000000000000000110000000000000000000000000011000000000000110000000000000000000000000000000000000000111110
1111000000000000000000000000001100000000000000000000000000000000000000000000000000000011000000000000110000000000001100000000000000000000000000110000000000000000000000000011000000000000110000000000000000000000000000000000000000111110
1111000000000000000000000000001110000000000000000000000000000000000000000000000000000011000000000000110000000000001100000000000000000000000000110000000000000000000000000011000000000000110000000000000000000000000000000000000000111110
1111000000000000000000000000001110000000000000000000000000000000000000000000000000000011000000000000110000000000001110000000000000000000000000110000000000000000000000000111000000000000110000000000000000000000000000000000000001111110
1111000000000000000000000000001100000000000000000000000000000000000000000000000000000011000000000000110000000000001100000000000000000000000000110000000000000000000000000011000000000000110000000000000000000000000000000000000000111110
1111000000000000000000000000001100000000000000000000000000000000000000000000000000000011000000000000110000000000001100000000000000000000000000110000000000000000000000000011000000000000110000000000000000000000000000000000000000111110
1111000000000000000000000000001100000000000000000000000000000000000000000000000000000011000000000000110000000000001100000000000000000000000000110000000000000000000000000011000000000000110000000000000000000000000000000000000000111110
1111100000000000000000000000001100000000000000000000000000000000000000000000000000000011000000000000110000000000001100000000000000000000000000110000000000000000000000000011000000000000110000000000000000000000000000000000000000111110
1111100000000001111000000000011110000000000111100000000001111000000000011110000100000111100000000001111000000000011110000000000111100000000001111000000000011110000000000111100000000001111000000000011110000000000111100000000001111110
1111100000000001111000000000011110000000000111111111111111111111111111111111111111111111111111111111111000000000011111111111111111111111111111111111111111111110000000000111100000000001111000000000011111111111111111100000000001111110
1111100000000001111000000000011110000000000111111111111111111111111111111111111111111111111111111111111000000000011111111111111111111111111111111111111111111110000000000111100000000001111000000000011111111111111111100000000001111110
1111100000000001111000000000011110000000000111100001100001111000000000011110000000000111100000000001111000000000011110000000000111100001000001111000000000011110000000000111100000000001111000000000011110000000000111100000000001111110
1111000000000000110000000000001100000000000000000000000000000000000000001100000000000000000000000000110000000000000000000000000000000000000000000000000000000000000000000000000000000000110000000000001100000000000000000000000000111110
1111000000000000110000000000001100000000000000000000000000000000000000001100000000000000000000000000110000000000000000000000000000000000000000000000000000000000000000000000000000000000110000000000001100000000000000000000000000111110
1111000000000000110000000000001100000000000000000000000000000000000000001100000000000000000000000000110000000000000000000000000000000000000000000000000000000000000000000000000000000000110000000000001100000000000000000000000000111110
1111000000000000110000000000001100000000000000000000000000000000000000001100000000000000000000000000110000000000000000000000000000000000000000000000000000000000000000000000000000000000110000000000001100000000000000000000000000111110
1111100000000000110000000000001100000000000000000000000000000000000000001110000000000000000000000000111000000000000000000000000000000000000000000000000000000000000000000000000000000000110000000000001100000000000000000000000000111110
1111100000000000110000000000001100000000000000000000000000000000000000001110000000000000000000000000110000000000000000000000000000000000000000000000000000000000000000000000000000000001111000000000001110000000000000000000000000111110
1111000000000000110000000000001100000000000000000000000000000000000000001100000000000000000000000000110000000000000000000000000000000000000000000000000000000000000000000000000000000001110000000000001110000000000000000000000000111110
1111000000000000110000000000001100000000000000000000000000000000000000001100000000000000000000000000110000000000000000000000000000000000000000000000000000000000000000000000000000000000110000000000001100000000000000000000000000111110
1111000000000000110000000000001100000000000000000000000000000000000000001100000000000000000000000000110000000000000000000000000000000000000000000000000000000000000000000000000000000000110000000000001100000000000000000000000000111110
1111000000000000110000000000001100000000000000000000000000000000000000001100000000000000000000000000110000000000000000000000000000000000000000000000000000000000000000000000000000000000110000000000001100000000000000000000000000111110
1111100000000001111000000000011110000000000111100000000001111000000000011110000000000111100000000001111000000000011110000000000111100000000001111000000000011110000000000111100000000001111000000000011110000000000111100000000001111110
1111100000000001111111111111111111111111111111100000000001111111111111111110000000000111111111111111111111111111111111111111111111100000000001111111111111111111111111111111100000000001111000000000011110000000000111111111111111111110
1111100000000001111111111111111111111111111111100000000001111111111111111110000000000111111111111111111111111111111111111111111111100000000001111111111111111111111111111111100000000001111000000000011110000000000111111111111111111110
1111100000000001111000110000011110000000000111100000000001111000000000011110000000000111100000000001111000000000011110000000000111100000000001111000000000011110000110000111100000000001111000000000011110000000000111100000000001111110
1111000000000000000000000000000000000000000000000000000000000000000000001100000000000011000000000000000000000000001100000000000000000000000000110000000000000000000000000000000000000000110000000000001100000000000000000000000000111110
1111000000000000000000000000000000000000000000000000000000000000000000001100000000000011000000000000000000000000001100000000000000000000000000110000000000000000000000000000000000000000110000000000001100000000000000000000000000111110
1111000000000000000000000000000000000000000000000000000000000000000000001100000000000011000000000000000000000000001100000000000000000000000000110000000000000000000000000000000000000000110000000000001100000000000000000000000000111110
1111000000000000000000000000000000000000000000000000000000000000000000001100000000000011000000000000000000000000001100000000000000000000000000110000000000000000000000000000000000000000110000000000001100000000000000000000000000111110
1111000000000000000000000000000000000000000000000000000000000000000000001100000000000011000000000000000000000000011100000000000000000000000000110000000000000000000000000000000000000000110000000000001100000000000000000000000000111110
1111000000000000000000000000000000000000000000000000000000000000000000001100000000000011000000000000000000000000001100000000000000000000000001110000000000000000000000000000000000000000110000000000001100000000000000000000000000111110
1111000000000000000000000000000000000000000000000000000000000000000000001100000000000011000000000000000000000000001100000000000000000000000000110000000000000000000000000000000000000000110000000000001100000000000000000000000000111110
1111000000000000000000000000000000000000000000000000000000000000000000001100000000000011000000000000000000000000001100000000000000000000000000110000000000000000000000000000000000000000110000000000001100000000000000000000000000111110
1111000000000000000000000000000000000000000000000000000000000000000000001100000000000011000000000000000000000000001100000000000000000000000000110000000000000000000000000000000000000000110000000000001100000000000000000000000000111110
1111000000000000000000000000000000000000000000000000000000000000000000001100000000000011000000000000000000000000001100000000000000000000000000110000000000000000000000000000000000000000110000000000001100000000000000000000000000111110
1111100000000001111000000000011110000000000111100000000001111000000000011110000000000111100000000001111000000000011110000000000111100000000001111000000000011110000000000111100000000001111000000000011110000000000111100000000001111110
1111111111111111111000000000011110000000000111111111111111111111111111111110000000000111111111111111111000000000011111111111111111111111111111111111111111111111111111111111111111111111111000000000011111111111111111100000000001111110
1111111111111111111000000000011110000000000111111111111111111111111111111110000000000111111111111111111000000000011111111111111111111111111111111111111111111111111111111111111111111111111000000000011111111111111111100000000001111110
1111100000000001111000000000011110000000000111100000000001111000011000011110000000000111100000000001111000000000011110000000000111100000000001111000000000011110000110000111100000000001111000000000011110000000000111100000000001111110
1111000000000000000000000000001100000000000011000000000000000000000000000000000000000000000000000000110000000000000000000000000000000000000000110000000000000000000000000000000000000000000000000000000000000000000011000000000000111110
1111000000000000000000000000001100000000000011000000000000000000000000000000000000000000000000000000110000000000000000000000000000000000000000110000000000000000000000000000000000000000000000000000000000000000000011000000000000111110
1111000000000000000000000000001100000000000011000000000000000000000000000000000000000000000000000000110000000000000000000000000000000000000000110000000000000000000000000000000000000000000000000000000000000000000011000000000000111110
1111000000000000000000000000001100000000000011000000000000000000000000000000000000000000000000000000110000000000000000000000000000000000000000110000000000000000000000000000000000000000000000000000000000000000000011000000000000111110
1111100000000000000000000000001100000000000011000000000000000000000000000000000000000000000000000001110000000000000000000000000000000000000000110000000000000000000000000000000000000000000000000000000000000000000011000000000001111110
1111100000000000000000000000011100000000000011000000000000000000000000000000000000000000000000000001110000000000000000000000000000000000000000111000000000000000000000000000000000000000000000000000000000000000000011000000000001111110
1111000000000000000000000000001100000000000011000000000000000000000000000000000000000000000000000000110000000000000000000000000000000000000000111000000000000000000000000000000000000000000000000000000000000000000011000000000000111110
1111000000000000000000000000001100000000000011000000000000000000000000000000000000000000000000000000110000000000000000000000000000000000000000110000000000000000000000000000000000000000000000000000000000000000000011000000000000111110
1111000000000000000000000000001100000000000011000000000000000000000000000000000000000000000000000000110000000000000000000000000000000000000000110000000000000000000000000000000000000000000000000000000000000000000011000000000000111110
1111000000000000000000000000001100000000000011000000000000000000000000000000000000000000000000000000110000000000000000000000000000000000000000110000000000000000000000000000000000000000000000000000000000000000000011000000000000111110
1111100000000001111000000000011110000000000111100000000001111000000000011110000000000111100000000001111000000000011110000010000111100000000001111000000000011110000000000111100000000001111000001000011110000000000111100000000001111110
1111100000000001111111111111111110000000000111100000000001111111111111111111111111111111100000000001111111111111111111111111111111100000000001111000000000011111111111111111111111111111111111111111111110000000000111100000000001111110
1111100000000001111111111111111110000000000111100000000001111111111111111111111111111111100000000001111111111111111111111111111111100000000001111000000000011111111111111111111111111111111111111111111110000000000111100000000001111110
1111100000000001111000000000011110000000000111100000000001111000000000011110000100000111100000000001111000000000011110000000000111100000000001111000000000011110000000000111100000000001111000000000011110000000000111100000000001111110
1111000000000000110000000000000000000000000000000000000000110000000000000000000000000011000000000000000000000000000000000000000011000000000000110000000000001100000000000011000000000000000000000000000000000000000011000000000000111110
1111000000000000110000000000000000000000000000000000000000110000000000000000000000000011000000000000000000000000000000000000000011000000000000110000000000001100000000000011000000000000000000000000000000000000000011000000000000111110
1111000000000000110000000000000000000000000000000000000000110000000000000000000000000011000000000000000000000000000000000000000011000000000000110000000000001100000000000011000000000000000000000000000000000000000011000000000000111110
1111000000000000111000000000000000000000000000000000000000110000000000000000000000000011000000000000000000000000000000000000000011000000000000110000000000001100000000000011000000000000000000000000000000000000000011000000000000111110
1111000000000000111000000000000000000000000000000000000000110000000000000000000000000011000000000000000000000000000000000000000011000000000000110000000000001100000000000011100000000000000000000000000000000000000011000000000000111110
1111000000000000110000000000000000000000000000000000000000110000000000000000000000000011000000000000000000000000000000000000000011000000000001110000000000001100000000000011100000000000000000000000000000000000000111000000000000111110
1111000000000000110000000000000000000000000000000000000000110000000000000000000000000011000000000000000000000000000000000000000011000000000000110000000000001100000000000011000000000000000000000000000000000000000011000000000000111110
1111000000000000110000000000000000000000000000000000000000110000000000000000000000000011000000000000000000000000000000000000000011000000000000110000000000001100000000000011000000000000000000000000000000000000000011000000000000111110
1111000000000000110000000000000000000000000000000000000000110000000000000000000000000011000000000000000000000000000000000000000011000000000000110000000000001100000000000011000000000000000000000000000000000000000011000000000000111110
1111000000000000110000000000000000000000000000000000000000110000000000000000000000000011000000000000000000000000000000000000000011000000000000110000000000001100000000000011000000000000000000000000000000000000000011000000000000111110
1111100000000001111000000000011110000000000111100000000001111000000000011110000000000111100000000001111000011000011110000000000111100000000001111000000000011110000000000111100000000001111000000000011110000000000111100000000001111110
1111100000000001111000000000011111111111111111111111111111111000000000011110000000000111111111111111111111111111111111111111111111100000000001111000000000011110000000000111111111111111111111111111111110000000000111111111111111111110
1111100000000001111000000000011111111111111111111111111111111000000000011110000000000111111111111111111111111111111111111111111111100000000001111000000000011110000000000111111111111111111111111111111110000000000111111111111111111110
1111100000000001111000000000011110000000000111100000000001111000000000011110000000000111100000000001111000001000011110000000000111100000000001111000000000011110000000000111100000000001111000000000011110000000000111100000000001111110
1111000000000000110000000000001100000000000000000000000000000000000000001100000000000011000000000000000000000000000000000000000000000000000000110000000000000000000000000000000000000000110000000000001100000000000000000000000000111110
1111000000000000110000000000001100000000000000000000000000000000000000001100000000000011000000000000000000000000000000000000000000000000000000110000000000000000000000000000000000000000110000000000001100000000000000000000000000111110
1111000000000000110000000000001100000000000000000000000000000000000000001100000000000011000000000000000000000000000000000000000000000000000000110000000000000000000000000000000000000000110000000000001100000000000000000000000000111110
1111000000000000110000000000001100000000000000000000000000000000000000001100000000000011000000000000000000000000000000000000000000000000000000110000000000000000000000000000000000000000110000000000001100000000000000000000000000111110
1111000000000000110000000000001100000000000000000000000000000000000000001100000000000011000000000000000000000000000000000000000000000000000000111000000000000000000000000000000000000000110000000000001100000000000000000000000000111110
1111000000000001110000000000001100000000000000000000000000000000000000001100000000000011000000000000000000000000000000000000000000000000000000111000000000000000000000000000000000000000110000000000011100000000000000000000000000111110
1111000000000000110000000000001100000000000000000000000000000000000000001100000000000011000000000000000000000000000000000000000000000000000000110000000000000000000000000000000000000000110000000000001100000000000000000000000000111110
1111000000000000110000000000001100000000000000000000000000000000000000001100000000000011000000000000000000000000000000000000000000000000000000110000000000000000000000000000000000000000110000000000001100000000000000000000000000111110
1111000000000000110000000000001100000000000000000000000000000000000000001100000000000011000000000000000000000000000000000000000000000000000000110000000000000000000000000000000000000000110000000000001100000000000000000000000000111110
1111000000000000110000000000001100000000000000000000000000000000000000001100000000000011000000000000000000000000000000000000000000000000000000110000000000000000000000000000000000000000110000000000001100000000000000000000000000111110
1111100000000001111000000000011110000000000111100000000001111000000000011110000000000111100000000001111000000000011110000000000111100000000001111000000000011110000100000111100000000001111000000000011110000000000111100000000001111110
1111100000000001111000000000011110000000000111111111111111111000000000011110000000000111100000000001111111111111111110000000000111111111111111111000000000011111111111111111111111111111111000000000011111111111111111100000000001111110
1111100000000001111000000000011110000000000111111111111111111000000000011110000000000111100000000001111111111111111110000000000111111111111111111000000000011111111111111111111111111111111000000000011111111111111111100000000001111110
1111100000000001111000000000011110000000000111100000100001111000000000011110000000000111100000000001111000000000011110000000000111100000000001111000000000011110000000000111100001100001111000000000011110000000000111100000000001111110
1111000000000000110000000000001100000000000000000000000000000000000000001100000000000000000000000000000000000000001100000000000000000000000000110000000000000000000000000000000000000000110000000000000000000000000011000000000000111110
1111000000000000110000000000001100000000000000000000000000000000000000001100000000000000000000000000000000000000001100000000000000000000000000110000000000000000000000000000000000000000110000000000000000000000000011000000000000111110
1111000000000000110000000000001100000000000000000000000000000000000000001100000000000000000000000000000000000000001100000000000000000000000000110000000000000000000000000000000000000000110000000000000000000000000011000000000000111110
1111000000000000110000000000001100000000000000000000000000000000000000001100000000000000000000000000000000000000001100000000000000000000000000110000000000000000000000000000000000000000110000000000000000000000000011000000000000111110
1111000000000000110000000000001100000000000000000000000000000000000000001100000000000000000000000000000000000000001100000000000000000000000000110000000000000000000000000000000000000000110000000000000000000000000011000000000000111110
1111000000000000110000000000011100000000000000000000000000000000000000011100000000000000000000000000000000000000001110000000000000000000000000110000000000000000000000000000000000000000110000000000000000000000000011100000000000111110
1111000000000000110000000000011100000000000000000000000000000000000000001100000000000000000000000000000000000000001100000000000000000000000000110000000000000000000000000000000000000000110000000000000000000000000011000000000000111110
1111000000000000110000000000001100000000000000000000000000000000000000001100000000000000000000000000000000000000001100000000000000000000000000110000000000000000000000000000000000000000110000000000000000000000000011000000000000111110
1111000000000000110000000000001100000000000000000000000000000000000000001100000000000000000000000000000000000000001100000000000000000000000000110000000000000000000000000000000000000000110000000000000000000000000011000000000000111110
1111000000000000110000000000001100000000000000000000000000000000000000001100000000000000000000000000000000000000001100000000000000000000000000110000000000000000000000000000000000000000110000000000000000000000000011000000000000111110
1111100000000001111000000000011110000000000111100000000001111000000000011110000000000111100000000001111000000000011110000000000111100000000001111000000000011110000000000111100000000001111000000000011110000000000111100000000001111110
1111100000000001111000000000011110000000000111111111111111111000000000011111111111111111111111111111111000000000011111111111111111111111111111111111111111111111111111111111100000000001111000000000011111111111111111100000000001111110
1111100000000001111000000000011110000000000111111111111111111000000000011111111111111111111111111111111000000000011111111111111111111111111111111111111111111111111111111111100000000001111000000000011111111111111111100000000001111110
1111100000000001111000000000011110000000000111100000000001111000000000011110000000000111100111111001111000000000011110000000000111100000000001111000000000011110000010000111100000000001111000000000011110000000000111100000000001111110
1111000000000000110000000000001100000000000000000000000000110000000000000000000000000011000100001000110000000000000000000000000011000000000000000000000000000000000000000000000000000000000000000000001100000000000000000000000000111110
1111000000000000110000000000001100000000000000000000000000110000000000000000000000000011000100001000110000000000000000000000000011000000000000000000000000000000000000000000000000000000000000000000001100000000000000000000000000111110
1111000000000000110000000000001100000000000000000000000000110000000000000000000000000011000100001000110000000000000000000000000011000000000000000000000000000000000000000000000000000000000000000000001100000000000000000000000000111110
1111000000000000110000000000001100000000000000000000000000110000000000000000000000000011100100001001110000000000000000000000000011000000000000000000000000000000000000000000000000000000000000000000001100000000000000000000000000111110
1111000000000000110000000000001100000000000000000000000001110000000000000000000000000011100100001001110000000000000000000000000011000000000000000000000000000000000000000000000000000000000000000000001100000000000000000000000000111110
1111100000000000110000000000001100000000000000000000000001110000000000000000000000000011000100001000110000000000000000000000000011100000000000000000000000000000000000000000000000000000000000000000001100000000000000000000000000111110
1111100000000000110000000000001100000000000000000000000000110000000000000000000000000011100100001001110000000000000000000000000011000000000000000000000000000000000000000000000000000000000000000000001100000000000000000000000000111110
1111000000000000110000000000001100000000000000000000000000110000000000000000000000000011100100001001110000000000000000000000000011000000000000000000000000000000000000000000000000000000000000000000001100000000000000000000000000111110
1111000000000000110000000000001100000000000000000000000000110000000000000000000000000011000000000000110000000000000000000000000011000000000000000000000000000000000000000000000000000000000000000000001100000000000000000000000000111110
1111000000000000110000000000001100000000000000000000000000110000000000000000000000000011000000000000110000000000000000000000000011000000000000000000000000000000000000000000000000000000000000000000001100000000000000000000000000111110
1111100000000001111000000000011110000000000111100000000001111000000000011110000000000111100000000001111000000000011110000000000111100000000001111000000000011110000000000111100000000001111000011000011110000000000111100000000001111110
1111100000000001111111111111111111111111111111100000000001111111111111111111111111111111100000000001111000000000011111111111111111100000000001111000000000011111111111111111111111111111111111111111111110000000000111111111111111111110
1111100000000001111111111111111111111111111111100000000001111111111111111111111111111111100000000001111000000000011111111111111111100000000001111000000000011111111111111111111111111111111111111111111110000000000111111111111111111110
1111100000000001111000000000011110000000000111100000000001111000110000011110000000000111100000000001111000000000011110000000000111100000000001111000000000011110000000000111100000000001111000000000011110000000000111100001100001111110
1111000000000000000000000000000000000000000000000000000000110000000000001100000000000011000000000000000000000000001100000000000000000000000000110000000000000000000000000011000000000000000000000000000000000000000000000000000000111110
1111000000000000000000000000000000000000000000000000000000110000000000001100000000000011000000000000000000000000001100000000000000000000000000110000000000000000000000000011000000000000000000000000000000000000000000000000000000111110
1111000000000000000000000000000000000000000000000000000000110000000000001100000000000011000000000000000000000000001100000000000000000000000000110000000000000000000000000011000000000000000000000000000000000000000000000000000000111110
1111000000000000000000000000000000000000000000000000000000110000000000001100000000000011000000000000000000000000001100000000000000000000000000110000000000000000000000000011000000000000000000000000000000000000000000000000000000111110
1111000000000000000000000000000000000000000000000000000000110000000000001100000000000011000000000000000000000000001100000000000000000000000000110000000000000000000000000011100000000000000000000000000000000000000000000000000000111110
1111000000000000000000000000000000000000000000000000000000110000000000001100000000000011000000000000000000000000001100000000000000000000000000110000000000000000000000000011000000000000000000000000000000000000000000000000000000111110
1111000000000000000000000000000000000000000000000000000000110000000000001100000000000011000000000000000000000000001100000000000000000000000000110000000000000000000000000011000000000000000000000000000000000000000000000000000000111110
1111000000000000000000000000000000000000000000000000000000110000000000001100000000000011000000000000000000000000001100000000000000000000000000110000000000000000000000000011000000000000000000000000000000000000000000000000000000111110
1111000000000000000000000000000000000000000000000000000000110000000000001100000000000011000000000000000000000000001100000000000000000000000000110000000000000000000000000011000000000000000000000000000000000000000000000000000000111110
1111000000000000000000000000000000000000000000000000000000110000000000001100000000000011000000000000000000000000001100000000000000000000000000110000000000000000000000000011000000000000000000000000000000000000000000000000000000111110
1111100000000001111000001000011110000000000111100000000001111000000000011110000000000111100000100001111000000000011110000000000111100000000001111000000000011110000000000111100000000001111000001000011110000000000111100000000001111110
1111111111111111111111111111111110000000000111111111111111111000000000011110000000000111111111111111111111111111111111111111111111100000000001111000000000011111111111111111100000000001111111111111111110000000000111100000000001111110
1111111111111111111111111111111110000000000111111111111111111000000000011110000000000111111111111111111111111111111111111111111111100000000001111000000000011111111111111111100000000001111111111111111110000000000111100000000001111110
1111100000000001111000000000011110000000000111100000000001111000000000011110000000000111100000000001111000110000011110000000000111100000000001111000000000011110000000000111100000000001111000000000011110000000000111100000000001111110
1111000000000000110000000000000000000000000000000000000000110000000000000000000000000011000000000000000000000000000000000000000000000000000000110000000000001100000000000000000000000000000000000000001100000000000011000000000000111110
1111000000000000110000000000000000000000000000000000000000110000000000000000000000000011000000000000000000000000000000000000000000000000000000110000000000001100000000000000000000000000000000000000001100000000000011000000000000111110
1111000000000000110000000000000000000000000000000000000000110000000000000000000000000011000000000000000000000000000000000000000000000000000000110000000000001100000000000000000000000000000000000000001100000000000011000000000000111110
1111000000000000110000000000000000000000000000000000000000110000000000000000000000000011000000000000000000000000000000000000000000000000000000110000000000001100000000000000000000000000000000000000001100000000000011000000000000111110
1111000000000000110000000000000000000000000000000000000000110000000000000000000000000011000000000000000000000000000000000000000000000000000000110000000000001100000000000000000000000000000000000000001100000000000011000000000000111110
1111000000000000110000000000000000000000000000000000000000110000000000000000000000000111000000000000000000000000000000000000000000000000000001110000000000001100000000000000000000000000000000000000001100000000000011000000000000111110
1111000000000000110000000000000000000000000000000000000000110000000000000000000000000011000000000000000000000000000000000000000000000000000000110000000000001100000000000000000000000000000000000000001100000000000011000000000000111110
1111000000000000110000000000000000000000000000000000000000110000000000000000000000000011000000000000000000000000000000000000000000000000000000110000000000001100000000000000000000000000000000000000001100000000000011000000000000111110
1111000000000000110000000000000000000000000000000000000000110000000000000000000000000011000000000000000000000000000000000000000000000000000000110000000000001100000000000000000000000000000000000000001100000000000011000000000000111110
1111000000000000110000000000000000000000000000000000000000110000000000000000000000000011000000000000000000000000000000000000000000000000000000110000000000001100000000000000000000000000000000000000001100000000000011000000000000111110
1111100000000001111000000000011110000000000111100000000001111000000000011110000000000111100000000001111000000000011110000000000111100000000001111000000000011110000000000111100000000001111000000000011110000000000111100000000001111110
1111100000000001111111111111111111111111111111100000000001111111111111111110000000000111100000000001111000000000011111111111111111111111111111111111111111111111111111111111111111111111111111111111111111111111111111100000000001111110
1111100000000001111111111111111111111111111111100000000001111111111111111110000000000111100000000001111000000000011111111111111111111111111111111111111111111111111111111111111111111111111111111111111111111111111111100000000001111110
1111100000000001111000000000011110000010000111100000000001111000000000011110000000000111100000000001111000000000011110000000000111100000000001111000000000011110000000000111100000100001111000000000011110000000000111100000000001111110
1111000000000000000000000000000000000000000011000000000000000000000000001100000000000011000000000000110000000000000000000000000011000000000000110000000000000000000000000000000000000000000000000000001100000000000000000000000000111110
1111000000000000000000000000000000000000000011000000000000000000000000001100000000000011000000000000110000000000000000000000000011000000000000110000000000000000000000000000000000000000000000000000001100000000000000000000000000111110
1111000000000000000000000000000000000000000011000000000000000000000000001100000000000011000000000000110000000000000000000000000011000000000000110000000000000000000000000000000000000000000000000000001100000000000000000000000000111110
1111000000000000000000000000000000000000000011000000000000000000000000001100000000000011000000000000110000000000000000000000000011000000000000110000000000000000000000000000000000000000000000000000001100000000000000000000000000111110
1111100000000000000000000000000000000000000011000000000000000000000000001100000000000011000000000000110000000000000000000000000111000000000000110000000000000000000000000000000000000000000000000000001100000000000000000000000000111110
1111100000000000000000000000000000000000000011000000000000000000000000001100000000000011000000000000110000000000000000000000000111000000000000110000000000000000000000000000000000000000000000000000001100000000000000000000000000111110
1111000000000000000000000000000000000000000011000000000000000000000000001100000000000011000000000000110000000000000000000000000011000000000000110000000000000000000000000000000000000000000000000000001110000000000000000000000000111110
1111000000000000000000000000000000000000000011000000000000000000000000001100000000000011000000000000110000000000000000000000000011000000000000110000000000000000000000000000000000000000000000000000001100000000000000000000000000111110
1111000000000000000000000000000000000000000011000000000000000000000000001100000000000011000000000000110000000000000000000000000011000000000000110000000000000000000000000000000000000000000000000000001100000000000000000000000000111110
1111000000000000000000000000000000000000000011000000000000000000000000001100000000000011000000000000110000000000000000000000000011000000000000110000000000000000000000000000000000000000000000000000001100000000000000000000000000111110
1111100000000001111000000000011110000000000111100000100001111000000000011110000000000111100000000001111000000000011110000000000111100000000001111000000000011110000000000111100000000001111000000000011110000000000111100000000001111110
1111100000000001111111111111111110000000000111111111111111111111111111111110000000000111100000000001111111111111111111111111111111100000000001111000000000011111111111111111100000000001111111111111111110000000000111111111111111111110
1111100000000001111111111111111110000000000111111111111111111111111111111110000000000111100000000001111111111111111111111111111111100000000001111000000000011111111111111111100000000001111111111111111110000000000111111111111111111110
1111100000000001111000000000011110000000000111100000000001111000001000011110000000000111100000000001111000010000011110000000000111100000000001111000000000011110000000000111100000000001111000000000011110000000000111100000000001111110
1111000000000000000000000000001100000000000011000000000000000000000000000000000000000000000000000000000000000000001100000000000000000000000000110000000000001100000000000000000000000000000000000000001100000000000011000000000000111110
1111000000000000000000000000001100000000000011000000000000000000000000000000000000000000000000000000000000000000001100000000000000000000000000110000000000001100000000000000000000000000000000000000001100000000000011000000000000111110
1111000000000000000000000000001100000000000011000000000000000000000000000000000000000000000000000000000000000000001100000000000000000000000000110000000000001100000000000000000000000000000000000000001100000000000011000000000000111110
1111000000000000000000000000001100000000000011000000000000000000000000000000000000000000000000000000000000000000001100000000000000000000000000110000000000001100000000000000000000000000000000000000001100000000000011000000000000111110
1111000000000000000000000000001100000000000011000000000000000000000000000000000000000000000000000000000000000000001100000000000000000000000000110000000000001100000000000000000000000000000000000000001100000000000011000000000000111110
1111000000000000000000000000001100000000000011000000000000000000000000000000000000000000000000000000000000000000001100000000000000000000000001110000000000001100000000000000000000000000000000000000001100000000000011000000000000111110
1111000000000000000000000000001100000000000011000000000000000000000000000000000000000000000000000000000000000000001100000000000000000000000000110000000000001100000000000000000000000000000000000000001100000000000011000000000000111110
1111000000000000000000000000001100000000000011000000000000000000000000000000000000000000000000000000000000000000001100000000000000000000000000110000000000001100000000000000000000000000000000000000001100000000000011000000000000111110
1111000000000000000000000000001100000000000011000000000000000000000000000000000000000000000000000000000000000000001100000000000000000000000000110000000000001100000000000000000000000000000000000000001100000000000011000000000000111110
1111000000000000000000000000001100000000000011000000000000000000000000000000000000000000000000000000000000000000001100000000000000000000000000110000000000001100000000000000000000000000000000000000001100000000000011000000000000111110
1111100000000001111000000000011110000000000111100000000001111000000000011110000000000111100000000001111000000000011110000000000111100000000001111000000000011110000000000111100000100001111000000000011110000000000111100000000001111110
1111111111111111111111111111111110000000000111100000000001111111111111111111111111111111111111111111111000000000011110000000000111111111111111111000000000011110000000000111111111111111111000000000011111111111111111100000000001111110
1111111111111111111111111111111110000000000111100000000001111111111111111111111111111111111111111111111000000000011110000000000111111111111111111000000000011110000000000111111111111111111000000000011111111111111111100000000001111110
1111100000000001111000001000011110000000000111100000000001111000000000011110000100000111100000000001111000000000011110000000000111100000000001111000000000011110000000000111100000000001111000000000011110000000000111100000000001111110
1111000000000000000000000000000000000000000000000000000000110000000000000000000000000000000000000000110000000000000000000000000000000000000000000000000000001100000000000011000000000000110000000000000000000000000000000000000000111110
1111000000000000000000000000000000000000000000000000000000110000000000000000000000000000000000000000110000000000000000000000000000000000000000000000000000001100000000000011000000000000110000000000000000000000000000000000000000111110
1111000000000000000000000000000000000000000000000000000000110000000000000000000000000000000000000000110000000000000000000000000000000000000000000000000000001100000000000011000000000000110000000000000000000000000000000000000000111110
1111000000000000000000000000000000000000000000000000000000110000000000000000000000000000000000000000110000000000000000000000000000000000000000000000000000001100000000000011000000000000110000000000000000000000000000000000000000111110
1111000000000000000000000000000000000000000000000000000000110000000000000000000000000000000000000000110000000000000000000000000000000000000000000000000000001100000000000011000000000000110000000000000000000000000000000000000000111110
1111000000000000000000000000000000000000000000000000000000110000000000000000000000000000000000000000110000000000000000000000000000000000000000000000000000011100000000000011000000000000110000000000000000000000000000000000000000111110
1111000000000000000000000000000000000000000000000000000000110000000000000000000000000000000000000000110000000000000000000000000000000000000000000000000000011100000000000011000000000000110000000000000000000000000000000000000000111110
1111000000000000000000000000000000000000000000000000000000110000000000000000000000000000000000000000110000000000000000000000000000000000000000000000000000001100000000000011000000000000110000000000000000000000000000000000000000111110
1111000000000000000000000000000000000000000000000000000000110000000000000000000000000000000000000000110000000000000000000000000000000000000000000000000000001100000000000011000000000000110000000000000000000000000000000000000000111110
1111000000000000000000000000000000000000000000000000000000110000000000000000000000000000000000000000110000000000000000000000000000000000000000000000000000001100000000000011000000000000110000000000000000000000000000000000000000111110
1111100000000001111000000000011110000000000111100000000001111000000000011110000000000111100000000001111000000000011110000000000111100001100001111000000000011110000000000111100000000001111000000000011110000000000111100000000001111110
1111100000000001111111111111111110000000000111111111111111111111111111111111111111111111100000000001111000000000011111111111111111111111111111111000000000011111111111111111100000000001111111111111111110000000000111111111111111111110
1111100000000001111111111111111110000000000111111111111111111111111111111111111111111111100000000001111000000000011111111111111111111111111111111000000000011111111111111111100000000001111111111111111110000000000011111111111111111110
1111100000000001111000000000011110000000000111100000000001111000000000011110000000000111100000000001111000000000011110000000000111100000000001111000000000011110000000000111100000000001111000000000011110000000000011111111111111111110
1111000000000000110000000000000000000000000000000000000000000000000000001100000000000000000000000000000000000000000000000000000011000000000000000000000000000000000000000000000000000000000000000000001100000000000000111111111111111110
1111000000000000110000000000000000000000000000000000000000000000000000001100000000000000000000000000000000000000000000000000000011000000000000000000000000000000000000000000000000000000000000000000001100000000000000001111111111111110
1111000000000000110000000000000000000000000000000000000000000000000000001100000000000000000000000000000000000000000000000000000011000000000000000000000000000000000000000000000000000000000000000000001100000000000000001111111111111110
1111000000000000110000000000000000000000000000000000000000000000000000001100000000000000000000000000000000000000000000000000000011000000000000000000000000000000000000000000000000000000000000000000001100000000000000000000000001111110
1111000000000000110000000000000000000000000000000000000000000000000000001110000000000000000000000000000000000000000000000000000011000000000000000000000000000000000000000000000000000000000000000000001110000000000000000000000001111110
1111000000000000110000000000000000000000000000000000000000000000000000001110000000000000000000000000000000000000000000000000000011000000000000000000000000000000000000000000000000000000000000000000001110000000000000000000000001111110
1111000000000000110000000000000000000000000000000000000000000000000000001100000000000000000000000000000000000000000000000000000011000000000000000000000000000000000000000000000000000000000000000000001100000000000000000000000001111110
1111000000000000110000000000000000000000000000000000000000000000000000001100000000000000000000000000000000000000000000000000000011000000000000000000000000000000000000000000000000000000000000000000001100000000000000001111111111111110
1111000000000000110000000000000000000000000000000000000000000000000000001100000000000000000000000000000000000000000000000000000011000000000000000000000000000000000000000000000000000000000000000000001100000000000000001111111111111110
1111000000000000110000000000000000000000000000000000000000000000000000001100000000000000000000000000000000000000000000000000000011000000000000000000000000000000000000000000000000000000000000000000001100000000000000111111111111111110
1111100000000001111000000000011110000010000111100000000001111000000000011110000000000111100000000001111000110000011110000000000111100000000001111000000000011110000100000111100000000001111000000000011110000000000011111111111111111110
1111111111111111111111111111111111111111111111111111111111111111111111111111111111111111111111111111111111111111111111111111111111111111111111111111111111111111111111111111111111111111111111111111111111111111111111111111111111111110
1111111111111111111111111111111111111111111111111111111111111111111111111111111111111111111111111111111111111111111111111111111111111111111111111111111111111111111111111111111111111111111111111111111111111111111111111111111111111110
1111111111111111111111111111111111111111111111111111111111111111111111111111111111111111111111111111111111111111111111111111111111111111111111111111111111111111111111111111111111111111111111111111111111111111111111111111111111111110
1111111111111111111111111111111111111111111111111111111111111111111111111111111111111111111111111111111111111111111111111111111111111111111111111111111111111111111111111111111111111111111111111111111111111111111111111111111111111110
