00000000000000000000000000000000000000000000000000000000000000000000000000000000000000000000000000000000000000000000000000000000000000000000000000000000000000000000000000000000000000000000000000000000
55555555555555555555555555555555555555555555555555555555555555555555555555555555555555555555555555555555555555555511111111111111111111111111111111111111111111111111111111111555555555555555555555555550
55555555555555555555555555555555555555555555555555555555555555555555555555555555555555555555555555555555555555555511111111111111111111111111111111111111111111111111111111111555555555555555555555555550
55555555555555555555555555555555555555555555555555555555555555555555555555555555555555555555555555555555555555555511111111111111111111111111111111111111111111111111111111111555555555555555555555555550
55550000000000000000000000000000000000000000000000000000000000000000000000000000000000000000000000000000000055555511111111111111111111111111111111111111111111111111111111111555555500000000000000005550
55550000000000000000000000000000000000000000000000000000000000000000000000000000000000000000000000000000000055555511111111111111111111111111111111111111111111111111111111111555555500000000000000005550
55550000000000000000000000000000000000000000000000000000000000000000000000000000000000000000000000000000000055555511111111111111111111111111111111111111111111111111111111111555555500000000000000005550
55550001100000011000000000000000000000000000000000000000000000000000000000000000000000000000000000000000000055555511111111111111111111111111111111111111111111111111111111111555555500011000000110005550
55550001111111111000000000000000000000000000000000000000000000000000000000000000000000000000000000000000000055555511111111111111111111111111111111111111111111111111111111111555555500011111111110005550
55550000111111110000000000000000000000000000000000000000000000000000000000000000000000000000000000000000000055555511111111111111111111111111111111111111111111111111111111111555555500001111111100005550
55550000111111000000000000000000000000000000000000000000000000000000000000000000000000000000000000000000000055555511111111111111111111111111111111111111111111111111111111111555555500001111111100005550
55550000111111000000000000000000000000000000000000000000000000000000000000000000000000000000000000000000000055555511111111111111111111111111111111111111111111111111111111111555555500001111111100005550
55550000111111000000000000000000000000000000000000000000000000000000000000000000000000000000000000000000000055555511111111111111111111111111111111111111111111111111111111111555555500001111111100005550
55550000111111000000000000000000000000000000000000000000000000000000000000000000000000000000000000000000000055555511111111111111111111111111111111111111111111111111111111111555555500001111111100005550
55550000111111110000000000000000000000000000000000000000000000000000000000000000000000000000000000000000000055555511111111111111111111111111111111111111111111111111111111111555555500001100001100005550
55550001111111111000000000000000000000000000000000000000000000000000000000000000000000000000000000000000000055555511111111111111111111111111111111111111111111111111111111111555555500011100001110005550
55550001100000011000000000000000000000000000000000000000000000000000000000000000000000000000000000000000000055555511111111111111111111111111111111111111111111111111111111111555555500011000000110005550
55550000000000000000000000000000000000000000000000000000000000000000000000000000000000000000000000000000000055555511111111111111111111111111111111111111111111111111111111111555555500000000000000005550
55550000000000000000000000000000000000000000000000000000000000000000000000000000000000000000000000000000000055555511111111111111111111111111111111111111111111111111111111111555555500000000000000005550
55550000000000000000000000000000000000000000000000000000000000000000000000000000000000000000000000000000000055555511111111111111111111111111111111111111111111111111111111111555555500000000000000005550
55555555555555555555555555555555555555555555555555555555555555555555555555555555555555555555000000000000000055555511111111111111111111111111111111111111111111111111111111111555555500000000000000005550
55555555555555555555555555555555555555555555555555555555555555555555555555555555555555555555000000000000000055555511111111111111111111111111111111111111111111111111111111111555555500000000000000005550
55555555555555555555555555555555555555555555555555555555555555555555555555555555555555555555000000000000000055555555555555555555555555555555555555555555555555555555555555555555555500000000000000005550
55555555555555555555555555555555555555555555555555555555555555555555555555555555555555555555000000000000000055555555555555555555555555555555555555555555555555555555555555555555555500000000000000005550
55555555555555555555555555555555555555555555555555555555555555555555555555555555555555555555000000000000000055555555555555555555555555555555555555555555555555555555555555555555555500000000000000005550
55555555555555555555555555555555555555555555555555555555555555555555555555555555555555555555000000000000000055555555555555555555555555555555555555555555555555555555555555555555555500000000000000005550
55555555555555555555555555555555555555555555555555555555555555555555555555555555555555555555000000000000000055555555555555555555555555555555555555555555555555555555555555555555555500000000000000005550
11111111111111111111115555555555555555555555555555555555555555555555555555555555555555555555000000000000000055555555555555555555555555555555555555555555555555555555555555555555555500000000000000005550
11111111111111111111115555550000000000000000000000000000000000000000000000000000000000000000000000000000000000000000000000000000000000000000000000000000000000000000000000005555555500000000000000005550
11111111111111111111115555550000000000000000000000000000000000000000000000000000000000000000000000000000000000000000000000000000000000000000000000000000000000000000000000005555555500000000000000005550
11111111111111111111115555550000000000000000000000000000000000000000000000000000000000000000000000000000000000000000000000000000000000000000000000000000000000000000000000005555555500000000000000005550
11111111111111111111115555550000000000000000000000000000000000000000000000000000000000000000000000000000000000000000000000000000000000000000000000000000000000000000000000005555555500000000000000005550
11111111111111111111115555550000000000000000000000000000000000000000000000000000000000000000000000000000000000000000000000000000000000000000000000000000000000000000000000005555555500000000000000005550
11111111111111111111115555550000000000000000000000000000000000000000000000000000000000000000000000000000000000000000000000000000000000000000000000000000000000000000000000005555555500000000000000005550
11111111111111111111115555550000000000000000000000000000000000000000000000000000000000000000000000000000000000000000000000000000000000000000000000000000000000000000000000005555555500000000000000005550
11111111111111111111115555550000000000000000000000000000000000000000000000000000000000000000000000000000000000000000000000000000000000000000000000000000000000000000000000005555555500000000000000005550
11111111111111111111115555550000000055555555555555555555555555555555555555555555555555555555000000000000000055555555555555555555555555555555555555555555555555555555000000005555555500000000000000005550
11111111111111111111115555550000000055555555555555555555555555555555555555555555555555555555000000000000000055555555555555555555555555555555555555555555555555555555000000005555555500000000000000005550
11111111111111111111115555550000000055555555555555555555555555555555555555555555555555555555000000000000000055555555555555555555555555555555555555555555555555555555000000005555555500000000000000005550
11111111111111111111115555550000000055555555555555555555555555555555555555555555555555555555000000000000000055555555555555555555555555555555555555555555555555555555000000005555555500000000000000005550
11111111111111111111115555550000000055555555555555555555555555555555555555555555555555555555000000000000000055555555555555555555555555555555555555555555555555555555000000005555555500000000000000005550
11111111111111111111115555550000000055555555555555555555555555555555555555555555555555555555000000000000000055555555555555555555555555555555555555555555555555555555000000005555555500000000000000005550
11111111111111111111115555550000000055555555555555555555555555555555555555555555555555555555000000000000000055555555555555555555555555555555555555555555555555555555000000005555555500000000000000005550
11111111111111111111115555550000000055555555555555555555555555555555555555555555555555555555000000000000000055555555555555555555555555555555555555555555555555555555000000005555555500000000000000005550
11111111111111111111115555550000000055555555000000000000000000000000000000000000000000000000000000000000000000000000000000000000000000000000000000000000000055555555000000005555555500000000000000005550
11111111111111111111115555550000000055555555000000000000000000000000000000000000000000000000000000000000000000000000000000000000000000000000000000000000000055555555000000005555555500000000000000005550
11111111111111111111115555550000000055555555000000000000000000000000000000000000000000000000000000000000000000000000000000000000000000000000000000000000000055555555000000005555555500000000000000005550
11111111111111111111115555550000000055555555000000000000000000000000000000000000000000000000000000000000000000000000000000000000000000000000000000000000000055555555000000005555555500000000000000005550
11111111111111111111115555550000000055555555000000000000000000000000000000000000000000000000000000000000000000000000000000000000000000000000000000000000000055555555000000005555555500000000000000005550
11111111111111111111115555550000000055555555000000000000000000000000000000000000000000000000000000000000000000000000000000000000000000000000000000000000000055555555000000005555555500000000000000005550
11111111111111111111115555550000000055555555000000000000000000000000000000000000000000000000000000000000000000000000000000000000000000000000000000000000000055555555000000005555555500000000000000005550
11111111111111111111115555550000000055555555000000000000000000000000000000000000000000000000000000000000000000000000000000000000000000000000000000000000000055555555000000005555555500000000000000005550
11111111111111111111115555550000000055555555000000005555555555555555555555555555555555555555000000000000000055555555555555555555555555555555555555550000000055555555000000005555555500000000000000005550
11111111111111111111115555550000000055555555000000005555555555555555555555555555555555555555000000000000000055555555555555555555555555555555555555550000000055555555000000005555555500000000000000005550
11111111111111111111115555550000000055555555000000005555555555555555555555555555555555555555000000000000000055555555555555555555555555555555555555550000000055555555000000005555555500000000000000005550
11111111111111111111115555550000000055555555000000005555555555555555555555555555555555555555000000000000000055555555555555555555555555555555555555550000000055555555000000005555555500000000000000005550
11111111111111111111115555550000000055555555000000005555555555555555555555555555555555555555000000000000000055555555555555555555555555555555555555550000000055555555000000005555555500000000000000005550
11111111111111111111115555550000000055555555000000005555555555555555555555555555555555555555000000000000000055555555555555555555555555555555555555550000000055555555000000005555555500000000000000005550
11111111111111111111115555550000000055555555000000005555555555555555555555555555555555555555000000000000000055555555555555555555555555555555555555550000000055555555000000005555555500000000000000005550
11111111111111111111115555550000000055555555000000005555555555555555555555555555555555555555000000000000000055555555555555555555555555555555555555550000000055555555000000005555555500000000000000005550
11111111111111111111115555550000000055555555000000005555555500000000000000000000000000000000000000000000000000000000000000000000000000000000555555550000000055555555000000005555555500000000000000005550
11111111111111111111115555550000000055555555000000005555555500000000000000000000000000000000000000000000000000000000000000000000000000000000555555550000000055555555000000005555555500000000000000005550
11111111111111111111115555550000000055555555000000005555555500000000000000000000000000000000000000000000000000000000000000000000000000000000555555550000000055555555000000005555555500000000000000005550
11111111111111111111115555550000000055555555000000005555555500000000000000000000000000000000000000000000000000000000000000000000000000000000555555550000000055555555000000005555555500000000000000005550
11111111111111111111115555550000000055555555000000005555555500000000000000000000000000000000000000000000000000000000000000000000000000000000555555550000000055555555000000005555555500000000000000005550
11111111111111111111115555550000000055555555000000005555555500000000000000000000000000000000000000000000000000000000000000000000000000000000555555550000000055555555000000005555555500000000000000005550
11111111111111111111115555550000000055555555000000005555555500000000000000000000000000000000000000000000000000000000000000000000000000000000555555550000000055555555000000005555555500000000000000005550
11111111111111111111115555550000000055555555000000005555555500000000000000000000000000000000000000000000000000000000000000000000000000000000555555550000000055555555000000005555555500000000000000005550
11111111111111111111115555550000000055555555000000005555555500000000555555555555555555555555000000000000000055555555555555555555555500000000555555550000000055555555000000005555555500000000000000005550
11111111111111111111115555550000000055555555000000005555555500000000555555555555555555555555000000000000000055555555555555555555555500000000555555550000000055555555000000005555555500000000000000005550
11111111111111111111115555550000000055555555000000005555555500000000555555555555555555555555000000000000000055555555555555555555555500000000555555550000000055555555000000005555555500000000000000005550
11111111111111111111115555550000000055555555000000005555555500000000555555555555555555555555000000000000000055555555555555555555555500000000555555550000000055555555000000005555555500000000000000005550
11111111111111111111115555550000000055555555000000005555555500000000555555555555555555555555000000000000000055555555555555555555555500000000555555550000000055555555000000005555555500000000000000005550
11111111111111111111115555550000000055555555000000005555555500000000555555555555555555555555000000000000000055555555555555555555555500000000555555550000000055555555000000005555555500000000000000005550
11111111111111111111115555550000000055555555000000005555555500000000555555555555555555555555000000000000000055555555555555555555555500000000555555550000000055555555000000005555555500000000000000005550
11111111111111111111115555550000000055555555000000005555555500000000555555555555555555555555000000000000000055555555555555555555555500000000555555550000000055555555000000005555555500000000000000005550
11111111111111111111115555550000000055555555000000005555555500000000555555550000000000000000000000000000000000000000000000005555555500000000555555550000000055555555000000005555555500000000000000005550
11111111111111111111115555550000000055555555000000005555555500000000555555550110000000000000000000000000000000000000000001105555555500000000555555550000000055555555000000005555555500000000000000005550
11111111111111111111115555550000000055555555000000005555555500000000555555550110000000000000000000000000000000000000000001105555555500000000555555550000000055555555000000005555555500000000000000005550
11111111111111111111115555550000000055555555000000005555555500000000555555550000000000000000000000000000000000000000000000005555555500000000555555550000000055555555000000005555555500000000000000005550
11111111111111111111115555550000000055555555000000005555555500000000555555550000000000000000000000000000000000000000000000005555555500000000555555550000000055555555000000005555555500000000000000005550
11111111111111111111115555550000000055555555000000005555555500000000555555550000000000000000000000000000000000000000000000005555555500000000555555550000000055555555000000005555555500000000000000005550
11111111111111111111115555550000000055555555000000005555555500000000555555550000000000000000000000000000000000000000000000005555555500000000555555550000000055555555000000005555555500000000000000005550
11111111111111111111115555550000000055555555000000005555555500000000555555550000000000000000000000000000000000000000000000005555555500000000555555550000000055555555000000005555555500000000000000005550
11111111111111111111115555550000000055555555000000005555555500000000555555550000000055555555000000000000000055555555000000005555555500000000555555550000000055555555000000005555555500000000000000005550
55555555555555555555555555550000000055555555000000005555555500000000555555550000000055555555000000000000000055555555000000005555555500000000555555550000000055555555000000005555555500000000000000005550
55555555555555555555555555550000000055555555000000005555555500000000555555550000000055555555000000000000000055555555000000005555555500000000555555550000000055555555000000005555555500000000000000005550
55555555555555555555555555550000000055555555000000005555555500000000555555550000000055555555000000000000000055555555000000005555555500000000555555550000000055555555000000005555555500000000000000005550
55555555555555555555555555550000000055555555000000005555555500000000555555550000000055555555000000000000000055555555000000005555555500000000555555550000000055555555000000005555555500000000000000005550
55555555555555555555555555550000000055555555000000005555555500000000555555550000000055555555000000000000000055555555000000005555555500000000555555550000000055555555000000005555555500000000000000005550
55555555555555555555555555550000000055555555000000005555555500000000555555550000000055555555000000000000000055555555000000005555555500000000555555550000000055555555000000005555555500000000000000005550
55555555555555555555555555550000000055555555000000005555555500000000555555550000000055555555000000000000000055555555000000005555555500000000555555550000000055555555000000005555555500000000000000005550
55550000000000000000000000000000000000000000000000000000000000000000000000000000000000000000000000000000000000000000000000000000000000000000000000000000000000000000000000000000000000000000000000005550
55550000000000000000000000000000000000000000000000000000000000000000000000000000000000000000000000000000000000000000000000000000000000000000000000000000000000000000000000000000000000000000000000005550
55550000000000000000000000000000000000000000000000000000000000000000000000000000000000000000000000000000000000000000000000000000000000000000000000000000000000000000000000000000000000000000000000005550
55550000000000000000000000000000000000000000000000000000000000000000000000000000000000000000000110000001100000000000000000000000000000000000000000000000000000000000000000000000000000000000000000005550
55550000000000000000000000000000000000000000000000000000000000000000000000000000000000000000000111111111100000000000000000000000000000000000000000000000000000000000000000000000000000000000000000005550
55550000000000000000000000000000000000000000000000000000000000000000000000000000000000000000000011111111000000000000000000000000000000000000000000000000000000000000000000000000000000000000000000005550
55550000000000000000000000000000000000000000000000000000000000000000000000000000000000000000000011111111000000000000000000000000000000000000000000000000000000000000000000000000000000000000000000005550
55550000000000000000000000000000000000000000000000000000000000000000000000000000000000000000000011111111000000000000000000000000000000000000000000000000000000000000000000000000000000000000000000005550
55550000000000000000000000000000000000000000000000000000000000000000000000000000000000000000000011111111000000000000000000000000000000000000000000000000000000000000000000000000000000000000000000005550
55550000000000000000000000000000000000000000000000000000000000000000000000000000000000000000000011111111000000000000000000000000000000000000000000000000000000000000000000000000000000000000000000005550
55550000000000000000000000000000000000000000000000000000000000000000000000000000000000000000000011000011000000000000000000000000000000000000000000000000000000000000000000000000000000000000000000005550
55550000000000000000000000000000000000000000000000000000000000000000000000000000000000000000000111000011100000000000000000000000000000000000000000000000000000000000000000000000000000000000000000005550
55550000000000000000000000000000000000000000000000000000000000000000000000000000000000000000000110000001100000000000000000000000000000000000000000000000000000000000000000000000000000000000000000005550
55550000000000000000000000000000000000000000000000000000000000000000000000000000000000000000000000000000000000000000000000000000000000000000000000000000000000000000000000000000000000000000000000005550
55550000000000000000000000000000000000000000000000000000000000000000000000000000000000000000000000000000000000000000000000000000000000000000000000000000000000000000000000000000000000000000000000005550
55550000000000000000000000000000000000000000000000000000000000000000000000000000000000000000000000000000000000000000000000000000000000000000000000000000000000000000000000000000000000000000000000005550
55550000000000000000555555550000000055555555000000005555555500000000555555550000000055555555000000000000000055555555000000005555555500000000555555550000000055555555000000005555555555555555555555555550
55550000000000000000555555550000000055555555000000005555555500000000555555550000000055555555000000000000000055555555000000005555555500000000555555550000000055555555000000005555555555555555555555555550
55550000000000000000555555550000000055555555000000005555555500000000555555550000000055555555000000000000000055555555000000005555555500000000555555550000000055555555000000005555555555555555555555555550
55550000000000000000555555550000000055555555000000005555555500000000555555550000000055555555000000000000000055555555000000005555555500000000555555550000000055555555000000005555555555555555555555555550
55550000000000000000555555550000000055555555000000005555555500000000555555550000000055555555000000000000000055555555000000005555555500000000555555550000000055555555000000005555555555555555555555555550
55550000000000000000555555550000000055555555000000005555555500000000555555550000000055555555000000000000000055555555000000005555555500000000555555550000000055555555000000005555555555555555555555555550
55550000000000000000555555550000000055555555000000005555555500000000555555550000000055555555000000000000000055555555000000005555555500000000555555550000000055555555000000005555555555555555555555555550
55550000000000000000555555550000000055555555000000005555555500000000555555550000000055555555000000000000000055555555000000005555555500000000555555550000000055555555000000005555551111111111111111111110
55550000000000000000555555550000000055555555000000005555555500000000555555550000000000000000000000000000000000000000000000005555555500000000555555550000000055555555000000005555551111111111111111111110
55550000000000000000555555550000000055555555000000005555555500000000555555550000000000000000000000000000000000000000000000005555555500000000555555550000000055555555000000005555551111111111111111111110
55550000000000000000555555550000000055555555000000005555555500000000555555550000000000000000000000000000000000000000000000005555555500000000555555550000000055555555000000005555551111111111111111111110
55550000000000000000555555550000000055555555000000005555555500000000555555550000000000000000000000000000000000000000000000005555555500000000555555550000000055555555000000005555551111111111111111111110
55550000000000000000555555550000000055555555000000005555555500000000555555550000000000000000000000000000000000000000000000005555555500000000555555550000000055555555000000005555551111111111111111111110
55550000000000000000555555550000000055555555000000005555555500000000555555550110000000000000000000000000000000000000000001105555555500000000555555550000000055555555000000005555551111111111111111111110
55550000000000000000555555550000000055555555000000005555555500000000555555550110000000000000000000000000000000000000000001105555555500000000555555550000000055555555000000005555551111111111111111111110
55550000000000000000555555550000000055555555000000005555555500000000555555550000000000000000000000000000000000000000000000005555555500000000555555550000000055555555000000005555551111111111111111111110
55550000000000000000555555550000000055555555000000005555555500000000555555555555555555555555000000000000000055555555555555555555555500000000555555550000000055555555000000005555551111111111111111111110
55550000000000000000555555550000000055555555000000005555555500000000555555555555555555555555000000000000000055555555555555555555555500000000555555550000000055555555000000005555551111111111111111111110
55550000000000000000555555550000000055555555000000005555555500000000555555555555555555555555000000000000000055555555555555555555555500000000555555550000000055555555000000005555551111111111111111111110
55550000000000000000555555550000000055555555000000005555555500000000555555555555555555555555000000000000000055555555555555555555555500000000555555550000000055555555000000005555551111111111111111111110
55550000000000000000555555550000000055555555000000005555555500000000555555555555555555555555000000000000000055555555555555555555555500000000555555550000000055555555000000005555551111111111111111111110
55550000000000000000555555550000000055555555000000005555555500000000555555555555555555555555000000000000000055555555555555555555555500000000555555550000000055555555000000005555551111111111111111111110
55550000000000000000555555550000000055555555000000005555555500000000555555555555555555555555000000000000000055555555555555555555555500000000555555550000000055555555000000005555551111111111111111111110
55550000000000000000555555550000000055555555000000005555555500000000555555555555555555555555000000000000000055555555555555555555555500000000555555550000000055555555000000005555551111111111111111111110
55550000000000000000555555550000000055555555000000005555555500000000000000000000000000000000000000000000000000000000000000000000000000000000555555550000000055555555000000005555551111111111111111111110
55550000000000000000555555550000000055555555000000005555555500000000000000000000000000000000000000000000000000000000000000000000000000000000555555550000000055555555000000005555551111111111111111111110
55550000000000000000555555550000000055555555000000005555555500000000000000000000000000000000000000000000000000000000000000000000000000000000555555550000000055555555000000005555551111111111111111111110
55550000000000000000555555550000000055555555000000005555555500000000000000000000000000000000000000000000000000000000000000000000000000000000555555550000000055555555000000005555551111111111111111111110
55550000000000000000555555550000000055555555000000005555555500000000000000000000000000000000000000000000000000000000000000000000000000000000555555550000000055555555000000005555551111111111111111111110
55550000000000000000555555550000000055555555000000005555555500000000000000000000000000000000000000000000000000000000000000000000000000000000555555550000000055555555000000005555551111111111111111111110
55550000000000000000555555550000000055555555000000005555555500000000000000000000000000000000000000000000000000000000000000000000000000000000555555550000000055555555000000005555551111111111111111111110
55550000000000000000555555550000000055555555000000005555555500000000000000000000000000000000000000000000000000000000000000000000000000000000555555550000000055555555000000005555551111111111111111111110
55550000000000000000555555550000000055555555000000005555555555555555555555555555555555555555000000000000000055555555555555555555555555555555555555550000000055555555000000005555551111111111111111111110
55550000000000000000555555550000000055555555000000005555555555555555555555555555555555555555000000000000000055555555555555555555555555555555555555550000000055555555000000005555551111111111111111111110
55550000000000000000555555550000000055555555000000005555555555555555555555555555555555555555000000000000000055555555555555555555555555555555555555550000000055555555000000005555551111111111111111111110
55550000000000000000555555550000000055555555000000005555555555555555555555555555555555555555000000000000000055555555555555555555555555555555555555550000000055555555000000005555551111111111111111111110
55550000000000000000555555550000000055555555000000005555555555555555555555555555555555555555000000000000000055555555555555555555555555555555555555550000000055555555000000005555551111111111111111111110
55550000000000000000555555550000000055555555000000005555555555555555555555555555555555555555000000000000000055555555555555555555555555555555555555550000000055555555000000005555551111111111111111111110
55550000000000000000555555550000000055555555000000005555555555555555555555555555555555555555000000000000000055555555555555555555555555555555555555550000000055555555000000005555551111111111111111111110
55550000000000000000555555550000000055555555000000005555555555555555555555555555555555555555000000000000000055555555555555555555555555555555555555550000000055555555000000005555551111111111111111111110
55550000000000000000555555550000000055555555000000000000000000000000000000000000000000000000000000000000000000000000000000000000000000000000000000000000000055555555000000005555551111111111111111111110
55550000000000000000555555550000000055555555000000000000000000000000000000000000000000000000000000000000000000000000000000000000000000000000000000000000000055555555000000005555551111111111111111111110
55550000000000000000555555550000000055555555000000000000000000000000000000000000000000000000000000000000000000000000000000000000000000000000000000000000000055555555000000005555551111111111111111111110
55550000000000000000555555550000000055555555000000000000000000000000000000000000000000000000000000000000000000000000000000000000000000000000000000000000000055555555000000005555551111111111111111111110
55550000000000000000555555550000000055555555000000000000000000000000000000000000000000000000000000000000000000000000000000000000000000000000000000000000000055555555000000005555551111111111111111111110
55550000000000000000555555550000000055555555000000000000000000000000000000000000000000000000000000000000000000000000000000000000000000000000000000000000000055555555000000005555551111111111111111111110
55550000000000000000555555550000000055555555000000000000000000000000000000000000000000000000000000000000000000000000000000000000000000000000000000000000000055555555000000005555551111111111111111111110
55550000000000000000555555550000000055555555000000000000000000000000000000000000000000000000000000000000000000000000000000000000000000000000000000000000000055555555000000005555551111111111111111111110
55550000000000000000555555550000000055555555555555555555555555555555555555555555555555555555000000000000000055555555555555555555555555555555555555555555555555555555000000005555551111111111111111111110
55550000000000000000555555550000000055555555555555555555555555555555555555555555555555555555000000000000000055555555555555555555555555555555555555555555555555555555000000005555551111111111111111111110
55550000000000000000555555550000000055555555555555555555555555555555555555555555555555555555000000000000000055555555555555555555555555555555555555555555555555555555000000005555551111111111111111111110
55550000000000000000555555550000000055555555555555555555555555555555555555555555555555555555000000000000000055555555555555555555555555555555555555555555555555555555000000005555551111111111111111111110
55550000000000000000555555550000000055555555555555555555555555555555555555555555555555555555000000000000000055555555555555555555555555555555555555555555555555555555000000005555551111111111111111111110
55550000000000000000555555550000000055555555555555555555555555555555555555555555555555555555000000000000000055555555555555555555555555555555555555555555555555555555000000005555551111111111111111111110
55550000000000000000555555550000000055555555555555555555555555555555555555555555555555555555000000000000000055555555555555555555555555555555555555555555555555555555000000005555551111111111111111111110
55550000000000000000555555550000000055555555555555555555555555555555555555555555555555555555000000000000000055555555555555555555555555555555555555555555555555555555000000005555551111111111111111111110
55550000000000000000555555550000000000000000000000000000000000000000000000000000000000000000000000000000000000000000000000000000000000000000000000000000000000000000000000005555551111111111111111111110
55550000000000000000555555550000000000000000000000000000000000000000000000000000000000000000000000000000000000000000000000000000000000000000000000000000000000000000000000005555551111111111111111111110
55550000000000000000555555550000000000000000000000000000000000000000000000000000000000000000000000000000000000000000000000000000000000000000000000000000000000000000000000005555551111111111111111111110
55550000000000000000555555550000000000000000000000000000000000000000000000000000000000000000000000000000000000000000000000000000000000000000000000000000000000000000000000005555551111111111111111111110
55550000000000000000555555550000000000000000000000000000000000000000000000000000000000000000000000000000000000000000000000000000000000000000000000000000000000000000000000005555551111111111111111111110
55550000000000000000555555550000000000000000000000000000000000000000000000000000000000000000000000000000000000000000000000000000000000000000000000000000000000000000000000005555551111111111111111111110
55550000000000000000555555550000000000000000000000000000000000000000000000000000000000000000000000000000000000000000000000000000000000000000000000000000000000000000000000005555551111111111111111111110
55550000000000000000555555550000000000000000000000000000000000000000000000000000000000000000000000000000000000000000000000000000000000000000000000000000000000000000000000005555551111111111111111111110
55550000000000000000555555555555555555555555555555555555555555555555555555555555555555555555000000000000000055555555555555555555555555555555555555555555555555555555555555555555551111111111111111111110
55550000000000000000555555555555555555555555555555555555555555555555555555555555555555555555000000000000000055555555555555555555555555555555555555555555555555555555555555555555555555555555555555555550
55550000000000000000555555555555555555555555555555555555555555555555555555555555555555555555000000000000000055555555555555555555555555555555555555555555555555555555555555555555555555555555555555555550
55550000000000000000555555555555555555555555555555555555555555555555555555555555555555555555000000000000000055555555555555555555555555555555555555555555555555555555555555555555555555555555555555555550
55550000000000000000555555555555555555555555555555555555555555555555555555555555555555555555000000000000000055555555555555555555555555555555555555555555555555555555555555555555555555555555555555555550
55550000000000000000555555555555555555555555555555555555555555555555555555555555555555555555000000000000000055555555555555555555555555555555555555555555555555555555555555555555555555555555555555555550
55550000000000000000555555511111111111111111111111111111111111111111111111111111111115555555000000000000000055555555555555555555555555555555555555555555555555555555555555555555555555555555555555555550
55550000000000000000555555511111111111111111111111111111111111111111111111111111111115555555000000000000000055555555555555555555555555555555555555555555555555555555555555555555555555555555555555555550
55550000000000000000555555511111111111111111111111111111111111111111111111111111111115555555000000000000000000000000000000000000000000000000000000000000000000000000000000000000000000000000000000005550
55550000000000000000555555511111111111111111111111111111111111111111111111111111111115555555000000000000000000000000000000000000000000000000000000000000000000000000000000000000000000000000000000005550
55550000000000000000555555511111111111111111111111111111111111111111111111111111111115555555000000000000000000000000000000000000000000000000000000000000000000000000000000000000000000000000000000005550
55550001100000011000555555511111111111111111111111111111111111111111111111111111111115555555000000000000000000000000000000000000000000000000000000000000000000000000000000000000000000011000000110005550
55550001110000111000555555511111111111111111111111111111111111111111111111111111111115555555000000000000000000000000000000000000000000000000000000000000000000000000000000000000000000011111111110005550
55550000110000110000555555511111111111111111111111111111111111111111111111111111111115555555000000000000000000000000000000000000000000000000000000000000000000000000000000000000000000001111111100005550
55550000111111110000555555511111111111111111111111111111111111111111111111111111111115555555000000000000000000000000000000000000000000000000000000000000000000000000000000000000000000000011111100005550
55550000111111110000555555511111111111111111111111111111111111111111111111111111111115555555000000000000000000000000000000000000000000000000000000000000000000000000000000000000000000000011111100005550
55550000111111110000555555511111111111111111111111111111111111111111111111111111111115555555000000000000000000000000000000000000000000000000000000000000000000000000000000000000000000000011111100005550
55550000111111110000555555511111111111111111111111111111111111111111111111111111111115555555000000000000000000000000000000000000000000000000000000000000000000000000000000000000000000000011111100005550
55550000111111110000555555511111111111111111111111111111111111111111111111111111111115555555000000000000000000000000000000000000000000000000000000000000000000000000000000000000000000001111111100005550
55550001111111111000555555511111111111111111111111111111111111111111111111111111111115555555000000000000000000000000000000000000000000000000000000000000000000000000000000000000000000011111111110005550
55550001100000011000555555511111111111111111111111111111111111111111111111111111111115555555000000000000000000000000000000000000000000000000000000000000000000000000000000000000000000011000000110005550
55550000000000000000555555511111111111111111111111111111111111111111111111111111111115555555000000000000000000000000000000000000000000000000000000000000000000000000000000000000000000000000000000005550
55550000000000000000555555511111111111111111111111111111111111111111111111111111111115555555000000000000000000000000000000000000000000000000000000000000000000000000000000000000000000000000000000005550
55550000000000000000555555511111111111111111111111111111111111111111111111111111111115555555000000000000000000000000000000000000000000000000000000000000000000000000000000000000000000000000000000005550
55555555555555555555555555511111111111111111111111111111111111111111111111111111111115555555555555555555555555555555555555555555555555555555555555555555555555555555555555555555555555555555555555555550
55555555555555555555555555511111111111111111111111111111111111111111111111111111111115555555555555555555555555555555555555555555555555555555555555555555555555555555555555555555555555555555555555555550
55555555555555555555555555511111111111111111111111111111111111111111111111111111111115555555555555555555555555555555555555555555555555555555555555555555555555555555555555555555555555555555555555555550
55555555555555555555555555511111111111111111111111111111111111111111111111111111111115555555555555555555555555555555555555555555555555555555555555555555555555555555555555555555555555555555555555555550
