00000000000000000000000000000000000000000000000000000000000000000000000000000000000000000000000000000000000000000000000000000000000000000000000000000000000000000000000000000000000000000000000000000000
11111111111111111111111111111111111111111111111111111111111111111111111111111111111111111111111111111111111111111111111111111111111111111111111111111111111111111111111111111111111111111111111111111110
11111111111111111111111111111111111111111111111111111111111111111111111111111111111111111111111111111111111111111111111111111111111111111111111111111111111111111111111111111111111111111111111111111110
11111111111111111111111111111111111111111111111111111111111111111111111111111111111111111111111111111111111111111111111111111111111111111111111111111111111111111111111111111111111111111111111111111110
11111111111111111111111111111111111111111111111111111111111111111111111111111111111111111111111111111111111111111111111111111111111111111111111111111111111111111111111111111111111111111111111111111110
11111111111111111111111111111111111111111111111111111111111111111111111111111111111111111111111111111111111111111111111111111111111111111111111111111111111111111111111111111111111111111111111111111110
11111111111111111111111111111111111111111111111111111111111111111111111111111111111111111111111111111111111111111111111111111111111111111111111111111111111111111111111111111111111111111111111111111110
11111111111111111111111111111111111111111111111111111111111111111111111111111111111111111111111111111111111111111111111111111111111111111111111111111111111111111111111111111111111111111111111111111110
11111111000000000000000000000000111111111111111100000000000000000000000011111111111111110000000000000000000000001111111111111111000000000000000000000000111111111111111100000000000000000000000011111110
11111111011000000000000000000110111111111111111101100000000000000000011011111111111111110110000000000000000001101111111111111111011000000000000000000110111111111111111101100000000000000000011011111110
11111111011000000000000000000110111111111111111101100000000000000000011011111111111111110110000000000000000001101111111111111111011000000000000000000110111111111111111101100000000000000000011011111110
11111111000000000000000000000000111111111111111100000000000000000000000011111111111111110000000000000000000000001111111111111111000000000000000000000000111111111111111100000000000000000000000011111110
11111111000000000000000000000000111111111111111100000000000000000000000011111111111111110000000000000000000000001111111111111111000000000000000000000000111111111111111100000000000000000000000011111110
11111111000000000000000000000000111111111111111100000000000000000000000011111111111111110000000000000000000000001111111111111111000000000000000000000000111111111111111100000000000000000000000011111110
11111111000000000000000000000000111111111111111100000000000000000000000011111111111111110000000000000000000000001111111111111111000000000000000000000000111111111111111100000000000000000000000011111110
11111111000000000000000000000000111111111111111100000000000000000000000011111111111111110000000000000000000000001111111111111111000000000000000000000000111111111111111100000000000000000000000011111110
11111111000000000000000000000000111111111111111100000000000000000000000011111111111111110000000000000000000000001111111111111111000000000000000000000000111111111111111100000000000000000000000011111110
11111111000000000000000000000000111111111111111100000000000000000000000011111111111111110000000000000000000000001111111111111111000000000000000000000000111111111111111100000000000000000000000011111110
11111111000000000000000000000000111111111111111100000000000000000000000011111111111111110000000000000000000000001111111111111111000000000000000000000000111111111111111100000000000000000000000011111110
11111111000000000000000000000000111111111111111100000000000000000000000011111111111111110000000000000000000000001111111111111111000000000000000000000000111111111111111100000000000000000000000011111110
11111111000000000000000000000000111111111111111100000000000000000000000011111111111111110000000000000000000000001111111111111111000000000000000000000000111111111111111100000000000000000000000011111110
11111111000000000000000000000000111111111111111100000000000000000000000011111111111111110000000000000000000000001111111111111111000000000000000000000000111111111111111100000000000000000000000011111110
11111111000000000000000000000000111111111111111100000000000000000000000011111111111111110000000000000000000000001111111111111111000000000000000000000000111111111111111100000000000000000000000011111110
11111111000000000000000000000000111111111111111100000000000000000000000011111111111111110000000000000000000000001111111111111111000000000000000000000000111111111111111100000000000000000000000011111110
11111111000000000000000000000000111111111111111100000000000000000000000011111111111111110000000000000000000000001111111111111111000000000000000000000000111111111111111100000000000000000000000011111110
11111111000000000000000000000000111111111111111100000000000000000000000011111111111111110000000000000000000000001111111111111111000000000000000000000000111111111111111100000000000000000000000011111110
11111111000000000000000000000000111111111111111100000000000000000000000011111111111111110000000000000000000000001111111111111111000000000000000000000000111111111111111100000000000000000000000011111110
11111111000000000000000000000000111111111111111100000000000000000000000011111111111111110000000000000000000000001111111111111111000000000000000000000000111111111111111100000000000000000000000011111110
11111111000000000000000000000000111111111111111100000000000000000000000011111111111111110000000000000000000000001111111111111111000000000000000000000000111111111111111100000000000000000000000011111110
11111111011000000000000000000110111111111111111101100000000000000000011011111111111111110110000000000000000001101111111111111111011000000000000000000110111111111111111101100000000000000000011011111110
11111111011000000000000000000110111111111111111101100000000000000000011011111111111111110110000000000000000001101111111111111111011000000000000000000110111111111111111101100000000000000000011011111110
11111111000000000000000000000000111111111111111100000000000000000000000011111111111111110000000000000000000000001111111111111111000000000000000000000000111111111111111100000000000000000000000011111110
11111111111111111111111111111111111111111111111111111111111111111111111111111111111111111111111111111111111111111111111111111111111111111111111111111111111111111111111111111111111111111111111111111110
11111111111111111111111111111111111111111111111111111111111111111111111111111111111111111111111111111111111111111111111111111111111111111111111111111111111111111111111111111111111111111111111111111110
11111111111111111111111111111111111111111111111111111111111111111111111111111111111111111111111111111111111111111111111111111111111111111111111111111111111111111111111111111111111111111111111111111110
11111111111111111111111111111111111111111111111111111111111111111111111111111111111111111111111111111111111111111111111111111111111111111111111111111111111111111111111111111111111111111111111111111110
11111111111111111111111111111111111111111111111111111111111111111111111111111111111111111111111111111111111111111111111111111111111111111111111111111111111111111111111111111111111111111111111111111110
11111111111111111111111111111111111111111111111111111111111111111111111111111111111111111111111111111111111111111111111111111111111111111111111111111111111111111111111111111111111111111111111111111110
11111111111111111111111111111111111111111111111111111111111111111111111111111111111111111111111111111111111111111111111111111111111111111111111111111111111111111111111111111111111111111111111111111110
11111111111111111111111111111111111111111111111111111111111111111111111111111111111111111111111111111111111111111111111111111111111111111111111111111111111111111111111111111111111111111111111111111110
11111111111111111111111111111111111111111111111111111111111111111111111111111111111111111111111111111111111111111111111111111111111111111111111111111111111111111111111111111111111111111111111111111110
11111111111111111111111111111111111111111111111111111111111111111111111111111111111111111111111111111111111111111111111111111111111111111111111111111111111111111111111111111111111111111111111111111110
11111111111111111111111111111111111111111111111111111111111111111111111111111111111111111111111111111111111111111111111111111111111111111111111111111111111111111111111111111111111111111111111111111110
11111111111111111111111111111111111111111111111111111111111111111111111111111111111111111111111111111111111111111111111111111111111111111111111111111111111111111111111111111111111111111111111111111110
11111111111111111111111111111111111111111111111111111111111111111111111111111111111111111111111111111111111111111111111111111111111111111111111111111111111111111111111111111111111111111111111111111110
11111111111111111111111111111111111111111111111111111111111111111111111111111111111111111111111111111111111111111111111111111111111111111111111111111111111111111111111111111111111111111111111111111110
11111111111111111111111111111111111111111111111111111111111111111111111111111111111111111111111111111111111111111111111111111111111111111111111111111111111111111111111111111111111111111111111111111110
11111111111111111111111111111111111111111111111111111111111111111111111111111111111111111111111111111111111111111111111111111111111111111111111111111111111111111111111111111111111111111111111111111110
11111111000000000000000000000000111111111111111100000000000000000000000011111111111111110000000000000000000000001111111111111111000000000000000000000000111111111111111100000000000000000000000011111110
11111111011000000000000000000110111111111111111101100000000000000000011011111111111111110110000000000000000001101111111111111111011000000000000000000110111111111111111101100000000000000000011011111110
11111111011000000000000000000110111111111111111101100000010000100000011011111111111111110110000001000010000001101111111111111111011000000100001000000110111111111111111101100000000000000000011011111110
11111111000000000000000000000000111111111111111100000000010000100000000011111111111111110000000001000010000000001111111111111111000000000100001000000000111111111111111100000000000000000000000011111110
11111111000000000000000000000000111111111111111100000000011111100000000011111111111111110000000001111110000000001111111111111111000000000111111000000000111111111111111100000000000000000000000011111110
11111111000000000000000000000000111111111111111100000000011111100000000011111111111111110000000001111110000000001111111111111111000000000111111000000000111111111111111100000000000000000000000011111110
11111111000000000000000000000000111111111111111100000000000000000000000011111111111111110000000000000000000000001111111111111111000000000000000000000000111111111111111100000000000000000000000011111110
11111111000000000000000000000000111111111111111100000000000000000000000011111111111111110000000000000000000000001111111111111111000000000000000000000000111111111111111100000000000000000000000011111110
11111111000000000000000000000000111111111111111100000000000000000000000011111111111111110000000000000000000000001111111111111111000000000000000000000000111111111111111100000000000000000000000011111110
11111111000000000000000000000000111111111111111100000000000000000000000011111111111111110000000000000000000000001111111111111111000000000000000000000000111111111111111100000000000000000000000011111110
11111111000000000000000000000000111111111111111100000000000000000000000011111111111111110000000000000000000000001111111111111111000000000000000000000000111111111111111100000000000000000000000011111110
11111111000000000000000000000000111111111111111100001001100110011001000011111111111111110000100110011001100100001111111111111111000010011001100110000000111111111111111100000000000000000000000011111110
11111111000000000000000000000000111111111111111100001111111111111111000011111111111111110000111111111111111100001111111111111111000011111111111111110000111111111111111100000000000000000000000011111110
11111111000000000000000000000000111111111111111100000000000000000000000011111111111111110000000000000000000000001111111111111111000000000000000000000000111111111111111100000000000000000000000011111110
11111111000000000000000000000000111111111111111100000000000000000000000011111111111111110000000000000000000000001111111111111111000000000000000000000000111111111111111100000000000000000000000011111110
11111111000000000000000000000000111111111111111100001001100110011001000011111111111111110000100110011001100100001111111111111111000010011001100110010000111111111111111100000000000000000000000011111110
11111111000000000000000000000000111111111111111100001111111111111111000011111111111111110000111111111111111100001111111111111111000011111111111111110000111111111111111100000000000000000000000011111110
11111111000000000000000000000000111111111111111100000000000000000000000011111111111111110000000000000000000000001111111111111111000000000000000000000000111111111111111100000000000000000000000011111110
11111111000000000000000000000000111111111111111100000000000000000000000011111111111111110000000000000000000000001111111111111111000000000000000000000000111111111111111100000000000000000000000011111110
11111111000000000000000000000000111111111111111100001001100110011001000011111111111111110000100110011001100100001111111111111111000010011001100110010000111111111111111100000000000000000000000011111110
11111111000000000000000000000000111111111111111100001111111111111111000011111111111111110000111111111111111100001111111111111111000011111111111111110000111111111111111100000000000000000000000011111110
11111111011000000000000000000110111111111111111101100000000000000000011011111111111111110110000000000000000001101111111111111111011000000000000000000110111111111111111101100000000000000000011011111110
11111111011000000000000000000110111111111111111101100000000000000000011011111111111111110110000000000000000001101111111111111111011000000000000000000110111111111111111101100000000000000000011011111110
11111111000000000000000000000000111111111111111100000000000000000000000011111111111111110000000000000000000000001111111111111111000000000000000000000000111111111111111100000000000000000000000011111110
11111111111111111111111111111111111111111111111111111111111111111111111111111111111111111111111111111111111111111111111111111111111111111111111111111111111111111111111111111111111111111111111111111110
11111111111111111111111111111111111111111111111111111111111111111111111111111111111111111111111111111111111111111111111111111111111111111111111111111111111111111111111111111111111111111111111111111110
11111111111111111111111111111111111111111111111111111111111111111111111111111111111111111111111111111111111111111111111111111111111111111111111111111111111111111111111111111111111111111111111111111110
11111111111111111111111111111111111111111111111111111111111111111111111111111111111111111111111111111111111111111111111111111111111111111111111111111111111111111111111111111111111111111111111111111110
11111111111111111111111111111111111111111111111111111111111111111111111111111111111111111111111111111111111111111111111111111111111111111111111111111111111111111111111111111111111111111111111111111110
11111111111111111111111111111111111111111111111111111111111111111111111111111111111111111111111111111111111111111111111111111111111111111111111111111111111111111111111111111111111111111111111111111110
11111111111111111111111111111111111111111111111111111111111111111111111111111111111111111111111111111111111111111111111111111111111111111111111111111111111111111111111111111111111111111111111111111110
11111111111111111111111111111111111111111111111111111111111111111111111111111111111111111111111111111111111111111111111111111111111111111111111111111111111111111111111111111111111111111111111111111110
11111111111111111111111111111111111111111111111111111111111111111111111111111111111111111111111111111111111111111111111111111111111111111111111111111111111111111111111111111111111111111111111111111110
11111111111111111111111111111111111111111111111111111111111111111111111111111111111111111111111111111111111111111111111111111111111111111111111111111111111111111111111111111111111111111111111111111110
11111111111111111111111111111111111111111111111111111111111111111111111111111111111111111111111111111111111111111111111111111111111111111111111111111111111111111111111111111111111111111111111111111110
11111111111111111111111111111111111111111111111111111111111111111111111111111111111111111111111111111111111111111111111111111111111111111111111111111111111111111111111111111111111111111111111111111110
11111111111111111111111111111111111111111111111111111111111111111111111111111111111111111111111111111111111111111111111111111111111111111111111111111111111111111111111111111111111111111111111111111110
11111111111111111111111111111111111111111111111111111111111111111111111111111111111111111111111111111111111111111111111111111111111111111111111111111111111111111111111111111111111111111111111111111110
11111111111111111111111111111111111111111111111111111111111111111111111111111111111111111111111111111111111111111111111111111111111111111111111111111111111111111111111111111111111111111111111111111110
11111111111111111111111111111111111111111111111111111111111111111111111111111111111111111111111111111111111111111111111111111111111111111111111111111111111111111111111111111111111111111111111111111110
11111111000000000000000000000000111111111111111100000000000000000000000011111111111111110000000000000000000000001111111111111111000000000000000000000000111111111111111100000000000000000000000011111110
11111111011000000000000000000110111111111111111101100000000000000000011011111111111111110110000000000000000001101111111111111111011000000000000000000110111111111111111101100000000000000000011011111110
11111111011000000100001000000110111111111111111101100000010000100000011011111111111111110110000001000010000001101111111111111111011000000100001000000110111111111111111101100000010000100000011011111110
11111111000000000100001000000000111111111111111100000000010000100000000011111111111111110000000001000010000000001111111111111111000000000100001000000000111111111111111100000000010000100000000011111110
11111111000000000111111000000000111111111111111100000000011111100000000011111111111111110000000001111110000000001111111111111111000000000111111000000000111111111111111100000000011111100000000011111110
11111111000000000111111000000000111111111111111100000000011111100000000011111111111111110000000001111110000000001111111111111111000000000111111000000000111111111111111100000000011111100000000011111110
11111111000000000000000000000000111111111111111100000000000000000000000011111111111111110000000000000000000000001111111111111111000000000000000000000000111111111111111100000000000000000000000011111110
11111111000000000000000000000000111111111111111100000000000000000000000011111111111111110000000000000000000000001111111111111111000000000000000000000000111111111111111100000000000000000000000011111110
11111111000000000000000000000000111111111111111100000000000000000000000011111111111111110000000000000000000000001111111111111111000000000000000000000000111111111111111100000000000000000000000011111110
11111111000000000000000000000000111111111111111100000000000000000000000011111111111111110000000000000000000000001111111111111111000000000000000000000000111111111111111100000000000000000000000011111110
11111111000000000000000000000000111111111111111100000000000000000000000011111111111111110000000000000000000000001111111111111111000000000000000000000000111111111111111100000000000000000000000011111110
11111111000010011001100110010000111111111111111100001001100110011001000011111111111111110000100110011001100100001111111111111111000010011001100110010000111111111111111100001001100110011001000011111110
11111111000011111111111111110000111111111111111100001111111111111111000011111111111111110000111111111111111100001111111111111111000011111111111111110000111111111111111100001111111111111111000011111110
11111111000000000000000000000000111111111111111100000000000000000000000011111111111111110000000000000000000000001111111111111111000000000000000000000000111111111111111100000000000000000000000011111110
11111111000000000000000000000000111111111111111100000000000000000000000011111111111111110000000000000000000000001111111111111111000000000000000000000000111111111111111100000000000000000000000011111110
11111111000010011001100110010000111111111111111100001001100110011001000011111111111111110000100110011001100100001111111111111111000010011001100110010000111111111111111100001001100110011001000011111110
11111111000011111111111111110000111111111111111100001111111111111111000011111111111111110000111111111111111100001111111111111111000011111111111111110000111111111111111100001111111111111111000011111110
11111111000000000000000000000000111111111111111100000000000000000000000011111111111111110000000000000000000000001111111111111111000000000000000000000000111111111111111100000000000000000000000011111110
11111111000000000000000000000000111111111111111100000000000000000000000011111111111111110000000000000000000000001111111111111111000000000000000000000000111111111111111100000000000000000000000011111110
11111111000010011001100110010000111111111111111100001001100110011001000011111111111111110000100110011001100100001111111111111111000010011001100110010000111111111111111100001001100110011001000011111110
11111111000011111111111111110000111111111111111100001111111111111111000011111111111111110000111111111111111100001111111111111111000011111111111111110000111111111111111100001111111111111111000011111110
11111111000000000000000000000110111111111111111101100000000000000000011011111111111111110110000000000000000001101111111111111111011000000000000000000110111111111111111101100000000000000000011011111110
11111111000000000000000000000110111111111111111101100000000000000000011011111111111111110110000000000000000001101111111111111111011000000000000000000110111111111111111101100000000000000000011011111110
11111111000000000000000000000000111111111111111100000000000000000000000011111111111111110000000000000000000000001111111111111111000000000000000000000000111111111111111100000000000000000000000011111110
11111111111111111111111111111111111111111111111111111111111111111111111111111111111111111111111111111111111111111111111111111111111111111111111111111111111111111111111111111111111111111111111111111110
11111111111111111111111111111111111111111111111111111111111111111111111111111111111111111111111111111111111111111111111111111111111111111111111111111111111111111111111111111111111111111111111111111110
11111111111111111111111111111111111111111111111111111111111111111111111111111111111111111111111111111111111111111111111111111111111111111111111111111111111111111111111111111111111111111111111111111110
11111111111111111111111111111111111111111111111111111111111111111111111111111111111111111111111111111111111111111111111111111111111111111111111111111111111111111111111111111111111111111111111111111110
11111111111111111111111111111111111111111111111111111111111111111111111111111111111111111111111111111111111111111111111111111111111111111111111111111111111111111111111111111111111111111111111111111110
11111111111111111111111111111111111111111111111111111111111111111111111111111111111111111111111111111111111111111111111111111111111111111111111111111111111111111111111111111111111111111111111111111110
11111111111111111111111111111111111111111111111111111111111111111111111111111111111111111111111111111111111111111111111111111111111111111111111111111111111111111111111111111111111111111111111111111110
11111111111111111111111111111111111111111111111111111111111111111111111111111111111111111111111111111111111111111111111111111111111111111111111111111111111111111111111111111111111111111111111111111110
11111111111111111111111111111111111111111111111111111111111111111111111111111111111111111111111111111111111111111111111111111111111111111111111111111111111111111111111111111111111111111111111111111110
11111111111111111111111111111111111111111111111111111111111111111111111111111111111111111111111111111111111111111111111111111111111111111111111111111111111111111111111111111111111111111111111111111110
11111111111111111111111111111111111111111111111111111111111111111111111111111111111111111111111111111111111111111111111111111111111111111111111111111111111111111111111111111111111111111111111111111110
11111111111111111111111111111111111111111111111111111111111111111111111111111111111111111111111111111111111111111111111111111111111111111111111111111111111111111111111111111111111111111111111111111110
11111111111111111111111111111111111111111111111111111111111111111111111111111111111111111111111111111111111111111111111111111111111111111111111111111111111111111111111111111111111111111111111111111110
11111111111111111111111111111111111111111111111111111111111111111111111111111111111111111111111111111111111111111111111111111111111111111111111111111111111111111111111111111111111111111111111111111110
11111111111111111111111111111111111111111111111111111111111111111111111111111111111111111111111111111111111111111111111111111111111111111111111111111111111111111111111111111111111111111111111111111110
11111111111111111111111111111111111111111111111111111111111111111111111111111111111111111111111111111111111111111111111111111111111111111111111111111111111111111111111111111111111111111111111111111110
11111111000000000000000000000000111111111111111100000000000000000000000011111111111111110000000000000000000000001111111111111111000000000000000000000000111111111111111100000000000000000000000011111110
11111111011000000000000000000110111111111111111101100000000000000000011011111111111111110110000000000000000001101111111111111111011000000000000000000110111111111111111101100000000000000000011011111110
11111111011000000100001000000110111111111111111101100000010000100000011011111111111111110110000001000010000001101111111111111111011000000100001000000110111111111111111101100000010000100000011011111110
11111111000000000100001000000000111111111111111100000000010000100000000011111111111111110000000001000010000000001111111111111111000000000100001000000000111111111111111100000000010000100000000011111110
11111111000000000111111000000000111111111111111100000000011111100000000011111111111111110000000001111110000000001111111111111111000000000111111000000000111111111111111100000000011111100000000011111110
11111111000000000111111000000000111111111111111100000000011111100000000011111111111111110000000001111110000000001111111111111111000000000111111000000000111111111111111100000000011111100000000011111110
11111111000000000000000000000000111111111111111100000000000000000000000011111111111111110000000000000000000000001111111111111111000000000000000000000000111111111111111100000000000000000000000011111110
11111111000000000000000000000000111111111111111100000000000000000000000011111111111111110000000000000000000000001111111111111111000000000000000000000000111111111111111100000000000000000000000011111110
11111111000000000000000000000000111111111111111100000000000000000000000011111111111111110000000000000000000000001111111111111111000000000000000000000000111111111111111100000000000000000000000011111110
11111111000000000000000000000000111111111111111100000000000000000000000011111111111111110000000000000000000000001111111111111111000000000000000000000000111111111111111100000000000000000000000011111110
11111111000000000000000000000000111111111111111100000000000000000000000011111111111111110000000000000000000000001111111111111111000000000000000000000000111111111111111100000000000000000000000011111110
11111111000010011001100110010000111111111111111100001001100110011001000011111111111111110000100110011001100100001111111111111111000010011001100110010000111111111111111100001001100110011001000011111110
11111111000011111111111111110000111111111111111100001111111111111111000011111111111111110000111111111111111100001111111111111111000011111111111111110000111111111111111100001111111111111111000011111110
11111111000000000000000000000000111111111111111100000000000000000000000011111111111111110000000000000000000000001111111111111111000000000000000000000000111111111111111100000000000000000000000011111110
11111111000000000000000000000000111111111111111100000000000000000000000011111111111111110000000000000000000000001111111111111111000000000000000000000000111111111111111100000000000000000000000011111110
11111111000010011001100110010000111111111111111100001001100110011001000011111111111111110000100110011001100100001111111111111111000010011001100110010000111111111111111100001001100110011001000011111110
11111111000011111111111111110000111111111111111100001111111111111111000011111111111111110000111111111111111100001111111111111111000011111111111111110000111111111111111100001111111111111111000011111110
11111111000000000000000000000000111111111111111100000000000000000000000011111111111111110000000000000000000000001111111111111111000000000000000000000000111111111111111100000000000000000000000011111110
11111111000000000000000000000000111111111111111100000000000000000000000011111111111111110000000000000000000000001111111111111111000000000000000000000000111111111111111100000000000000000000000011111110
11111111000010011001100110010000111111111111111100001001100110011001000011111111111111110000100110011001100100001111111111111111000010011001100110010000111111111111111100001001100110011001000011111110
11111111000011111111111111110000111111111111111100001111111111111111000011111111111111110000111111111111111100001111111111111111000011111111111111110000111111111111111100001111111111111111000011111110
11111111011000000000000000000110111111111111111101100000000000000000011011111111111111110110000000000000000001101111111111111111011000000000000000000110111111111111111101100000000000000000011011111110
11111111011000000000000000000110111111111111111101100000000000000000011011111111111111110110000000000000000001101111111111111111011000000000000000000110111111111111111101100000000000000000011011111110
11111111000000000000000000000000111111111111111100000000000000000000000011111111111111110000000000000000000000001111111111111111000000000000000000000000111111111111111100000000000000000000000011111110
11111111111111111111111111111111111111111111111111111111111111111111111111111111111111111111111111111111111111111111111111111111111111111111111111111111111111111111111111111111111111111111111111111110
11111111111111111111111111111111111111111111111111111111111111111111111111111111111111111111111111111111111111111111111111111111111111111111111111111111111111111111111111111111111111111111111111111110
11111111111111111111111111111111111111111111111111111111111111111111111111111111111111111111111111111111111111111111111111111111111111111111111111111111111111111111111111111111111111111111111111111110
11111111111111111111111111111111111111111111111111111111111111111111111111111111111111111111111111111111111111111111111111111111111111111111111111111111111111111111111111111111111111111111111111111110
11111111111111111111111111111111111111111111111111111111111111111111111111111111111111111111111111111111111111111111111111111111111111111111111111111111111111111111111111111111111111111111111111111110
11111111111111111111111111111111111111111111111111111111111111111111111111111111111111111111111111111111111111111111111111111111111111111111111111111111111111111111111111111111111111111111111111111110
11111111111111111111111111111111111111111111111111111111111111111111111111111111111111111111111111111111111111111111111111111111111111111111111111111111111111111111111111111111111111111111111111111110
11111111111111111111111111111111111111111111111111111111111111111111111111111111111111111111111111111111111111111111111111111111111111111111111111111111111111111111111111111111111111111111111111111110
11111111111111111111111111111111111111111111111111111111111111111111111111111111111111111111111111111111111111111111111111111111111111111111111111111111111111111111111111111111111111111111111111111110
11111111111111111111111111111111111111111111111111111111111111111111111111111111111111111111111111111111111111111111111111111111111111111111111111111111111111111111111111111111111111111111111111111110
11111111111111111111111111111111111111111111111111111111111111111111111111111111111111111111111111111111111111111111111111111111111111111111111111111111111111111111111111111111111111111111111111111110
11111111111111111111111111111111111111111111111111111111111111111111111111111111111111111111111111111111111111111111111111111111111111111111111111111111111111111111111111111111111111111111111111111110
11111111111111111111111111111111111111111111111111111111111111111111111111111111111111111111111111111111111111111111111111111111111111111111111111111111111111111111111111111111111111111111111111111110
11111111111111111111111111111111111111111111111111111111111111111111111111111111111111111111111111111111111111111111111111111111111111111111111111111111111111111111111111111111111111111111111111111110
11111111111111111111111111111111111111111111111111111111111111111111111111111111111111111111111111111111111111111111111111111111111111111111111111111111111111111111111111111111111111111111111111111110
11111111111111111111111111111111111111111111111111111111111111111111111111111111111111111111111111111111111111111111111111111111111111111111111111111111111111111111111111111111111111111111111111111110
11111111111111111111111111111111111111111111111111111111111111111111111111111111111111111111111111111111111111111111111111111111111111111111111111111111111111111111111111111111111111111111111111111110
11111111111111111111111111111111111111111111111111111111111111111111111111111111111111111111111111111111111111111111111111111111111111111111111111111111111111111111111111111111111111111111111111111110
11111111111111111111111111111111111111111111111111111111111111111111111111111110000000011000011111111111111000011000000001111111111111111111111111111111111111111111111111111111111111111111111111111110
11111111111111111111111111111111111111111111111111111111111111111111111111111100000000000000001111111111110000000000000000111111111111111111111111111111111111111111111111111111111111111111111111111110
11111111111111111111111111111111111111111111111111111111111111111111111111110000000000000000000001111110000000000000000000001111111111111111111111111111111111111111111111111111111111111111111111111110
11111111111111111111111111111111111111111111111111111111111111111111111111110000000000000000000001111110000000000000000000001111111111111111111111111111111111111111111111111111111111111111111111111110
11111111111111111111111111111111111111111111111111111111111111111111111111110000000000000000000000000000000000000000000000001111111111111111111111111111111111111111111111111111111111111111111111111110
11111111111111111111111111111111111111111111111111111111111111111111111111110000011000000110000000000000000001100000011000001111111111111111111111111111111111111111111111111111111111111111111111111110
11111111111111111111111111111111111111111111111111111111111111111111111111110000011111111110000000000000000001111111111000001111111111111111111111111111111111111111111111111111111111111111111111111110
11111111111111111111111111111111111111111111111111111111111111111111111111110000001111111100000000000000000000111111110000001111111111111111111111111111111111111111111111111111111111111111111111111110
11111111111111111111111111111111111111111111111111111111111111111111111111110000001111111100000000000000000000111111110000001111111111111111111111111111111111111111111111111111111111111111111111111110
11111111111111111111111111111111111111111111111111111111111111111111111111110000001111111100000000000000000000111111110000001111111111111111111111111111111111111111111111111111111111111111111111111110
11111111111111111111111111111111111111111111111111111111111111111111111111110000001111111100000000000000000000111111110000001111111111111111111111111111111111111111111111111111111111111111111111111110
11111111111111111111111111111111111111111111111111111111111111111111111111110000001111111100000000000000000000111111110000001111111111111111111111111111111111111111111111111111111111111111111111111110
11111111111111111111111111111111111111111111111111111111111111111111111111110000001111111100000000000000000000111111110000001111111111111111111111111111111111111111111111111111111111111111111111111110
11111111111111111111111111111111111111111111111111111111111111111111111111110000011111111110000000000000000001111111111000001111111111111111111111111111111111111111111111111111111111111111111111111110
11111111111111111111111111111111111111111111111111111111111111111111111111110000011000000110000000000000000001100000011000001111111111111111111111111111111111111111111111111111111111111111111111111110
11111111111111111111111111111111111111111111111111111111111111111111111111110000000000000000000000000000000000000000000000001111111111111111111111111111111111111111111111111111111111111111111111111110
11111111111111111111111111111111111111111111111111111111111111111111111111110000000000000000000000000000000000000000000000001111111111111111111111111111111111111111111111111111111111111111111111111110
11111111111111111111111111111111111111111111111111111111111111111111111111110000000000000000000000000000000000000000000000001111111111111111111111111111111111111111111111111111111111111111111111111110
11111111111111111111111111111111111111111111111111111111111111111111111111111100000000000000000000000000000000000000000000111111111111111111111111111111111111111111111111111111111111111111111111111110
11111111111111111111111111111111111111111111111111111111111111111111111111111100000000000000000000000000000000000000000000111111111111111111111111111111111111111111111111111111111111111111111111111110
11111111111111111111111111111111111111111111111111111111111111111111111111111111111111111111111100000000111111111111111111111111111111111111111111111111111111111111111111111111111111111111111111111110
11111111111111111111111111111111111111111111111111111111111111111111111111111111111111111111111100000000111111111111111111111111111111111111111111111111111111111111111111111111111111111111111111111110
11111111111111111111111111111111111111111111111111111111111111111111111111111111111111111111111111111111111111111111111111111111111111111111111111111111111111111111111111111111111111111111111111111110
11111111111111111111111111111111111111111111111111111111111111111111111111111111111111111111111111111111111111111111111111111111111111111111111111111111111111111111111111111111111111111111111111111110
11111111111111111111111111111111111111111111111111111111111111111111111111111111111111111111111111111111111111111111111111111111111111111111111111111111111111111111111111111111111111111111111111111110
11111111111111111111111111111111111111111111111111111111111111111111111111111111111111111111111111111111111111111111111111111111111111111111111111111111111111111111111111111111111111111111111111111110
11111111111111111111111111111111111111111111111111111111111111111111111111111111111111111111111111111111111111111111111111111111111111111111111111111111111111111111111111111111111111111111111111111110
11111111111111111111111111111111111111111111111111111111111111111111111111111111111111111111111111111111111111111111111111111111111111111111111111111111111111111111111111111111111111111111111111111110
11111111111111111111111111111111111111111111111111111111111111111111111111111111111111111111111111111111111111111111111111111111111111111111111111111111111111111111111111111111111111111111111111111110
11111111111111111111111111111111111111111111111111111111111111111111111111111111111111111111111111111111111111111111111111111111111111111111111111111111111111111111111111111111111111111111111111111110
