00000000000000000000000000000000000000000000000000000000000000000000000000000000000000000000000000000000000000000000000000000000000000000000000000000000000000000000000000000000000000000000000000000000
11111111111111111111111111111111111111111111111111111111111111111111111111111111111111111111111111111111111111111111111111111111111111111111111111111111111111111111111111111111111111111111111111111110
11111111111111111111111111111111111111111111111111111111111111111111111111111111111111111111111111111111111111111111111111111111111111111111111111111111111111111111111111111111111111111111111111111110
11111111111111111111111111111111111111111111111111111111111111111111111111111111111111111111111111111111111111111111111111111111111111111111111111111111111111111111111111111111111111111111111111111110
11111111111111111111111111111111111111111111111111111111111111111111111111111111111111111111111111111111111111111111111111111111111111111111111111111111111111111111111111111111111111111111111111111110
11111111111111111111111111111111111111111111111111111111111111111111111111111111111111111111111111111111111111111111111111111111111111111111111111111111111111111111111111111111111111111111111111111110
11111111111111111111111111111111111111111111111111111111111111111111111111111111111111111111111111111111111111111111111111111111111111111111111111111111111111111111111111111111111111111111111111111110
11111111111111111111111111111111111111111111111111111111111111111111111111111111111111111111111111111111111111111111111111111111111111111111111111111111111111111111111111111111111111111111111111111110
11111111111111111111111111111111111111111111111111111111111111111111111111111111111111111111111111111111111111111111111111111111111111111111111111111111111111111111111111111111111111111111111111111110
11111111111111111111111111111111111111111111111111111111111111111111111111111111111111111111111111111111111111111111111111111111111111111111111111111111111111111111111111111111111111111111111111111110
11111111111111111111111111111111111111111111111111111111111111111111111111111111111111111111111111111111111111111111111111111111111111111111111111111111111111111111111111111111111111111111111111111110
11111111111111111111111111111111111111111111111111111111111111111111111111111111111111111111111111111111111111111111111111111111111111111111111111111111111111111111111111111111111111111111111111111110
11111111111111111111111111111111111111111111111111111111111111111111111111111111111111111111111111111111111111111111111111111111111111111111111111111111111111111111111111111111111111111111111111111110
11111111111111111111111111111111111111111111111111111111111111111111111111111111111111111111111111111111111111111111111111111111111111111111111111111111111111111111111111111111111111111111111111111110
11111111111111111111111111111111111111111111111111111111111111111111111111111111111111111111111111111111111111111111111111111111111111111111111111111111111111111111111111111111111111111111111111111110
11111111111111111111111111111111111111111111111111111111111111111111111111111111111111111111111111111111111111111111111111111111111111111111111111111111111111111111111111111111111111111111111111111110
11111111111111111111111111111111111111111111111111111111111111111111111111111111111111111111111111111111111111111111111111111111111111111111111111111111111111111111111111111111111111111111111111111110
11111111111111111111111111111111111111111111111111111111111111111111111111111111111111111111111111111111111111111111111111111111111111111111111111111111111111111111111111111111111111111111111111111110
11111111111111111111111111111111111111111111111111111111111111111111111111111111111111111111111111111111111111111111111111111111111111111111111111111111111111111111111111111111111111111111111111111110
11111111111111111111111111111111111111111111111111111111111111111111111111111111111111111111111111111111111111111111111111111111111111111111111111111111111111111111111111111111111111111111111111111110
11111111111111111111111111111111111111111111111111111111111111111111111111111111111111111111111111111111111111111111111111111111111111111111111111111111111111111111111111111111111111111111111111111110
11111111111111111111111111111111111111111111111111111111111111111111111111111111111111111111111111111111111111111111111111111111111111111111111111111111111111111111111111111111111111111111111111111110
11111111111111111111111111111111111111111111111111111111111111111111111111111111111111111111111111111111111111111111111111111111111111111111111111111111111111111111111111111111111111111111111111111110
11111111111111111111111111111111111111111111111111111111111111111111111111111111111111111111111111111111111111111111111111111111111111111111111111111111111111111111111111111111111111111111111111111110
11111111111111111111111111111111111111111111111111111111111111111111111111111111111111111111111111111111111111111111111111111111111111111111111111111111111111111111111111111111111111111111111111111110
11111111111111111111111111111111111111111111111111111111111111111111111111111111111111111111111111111111111111111111111111111111111111111111111111111111111111111111111111111111111111111111111111111110
11111111111111111111111111111111111111111111111111111111111111111111111111111111111111111111111111111111111111110000000000011111111111111111111111111111111111111111111111111111111111111111111111111110
11111111111111111111111111111111111111111111111111111111111111111111111111111111111111111111111111111111111111110000000000011111111111111111111111111111111111111111111111111111111111111111111111111110
11111111111111111111111111111111111111111111111111111111111111111111111111111111111111111111111111111111111111110000000000011111111111111111111111111111111111111111111111111111111111111111111111111110
11111111111111111111111111111111111111111111111111111111111111111111111111111111111111111111111111111111111111110000000000000000111111111111111111111111111111111111111111111111111111111111111111111110
11111111111111111111111111111111111111111111111111111111111111111111111111111111111111111111111111111111111111110000000000000000111111111111111111111111111111111111111111111111111111111111111111111110
11111111111111111111111111111111111111111111111111111111111111111111111111111111111111111111111111111111111111110000000000000000011111111111111111111111111111111111111111111111111111111111111111111110
11111111111111111111111111111111111111111111111111111111111111111111111111111111111111111111111111111111111111110000000000000000001111111111111111111111111111111111111111111111111111111111111111111110
11111111111111111111111111111111111111111111111111111111111111111111111111111111111111111111111111111111111111110000000000000000000011111111111111111111111111111111111111111111111111111111111111111110
11111111111111111111111111111111111111111111111111111111111111111111111111111111111111111111111111111111111111110000000000000000000011111111111111111111111111111111111111111111111111111111111111111110
11111111111111111111111111111111111111111111111111111111111111111111111111111111111111111111111111111111111111110000000000000000000011111111111111111111111111111111111111111111111111111111111111111110
11111111111111111111111111111111111111111111111111111111111111111111111111111111111111111111111111111111111111110000000000000000000011111111111111111111111111111111111111111111111111111111111111111110
11111111111111111111111111111111111111111111111111111111111111111111111111111111111111111111111111111111111111110000000000000000000011111111111111111111111111111111111111111111111111111111111111111110
11111111111111111111111111111111111111111111111111111111111111111111111111111111111111111111111111111111111111110000000000000000011111111111111111111111111111111111111111111111111111111111111111111110
11111111111111111111111111111111111111111111111111111111111111111111111111111111111111111111111111111111111111110000000000000000011111111111111111111111111111111111111111111111111111111111111111111110
11111111111111111111111111111111111111111111111111111111111111111111111111111111111111111111111111111111111111110000000000000000011111111111111111111111111111111111111111111111111111111111111111111110
11111111111111111111111111111111111111111111111111111111111111111111111111111111111111111111111111111111111111110000000000000000111111111111111111111111111111111111111111111111111111111111111111111110
11111111111111111111111111111111111111111111111111111111111111111111111111111111111111111111111111111111111111110000000000000001111111111111111111111111111111111111111111111111111111111111111111111110
11111111111111111111111111111111111111111111111111111111111111111111111111111111111111111111111111111111111111110000000000000011111111111111111111111111111111111111111111111111111111111111111111111110
11111111111111111111111111111111111111111111111111111111110000000000000000000011111111111111111111111111111111110000000000000111111111111111111111111111111111111111111111111111111111111111111111111110
11111111111111111111111111111111111111111111111111111111110000000000000000000011111111111111111111111111111111110000000000000111111111111111111111111111111111111111111111111111111111111111111111111110
11111111111111111111111111111111111111111111111111111111100000000000000000000011111111111111111111111111111111110000000000000111111111111111111111111111111111111111111111111111111111111111111111111110
11111111111111111111111111111111111111111111111111111111111000000000000001100011111111111111111111111111111111110000000000000111111111111111111111111111111111111111111111111111111111111111111111111110
11111111111111111111111111111111111111111111111111111111111000000000000001100011111111111111111111111111111111110000000000000111111111100000000000000000000000111111110000000000000000000011111111111110
11111111111111111111111111111111111111111111111111111111100000000000000000000011111111111111111111111111111111110000000000001111111111000000000000000000000000011111111111100000000000000001111111111110
11111111111111111111111111111111111111111111111111111111000000000000000000000011111111111111111111111111111111110000000000011111111110000000000000000000000000001111000000100000000000000000111111111110
11111111111111111111111111111111111111111111111111111111000000000000000000110011111111111111111111111111111111110000000000111110000000011000000000000000000110001111000000100000000000000000111111111110
11111111111111111111111111111111111111111111111111000000000000000000000011111111111111111111111111111111111111110000000001111100000000011000000000000000000110001111000000100000000000000000111111111110
11111111111111111111111111111111111111111111111111000000000000000000000011111111111111111111111111111111111111100000111111111000000000000000000000000000000000001111000000100000000000000000111111111110
11111111111111111111111111111111111111111111111111000000000000000000000111111111111111111111111111111111111111000001111111110000000000000000000000000000000000001111001111100000000000000000111111111110
11111111111111111111111111111111111111111111111111000000000000000000000111111111111111111111111111111111111111000011111111100000000000000000000000000000000000001111000000000000000000000000111111111110
11111111111111111111111111111111111111111111111111000000000000000000001111111111111111111111111111111111111111000111111111100000000000000000000000000000000001101111000000000000000000000000111111111110
11111111111111111111111111111111111111111111111111000000000000000000001111111111111111111111111111111111111111000111111111100000000000000000000000000000000001101111000000000000000000000000111111111110
11111111111111111111111111111111111111111111111111000000000000000000001111111111111111111111111111111111111111000111111111100000000000000000000000000000000001101111000000000000000000000000111111111110
11111111111111111111111111111111111111111111111111000000000000000000001111111111111111111111111111111111111111000111111111100000000000000000000000000000000001101111000000000000000000000000111111111110
11111111111111111111111111111111111111111111111111000000000000000000001111111111111111111111111111111111111111000011111111000000000000000000000000000000000001101111000000000000000000000000111111111110
11111111111111111111111111111111111111111111111111111000000000000000001111111111111111111111111111111111111111000001111110000000000000000000000000000000000001101111000000000000000000000000111111111110
11111111111111111111111111111111111111111111111111111000000000000000001111111111111111111111111111111111111111000000111100000000000000000000000000000000000001101111000000000000000000000000111111111110
11111111111111111111111111111111111111111111111111000000000000000000001111111111111111111111111111111111111111000000111100000000000000000000000000000000000001101111000000000000000000000000111111111110
11111111111111111111111111111111111111111111111111000000000000000000001111111111111111111111111111111111111111000000111100000000000000000000000000000000000000001111100000000000000000000001111111111110
11111111111111111111111111111111111111111111111111000000000000000000001111111111111111111111111111111111111111000000111100000000000000000000000000000000000000101111110000000000000000000011111111111110
11111111111111111111111111111111111111111111111100000000000000000000001111111111111111111111111111111111111111000000111100000000000000000000000000000000011101111111111111111111111111111111111111111110
11111111111111111111111111111111111111111111111100000000000000000000001111111111111111111111111111111111111111000000111100011000000000000000000000000001111101111111111111111111111111111111111111111110
11111111111111111111111111111111111111111111111100000000000000000000011111111111111111111111111111111111111111000000111100011000000000000000000000000011111101111111111111111111111111111111111111111110
11111111111111111111111111111111111111111111111100000000000000000000111111111111111111111111111111111111111111000000111100000000000000000000000000000111111101111111111111111111111111111111111111111110
11111111111111111111111111111111111111111111111100000000000000000000111111111111111111111111111111111111111111000000111100000000000000000000000000001111111001111111110000000000000000000011111111111110
11111111111111111111111111111111111111111111111100000000000000000000111111111111111111111111111111111111111111000000111100000000000000000000000000001111100001111111100000000000000000000001111111111110
11111111111111111111111111111111111111111111111100000000000000000000111111111111111111111111111111111111111111000000111100000000000000000000000000001111100011111111000000000000000000000000111111111110
11111111111111111111111111111111111111111111111100000000000000000000111111111111111111111111111111111111111110000001111110000000000000000000000000001111000111100000000000000000000000000000111111111110
11111111111111111111111111111111111111111111111100000000000000000000111111111111111111111111111111111111111100000011111111000000000000000000000000000000001111000000000000000000000000000000111111111110
11111111111111111111111111111111111111111111111100000000000000000000111111111111111111111111111111111111110000000111111111100000000000000000000000001111111110000000000000000000000000000000111111111110
11111111111111111111111111111111111111111111111100000000000000000000111111111111111111111111111111111111000000000111111111100000000000000000000000011111111100000000000000000000000000000000111111111110
11111111111111111111111111111111111111111111111100000000000000000000111111111111111111111111111111111111111000000111111111100000000000000000000000111111111000000000000000000011110000000000111111111110
11111111111111111111111111111111111111111111111100000000000000000000111111111111111111111111111111111111111000000111111111100000000000000000000001111111111000000000001111111111111111111100111111111110
11111111111111111111111111111111111111111111111000000000000000000000111111111111111111111111111111111111000000000111111111100000000000000000000001111111111000000000001111111111111111111100111111111110
11111111111111111111111111111111111111111111110000000000000000000000111111111111111111111111111111111111000000000011111111000000000000000000000001111111111000000000001111111111111111111100111111111110
11111111111111111111111111111111111111111111100000000000000000000011111111111111111111111111111111111111000000000001111110000000000000000000000001111111111000000000001111111111111111111100111111111110
11111111111111111111111111111111111111111111100000000000000000000011111111111111111111111111111111111111000000000000111100000000000000000000000000111111110000000000001111111111111111111100111111111110
11111111111111111111111111111111111111111111100000000000000000000011111111111111111111111111111111111111000000000000000000000000000000000000000000011111100000000000001111111111111111111100111111111110
11111111111111111111111111111111111111111111100000000000000000000001111111111111111111111111111111111111111111110000000000000000000000000000000000001111000000000000001111111111111111111100111111111110
11111111111111111111111111111111111111111111100000000000000000000001110000000000000000000000000000000000000000110000000000000000000000000000000000001111000000000000001111111111111111111100111111111110
11111111111111111111111111111111111111111111100000000000000000000000000000000000000000000000000000000000000000000000000000000000000000000000000000000011000000000000000011111111111111111100111111111110
11111111111111111111111111111111111111110000000000000000000000000000000000000000000000000000000000000000000000000000000000000000000000000000000000000011000000000000000011111111111111111100111111111110
11111111111111111111111111111111111111110000000000000000000000000000000000000000000000000000000000000000000000000000000000000000000000000000000000000011000000000000000011111111111111111100111111111110
11111111111111111111111111111111111111110000000000000000000000000000000000000000000000000000000000000000000000000000000000000000000000000000000000000011000000000000000011111111111111111100111111111110
11111111111111111111111111111111111111110000000000000000000000000001110000000000000000000000000000000000000000110000000000000000000000000000000000001111000000000000001111111111111111111100111111111110
11111111111111111111111111111111111111110000000000000000000000000001111111111111111111111111111111111111111111110000000000000000000000000000000000001111000000000000001111111111111111111100111111111110
11111111111111111111111111111111111111110000000000000000000000000111111111111111111111111111111111111111000000000000000000000000000000000000000000011111100000000000001111111111111111111100111111111110
11111111111111111111111111111111111111110000000000000000000000001111111111111111111111111111111111111111000000000000111100000000000000000000000000111111110000000000001111111111111111111100111111111110
11111111111111111111111111111111111111110000000000000000000000011111111111111111111111111111111111111111000000000001111110000000000000000000000001111111111000000000001111111111111111111100111111111110
11111111111111111111111111111111111111110000000000000000000000011111111111111111111111111111111111111111000000000011111111000000000000000000000001111111111000000000001111111111111111111100111111111110
11111111111111111111111111111111111111110000000000000000000000111111111111111111111111111111111111111111000000000111111111100000000000000000000001111111111000000000001111111111111111111100111111111110
11111111111111111111111111111111111111110000000000000000000000111111111111111111111111111111111111111111000001100111111111100000000000000000000001111111111000000000001111111111111111111100111111111110
11111111111111111111111111111111111111110000000000000000000000111111111111111111111111111111111111111111000001100111111111100000000000000000000000111111111000000000000000000011110000000000111111111110
11111111111111111111111111111111111111110000000000000000000000111111111111111111111111111111111111111111000001100111111111100000000000000000000000011111111100000000000000000000000000000000111111111110
11111111111111111111111111111111111111110000000000000000000000111111111111111111111111111111111111111111000000000011111111000000000000000000000000001111111110000000000000000000000000000000111111111110
11111111111111111111111111111111111111110000000000000000000000111111111111111111111111111111111111111111000000000001111110000000000000000000000000000000001111000000000000000000000000000000111111111110
11111111111111111111111111111111111111110000000000000000000000111111111111111111111111111111111111111111000000000000111100000000000000000000000000001111000111100000000000000000000000000000111111111110
11111111111111111111111111111111111111110000000000000000000000111111111111111111111111111111111111111111000000000000111100000000000000000000000000001111100011111111000000000000000000000000111111111110
11111111111111111111111111111111111111111100000000000000000000111111111111111111111111111111111111111111000000000000111100000000000000000000000000001111100001111111100000000000000000000000111111111110
11111111111111111111111111111111111111111100000000000000000000111111111111111111111111111111111111111111000000000000111100000000000000000000000000001111111001111111110000000000000000000000111111111110
11111111111111111111111111111111111111110000000000000000000000111111111111111111111111111111111111111111000000000000111100000000000000000000000000000111111101111111111111111111111111111111111111111110
11111111111111111111111111111111111111110000000000000000000000111111111111111111111111111111111111111111000000000000111100011000000000000000000000000011111101111111111111111111111111111111111111111110
11111111111111111111111111111111111111110000000000000000000000111111111111111111111111111111111111111111000000000000111100011000000000000000000000000001111101111111111111111111111111111111111111111110
11111111111111111111111111111111111111111111000000000000000000111111111111111111111111111111111111111111000000000000111100000000000000000000000000000000111101111111111111111111111111111111111111111110
11111111111111111111111111111111111111111111000000000000000000111111111111111111111111111111111111111111000000000000111100000000000000000000000000000000000000111111110000000000000000000011111111111110
11111111111111111111111111111111111111111000000000000000000000111111111111111111111111111111111111111111000000000000111100000000000000000000000000000000000000011111100000000000000000000001111111111110
11111111111111111111111111111111111111111100000000000000000000111111111111111111111111111111111111111111000000000000111100000000000000000000000000000000000001101111000000000000000000000000111111111110
11111111111111111111111111111111111111111100000000000000000000111111111111111111111111111111111111111110000000000000111100000000000000000000000000000000000001101111000000000000000000000000111111111110
11111111111111111111111111111111111111111100000000000000000001111111111111111111111111111111111111111100000000000001111110000000000000000000000000000000000001101111000000000000000000000000111111111110
11111111111111111111111111111111111111111100000000000000000001111111111111111111111111111111111111111000000000000011111111000000000000000000000000000000000001101111000000000000000000000000111111111110
11111111111111111111111111111111111111111100000000000000001111111111111111111111111111111111110000000000000000000111111111100000000000000000000000000000000001101111000000000000000000000000111111111110
11111111111111111111111111111111111111111100000000000000111111111111111111111111111111111111110000000000000000000111111111100000000000000000000000000000000001101111000000000000000000000000111111111110
11111111111111111111111111111111111111111100000000000001111111111111111111111111111111111111110000000000000000000111111111100000000000000000000000000000000001101111000000000000000000000000111111111110
11111111111111111111111111111111111111111100000000000011111111111111111111111111111111111111110000000000000000000111111111100000000000000000000000000000000001101111000000000000000000000000111111111110
11111111111111111111111111111111111111111100000000000011111111111111111111111111111111111111110000000000000000000011111111100000000000000000000000000000000000001111000000000000000000000000111111111110
11111111111111111111111111111111111111111100000000000011111111111111111111111111111111111111110000000000000000000001111111110000000000000000000000000000000000001111001111100000000000000000111111111110
11111111111111111111111111111111111111111100000000000011111111111111111111111111111111111111110000000000000000000000111111111000000000000000000000000000000000001111000000100000000000000000111111111110
11111111111111111111111111111111111111111100000000000011111111111111111111111111111111111111110000000000000000000000000001111100000000011000000000000000000110001111000000100000000000000000111111111110
11111111111111111111111111111111111111111111111111111111111111111111111111111111111111111111110000000000000000000000000000111110000000011000000000000000000110001111000000100000000000000000111111111110
11111111111111111111111111111111111111111111111111111111111111111111111111111111111111111111110000000000000000000000000000011111111100000000000000000000000000001111000000100000000000000000111111111110
11111111111111111111111111111111111111111111111111111111111111111111111111111111111111111111111110000000000000000000000000001111111110000000000000000000000000011111111111100000000000000001111111111110
11111111111111111111111111111111111111111111111111111111111111111111111111111111111111111111111110000000000000000000000000000111111111000000000000000000000000111111111000000000000000000011111111111110
11111111111111111111111111111111111111111111111111111111111111111111111111111111111111111111110000000000000000000000000000000111111111111111111111111111111111111111111111111111111111111111111111111110
11111111111111111111111111111111111111111111111111111111111111111111111111111111111111111111110000000000000000000000000000000111111111111111111111111111111111111111111111111111111111111111111111111110
11111111111111111111111111111111111111111111111111111111111111111111111111111111111111111111110000000000000000000000000000000111111111111111111111111111111111111111111111111111111111111111111111111110
11111111111111111111111111111111111111111111111111111111111111111111111111111111111111111111110000000000000000000000000000000111111111111111111111111111111111111111111111111111111111111111111111111110
11111111111111111111111111111111111111111111111111111111111111111111111111111111111111111111110000000000000000000000000000000011111111000000000000000000000111111111111111111111111111111111111111111110
11111111111111111111111111111111111111111111111111111111111111111111111111111111111111111111110000000000000000000000000000000001111110000011000000000000000111111111111111111111111111111111111111111110
11111111111111111111111111111111111111111111111111111111111111111111111111111111111111111111110000000000000000000000000000000000111100000011000000000000000111111111111111111111111111111111111111111110
11111111111111111111111111111111111111111111111111111111111111111111111111111111111111111111110000000000000000000000000000000000000000000000000000000000000111111111111111111111111111111111111111111110
11111111111111111111111111111111111111111111111111111111111111111111111111111111111111111111110000000000000000000000000000000000000000000000000000000000000111111111111111111111111111111111111111111110
11111111111111111111111111111111111111111111111111111111111111111111111111111111111111111111110000000011110000000000000000000000000000000000000000000000000111111111111111111111111111111111111111111110
11111111111111111111111111111111111111111111111111111111111111111111111111111111111111111111110000000011111000000000000000000000000000000000000000000000000011111111111111111111111111111111111111111110
11111111111111111111111111111111111111111111111111111111111111111111111111111111111111111111111110000011111000000000000000000001100000000000000000000000000011111111111111111111111111111111111111111110
11111111111111111111111111111111111111111111111111111111111111111111111111111111111111111111111110000011111000000000000000000001100000000000000000000000000001111111111111111111111111111111111111111110
11111111111111111111111111111111111111111111111111111111111111111111111111111111111111111111110000000011110000000000000000000000000000000000000000000000000000111111111111111111111111111111111111111110
11111111111111111111111111111111111111111111111111111111111111111111111111111111111111111111111111110001100000000000000000000000000000000000000000000000000000111111111111111111111111111111111111111110
11111111111111111111111111111111111111111111111111111111111111111111111111111111111111111111111111111100000000000000000000000000000000000000000000000000000000111111111111111111111111111111111111111110
11111111111111111111111111111111111111111111111111111111111111111111111111111111111111111111111111111110000000000000000000000000000000000000000000000000000001111111111111111111111111111111111111111110
11111111111111111111111111111111111111111111111111111111111111111111111111111111111111111111111111111111000000000000000000000000000000111111111111111111111111111111111111111111111111111111111111111110
11111111111111111111111111111111111111111111111111111111111111111111111111111111111111111111111111111111000000000000000000000000000001111111111111111111111111111111111111111111111111111111111111111110
11111111111111111111111111111111111111111111111111111111111111111111111111111111111111111111111111111111000000000000000000000000000011111111111111111111111111111111111111111111111111111111111111111110
11111111111111111111111111111111111111111111111111111111111111111111111111111111111111111111111111111111000000000000000000000000000011111111111111111111111111111111111111111111111111111111111111111110
11111111111111111111111111111111111111111111111111111111111111111111111111111111111111111111111111111111011000000000000000000000000111111111111111111111111111111111111111111111111111111111111111111110
11111111111111111111111111111111111111111111111111111111111111111111111111111111111111111111111111111111011000000000000000000000111111111111111111111111111111111111111111111111111111111111111111111110
11111111111111111111111111111111111111111111111111111111111111111111111111111111111111111111111111111111000000000000000000000000111111111111111111111111111111111111111111111111111111111111111111111110
11111111111111111111111111111111111111111111111111111111111111111111111111111111111111111111111111111111000000000000000000000111111111111111111111111111111111111111111111111111111111111111111111111110
11111111111111111111111111111111111111111111111111111111111111111111111111111111111111111111111111111111000000000000000000001111111111111111111111111111111111111111111111111111111111111111111111111110
11111111111111111111111111111111111111111111111111111111111111111111111111111111111111111111111111111111000000000000000000111111111111111111111111111111111111111111111111111111111111111111111111111110
11111111111111111111111111111111111111111111111111111111111111111111111111111111111111111111111111111111000110000000000000111111111111111111111111111111111111111111111111111111111111111111111111111110
11111111111111111111111111111111111111111111111111111111111111111111111111111111111111111111111111111111000110000000000000111111111111111111111111111111111111111111111111111111111111111111111111111110
11111111111111111111111111111111111111111111111111111111111111111111111111111111111111111111111111111111000000000000000000111111111111111111111111111111111111111111111111111111111111111111111111111110
11111111111111111111111111111111111111111111111111111111111111111111111111111111111111111111111111111111000000000000000000111111111111111111111111111111111111111111111111111111111111111111111111111110
11111111111111111111111111111111111111111111111111111111111111111111111111111111111111111111111111111111000000000000000000111111111111111111111111111111111111111111111111111111111111111111111111111110
11111111111111111111111111111111111111111111111111111111111111111111111111111111111111111111111111111111000000000000000000111111111111111111111111111111111111111111111111111111111111111111111111111110
11111111111111111111111111111111111111111111111111111111111111111111111111111111111111111111111111111111000000000000000000111111111111111111111111111111111111111111111111111111111111111111111111111110
11111111111111111111111111111111111111111111111111111111111111111111111111111111111111111111111111111111000000000000000000111111111111111111111111111111111111111111111111111111111111111111111111111110
11111111111111111111111111111111111111111111111111111111111111111111111111111111111111111111111111111111000000000000011000111111111111111111111111111111111111111111111111111111111111111111111111111110
11111111111111111111111111111111111111111111111111111111111111111111111111111111111111111111111111111111111110000000011000111111111111111111111111111111111111111111111111111111111111111111111111111110
11111111111111111111111111111111111111111111111111111111111111111111111111111111111111111111111111111111111111000000000000111111111111111111111111111111111111111111111111111111111111111111111111111110
11111111111111111111111111111111111111111111111111111111111111111111111111111111111111111111111111111111111111110000000000111111111111111111111111111111111111111111111111111111111111111111111111111110
11111111111111111111111111111111111111111111111111111111111111111111111111111111111111111111111111111111111111111111111111111111111111111111111111111111111111111111111111111111111111111111111111111110
11111111111111111111111111111111111111111111111111111111111111111111111111111111111111111111111111111111111111111111111111111111111111111111111111111111111111111111111111111111111111111111111111111110
11111111111111111111111111111111111111111111111111111111111111111111111111111111111111111111111111111111111111111111111111111111111111111111111111111111111111111111111111111111111111111111111111111110
11111111111111111111111111111111111111111111111111111111111111111111111111111111111111111111111111111111111111111111111111111111111111111111111111111111111111111111111111111111111111111111111111111110
11111111111111111111111111111111111111111111111111111111111111111111111111111111111111111111111111111111111111111111111111111111111111111111111111111111111111111111111111111111111111111111111111111110
11111111111111111111111111111111111111111111111111111111111111111111111111111111111111111111111111111111111111111111111111111111111111111111111111111111111111111111111111111111111111111111111111111110
11111111111111111111111111111111111111111111111111111111111111111111111111111111111111111111111111111111111111111111111111111111111111111111111111111111111111111111111111111111111111111111111111111110
11111111111111111111111111111111111111111111111111111111111111111111111111111111111111111111111111111111111111111111111111111111111111111111111111111111111111111111111111111111111111111111111111111110
11111111111111111111111111111111111111111111111111111111111111111111111111111111111111111111111111111111111111111111111111111111111111111111111111111111111111111111111111111111111111111111111111111110
11111111111111111111111111111111111111111111111111111111111111111111111111111111111111111111111111111111111111111111111111111111111111111111111111111111111111111111111111111111111111111111111111111110
11111111111111111111111111111111111111111111111111111111111111111111111111111111111111111111111111111111111111111111111111111111111111111111111111111111111111111111111111111111111111111111111111111110
11111111111111111111111111111111111111111111111111111111111111111111111111111111111111111111111111111111111111111111111111111111111111111111111111111111111111111111111111111111111111111111111111111110
11111111111111111111111111111111111111111111111111111111111111111111111111111111111111111111111111111111111111111111111111111111111111111111111111111111111111111111111111111111111111111111111111111110
11111111111111111111111111111111111111111111111111111111111111111111111111111111111111111111111111111111111111111111111111111111111111111111111111111111111111111111111111111111111111111111111111111110
11111111111111111111111111111111111111111111111111111111111111111111111111111111111111111111111111111111111111111111111111111111111111111111111111111111111111111111111111111111111111111111111111111110
11111111111111111111111111111111111111111111111111111111111111111111111111111111111111111111111111111111111111111111111111111111111111111111111111111111111111111111111111111111111111111111111111111110
11111111111111111111111111111111111111111111111111111111111111111111111111111111111111111111111111111111111111111111111111111111111111111111111111111111111111111111111111111111111111111111111111111110
11111111111111111111111111111111111111111111111111111111111111111111111111111111111111111111111111111111111111111111111111111111111111111111111111111111111111111111111111111111111111111111111111111110
11111111111111111111111111111111111111111111111111111111111111111111111111111111111111111111111111111111111111111111111111111111111111111111111111111111111111111111111111111111111111111111111111111110
11111111111111111111111111111111111111111111111111111111111111111111111111111111111111111111111111111111111111111111111111111111111111111111111111111111111111111111111111111111111111111111111111111110
11111111111111111111111111111111111111111111111111111111111111111111111111111111111111111111111111111111111111111111111111111111111111111111111111111111111111111111111111111111111111111111111111111110
11111111111111111111111111111111111111111111111111111111111111111111111111111111111111111111111111111111111111111111111111111111111111111111111111111111111111111111111111111111111111111111111111111110
11111111111111111111111111111111111111111111111111111111111111111111111111111111111111111111111111111111111111111111111111111111111111111111111111111111111111111111111111111111111111111111111111111110
11111111111111111111111111111111111111111111111111111111111111111111111111111111111111111111111111111111111111111111111111111111111111111111111111111111111111111111111111111111111111111111111111111110
11111111111111111111111111111111111111111111111111111111111111111111111111111111111111111111111111111111111111111111111111111111111111111111111111111111111111111111111111111111111111111111111111111110
11111111111111111111111111111111111111111111111111111111111111111111111111111111111111111111111111111111111111111111111111111111111111111111111111111111111111111111111111111111111111111111111111111110
11111111111111111111111111111111111111111111111111111111111111111111111111111111111111111111111111111111111111111111111111111111111111111111111111111111111111111111111111111111111111111111111111111110
11111111111111111111111111111111111111111111111111111111111111111111111111111111111111111111111111111111111111111111111111111111111111111111111111111111111111111111111111111111111111111111111111111110
11111111111111111111111111111111111111111111111111111111111111111111111111111111111111111111111111111111111111111111111111111111111111111111111111111111111111111111111111111111111111111111111111111110
11111111111111111111111111111111111111111111111111111111111111111111111111111111111111111111111111111111111111111111111111111111111111111111111111111111111111111111111111111111111111111111111111111110
11111111111111111111111111111111111111111111111111111111111111111111111111111111111111111111111111111111111111111111111111111111111111111111111111111111111111111111111111111111111111111111111111111110
11111111111111111111111111111111111111111111111111111111111111111111111111111111111111111111111111111111111111111111111111111111111111111111111111111111111111111111111111111111111111111111111111111110
11111111111111111111111111111111111111111111111111111111111111111111111111111111111111111111111111111111111111111111111111111111111111111111111111111111111111111111111111111111111111111111111111111110
