11111111111111111111111111111111111111111111111111111111111111111111111111111111111111111111111111111111111111111111111111111111111111111111111111111111111111111111111111111111111111111111111111111111
11111111111111111111111111111111111111111111111111111111111111111111111111111111111111111111111111111111111111111111111111111111111111111111111111111111111111111111111111111111111111111111111111111111
11111111111111111111111111111111111111111111111111111111111111111111111111111111111111111111111111111111111111111111111111111111111111111111111111111111111111111111111111111111111111111111111111111111
11111111111111111111111111111111111111111111111111111111111111111111111111111111111111111111111111111111111111111111111111111111111111111111111111111111111111111111111111111111111111111111111111111111
11111111111111111111111111111111111111111111111111111111111111111111111111111111111111111111111111111111111111111111111111111111111111111111111111111111111111111111111111111111111111111111111111111111
11111111111111111111111111111111111111111111111111111111111111111111111111111111111111111111111111111111111111111111111111111111111111111111111111111111111111111111111111111111111111111111111111111111
11111111111111111111111111111111111111111111111111111111111111111111111111111111111111111111111111111111111111111111111111111111111111111111111111111111111111111111111111111111111111111111111111111111
11111111111111111111111111111111111111111111111111111111111111111111111111111111111111111111111111111111111111111111111111111111111111111111111111111111111111111111111111111111111111111111111111111111
11111111111111111111111111111111111111111111111111111111111111111111111111111111111111111111111111111111111111111111111111111111111111111111111111111111111111111111111111111111111111111111111111111111
11111111111111111111111111111111111111111111111111111111111111111111111111111111111111111111111111111111111111111111111111111111111111111111111111111111111111111111111111111111111111111111111111111111
11111111111111111111111111111111111111000000000011111111111111111111111111111111111111111111111111111111111111111111111111111111111111111111111111111111111111111111111111111111111111111111111111111111
11111111111111111111111111111111111111000000000011111111111111111111111111111111111111111111111111111111111111111111111111111111111111111111111111111111111111111111111111111111111111111111111111111111
11111111111100110000000100000000000000000000000000111111111111111111111111111111111111111111111111111111111111111111111111111111111111111111111111111111111111111111111111111111111111111111111111111111
11111111111100110000011100000000000000000000000000111111111111111111111111111111111111111111111111111111111111111111111111111111111111111111111111111111111111111111111111111111111111111111111111111111
11111111110000000000010000000000000000000000000000001111111111111111111111111111111111111111111111111111111111111111111111111111111111111111111111111111111111111111111111111111111111111111111111111111
11111111110000000001110000000000000000000000000000001111111111111111111111111111111111111111111111111111111111111111111111111111111111111111111111111111111111111111111111111111111111111111111111111111
11111111110000000001000000000000000000000000000000000011111111111111111111111111111111111111111111111111110000000111111000000011111111111111111111111111111111111111111111111111111111111111111111111111
11111111110000000011000000011111111100000000000000000011111111111111111111111111111111111111111111111111000000000111111000000000111111111111111111111111111111111111111111111111111111111111111111111111
11111111110000000010000000001111111100000000000000000011111111111111111111111111111111111111111111111100000000000000000000000000001111111111111111111111111111111111111111111111111111111111111111111111
11111111110000000010000111111000001100000000000000000011111111111111111111111111111111111111111111111100000000000000000000000000001111111111111111111111111111111111111111111111111111111111111111111111
11111111110000000010000100001000001110000000000000000011111111111111111111111111111111111111111111110000000000000000000000000000000011111111111111111111111111111111111111111111111111111111111111111111
11111111110000000010000100000000001111111000000000000011111111111111111111111111111111111111111111110000000001100000000001100000000011111111111111111111111111111111111111111111111111111111111111111111
11111111110000000000000100000000000011111100000000000011111111111111111111111111111111111111111111110000000001100000000001100000000011111111111111111111111111111111111111111111111111000000000000001111
11111111110000000000000100000000000000001110000000000011111111111111111111111111111111111111111111110000000000000000000000000000000000000000001111111111111111111111111111111111111111000000000001101111
11111111110000000000000000000000000000000110000000000011111111110000111111111111111111111111111111000000000000000000000000000000000000000000001111111111111111111111111111111111110000000000000001101111
11111111110000000000000000000000000000000110000000011111111111100000111111111111111111111111111111000000000000000000000000000000000000000000001111111111111111111111111111111111110000000000000000001111
11111111110000000000000000000000000000000110000000010000111110100000111111111111111111111111111111000000000000000000000000000000000000000000001111111111111111111111111111111111110000000000000011111111
11111111110000000000000000000000000000000111000000010000000000100000111111111111111111111111111111000000000000000000000000000000000010000010001111111111111111111111111111111111110000000000000011111111
11111111110000000000000000000000000000000011110000010000000000100000111111111111111111111111111111000000000000000000000000000000000010000010001111111111111111111111111111111111110000000100000011111111
11111111110000000000000000000000000000000011110000010000000000110000111111111111111111111111111111000000000001100000000001100000000010000011111111111111111111111111111111111111110000001110000011111111
11111111110000000000000000000000000000000000010000010000000000110000111111111111111111111111111111000000000001100000000001100000000010000011111111111111111111111111111111111111110000001110000011111111
11111111110000000000000000000000000000000000010000010000000000110000111111111111111111111111111111000000000000000000000000000000000010000011111111111111111111111111111111111111110000000100000011111111
11111111111100000011000000000000000000000000010000010000000000110000111111111111111111111111111111110000000000000000000000000000000010000000001111111111111111111111111111111111110000000000000000001111
11111111111100000011000000000000000000000000010000010000000000110000111111111111111111111111111111110000000000000000000000000000000010000000001111111111111111111111111111111111110000000000000001101111
11111111111111000000000000000000000000000000010000010000000000010000111111111111111111111111111111110000000000000000000000000000000010000000001111111111111111111111111111111111110000000000000001101111
11111111111111000000000000000000000000000011110000010000000000010000111111111111111111111111111111110000000000000000000000000000000010000000001111111111111111111111111111111111110000000000000000001111
11111111111111110000000000000000000000000000100000010000000000010000111111111111111111111111111111111100000000000000000000000000000010000000111111111111111111111111111111111111110000000000000000111111
11111111111111110000000000000000000000000000100000010000000000010000111111111111111111111111111111111100000001100000000001100000000010000000111111111111111111111111111111111111110000000000000000111111
11111111111111110000000000000000000000000000100000010000000000010000111111111111111111111111111111111111000001100000000001100000000011111111111111111111111111111111111111111111111111111111111111111111
11111111111111110000000000000000000000000000100000010000000000010000111111111111111111111111111111111111000000000000000000000000000011111111111111111111111111111111111111111111111111111111111111111111
11111111111111110000000000000000000000001111100000110000000000010000111111111111111111111111111111111111110000000000000000000000001111111111111111111111111111111111111111111111111111111111111111111111
11111111111111111100000000000000000000000000000000100000000000010000111111111111111111111111111111111111110000000000000000000000001111111111111111111111111111111111111111111111111111111111111111111111
11111111111111111100000000000000000000000000000011100000000000000000111111111111111111111111111111111111111100000000000000000000111111111111111111111111111111111111111111111111111111111111111111111111
11111111111111111000000000000000000000000000000010000000000000000000111111111111111111111111111111111111111100000000000000000000111111111111111111111111111111111111111111111111111111111111111111111111
11111111111111111100000000000011000000000000001110000000000000000000111111111111111111111111111111111111111111000000000000000011111111111111111111111111111111111111111111111111111111111111111111111111
11111111111111111100000000000011000000000011111000000000000000000000111111111111111111111111111111111111111111000000000000000011111111111111111111111111111111111111111111111111111111111111111111111111
11111111111111111111011000000000000000000000000000000011000000000111111111111111111111111111111111111111111111110000000000001111111111111111111111111111111111111111111111111111111111111111111111111111
11111111111111111111111000000000000000000000000000000011000000000111111111111111111111111111111111111111111111110000000000001111111111111111111111111111111111111111111111111111111111111111111111111111
11111111111111111111111111110000000000000000000000000011111111111111111111111111111111111111111111111111111111111111111111111111111111111111111111111111111111111111111111111111111111111111111111111111
11111111111111111111111111110000000000000000000000000011111111111111111111111111111111111111111111111111111111111111111111111111111111111111111111111111111111111111111111111111111111111111111111111111
11111111111111111111111111111100000000000000000000001111111111111111111111111111111111111111111111111111111111111111111111111111111111111111111111111111111111111111111111111111111111111111111111111111
11111111111111111111111111111100000000000000000000001111111111111111111111111111111111111111111111111111111111111111111111111111111111111111111111111111111111111111111111111111111111111111111111111111
11111111111111111111111111111111000000000000000000111111111111111111111111111111111111111111111111111111111111111111111111111111111111111111111111111111111111111111111111111111111111111111111111111111
11111111111111111111111111111111000000000000000000111111111111111111111111111111111111111111111111111111111111111111111111111111111111111111111111111111111111111111111111111111111111111111111111111111
11111111111111111111111111111111111111111111111111111111111111111111111111111111111111111111111111111111111111111111111111111111111111111111111111111111111111111111111111111111111111111111111111111111
11111111111111111111111111111111111111111111111111111111111111111111111111111111111111111111111111111111111111111111111111111111111111111111111111111111111111111111111111111111111111111111111111111111
11111111111111111111111111111111111111111111111111111111111111111111111111111111111111111111111111111111111111111111111111111111111111111111111111111111111111111111111111111111111111111111111111111111
11111111111111111111111111111111111111111111111111111111111111111111111111111111111111111111111111111111111111111111111111111111111111111111111111111111111111111111111111111111111111111111111111111111
11111111111111111111111111111111111111111111111111111111111111111111111111111111111111111111111111111111111111111111111111111111111111111111111111111111111111111111111111111111111111111111111111111111
11111111111111111111111111111111111111111111111111111111111111111111111111111111111111111111111111111111111111111111111111111111111111111111111111111111111111111111111111111111111111111111111111111111
11111111111111111111111111111111111111111111111111111111111111111111111111111111111111111111111111111111111111111111111111111111111111111111111111111111111111111111111111111111111111111111111111111111
11111111111111111111111111111111111111111111111111111111111111111111111111111111111111111111111111111111111111111111111111111111111111111111111111111111111111111111111111111111111111111111111111111111
11111111111111111111111111111111111111111111111111111111111111111111111111111111111111111111111111111111111111111111111111111111111111111111111111111111111111111111111111111111111111111111111111111111
11111111111111111111111111111111111111111111111111111111111111111111111111111111111111111111111111111111111111111111111111111111111111111111111111111111111111111111111111111111111111111111111111111111
11111111111111111111111111111111111111111111111111111111111111111111111111111111111111111111111111111111111111111111111111111111111111111111111111111111111111111111111111111111111111111111111111111111
11111111111111111111111111111111111111111111111111111111111111111111111111111111111111111111111111111111111111111111111111111111111111111111111111111111111111111111111111111111111111111111111111111111
11111111111111111111111111111111111111111111111111111111111111111111111111111111111111111111111111111111111111111111111111111111111111111111111111111111111111111111111111111111111111111111111111111111
11111111111111111111111111111111111111111111111111111111111111111111111111111111111111111111111111111111111111111111111111111111111111111111111111111111111111111111111111111111111111111111111111111111
11111111111111111111111111111111111111111111111111111111111111111111111111111111111111111111111111111111111111111111111111111111111111111111111111111111111111111111111111111111111111111111111111111111
11111111111111111111111111111111111111111111111111111111111111111111111111111111111111111111111111111111111111111111111111111111111111111111111111111111111111111111111111111111111111111111111111111111
11111111111111111111111111111111111111111111111111111111111111111111111111111111111111111111111111111111111111111111111111111111111111111111111111111111111111111111111111111111111111111111111111111111
11111111111111111111111111111111111111111111111111111111111111111111111111111111111111111111111111111111111111111111111111111111111111111111111111111111111111111111111111111111111111111111111111111111
11111111111111111111111111111111111111111111111111111111111111111111111111111111111111111111111111111111111111111111111111111111111111111111111111111111111111111111111111111111111111111111111111111111
11111111111111111111111111111111111111111111111111111111111111111111111111111111111111111111111111111111111111111111111111111111111111111111111111111111111111111111111111111111111111111111111111111111
11111111111111111111111111111111111111111111111111111111111111111111111111111111111111111111111111111111111111111111111111111111111111111111111111111111111111111111111111111111111111111111111111111111
11111111111111111111111111111111111111111111111111111111111111111111111111111111111111111111111111111111111111111111111111111111111111111111111111111111111111111111111111111111111111111111111111111111
11111111111111111111111111111111111111111111111111111111111111111111111111111111111111111111111111111111111111111111111111111111111111111111111111111111111111111111111111111111111111111111111111111111
11111111111111111111111111111111111111111111111111111111111111111111111111111111111111111111111111111111111111111111111111111111111111111111111111111111111111111111111111111111111111111111111111111111
11111111111111111111111111111111111111111111111111111111111111111111111111111111111111111111111111111111111111111111111111111111111111111111111111111111111111111111111111111111111111111111111111111111
11111111111111111111111111111111111111111111111111111111111111111111111111111111111111111111111111111111111111111111111111111111111111111111111111111111111111111111111111111111111111111111111111111111
11111111111111111111111111111111111111111111111111111111111111111111111111111111111111111111111111111111111111111111111111111111111111111111111111111111111111111111111111111111111111111111111111111111
11111111111111111111111111111111111111111111111111111111111111111111111111111111111111111111111111111111111111111111111111111111111111111111111111111111111111111111111111111111111111111111111111111111
11111111111111111111111111111111111111111111111111111111111111111111111111111111111111111111111111111111111111111111111111111111111111111111111111111111111111111111111111111111111111111111111111111111
11111111111111111111111111111111111111111111111111111111111111111111111111111111111111111111111111111111111111111111111111111111111111111111111111111111111111111111111111111111111111111111111111111111
11111111111111111111111111111111111111111111111111111111111111111111111111111111111111111111111111111111111111111111111111111111111111111111111111111111111111111111111111111111111100000000001111111111
11111111111111111111111111111111111111111111111111111111111111111111111111111111111111111111111111111111111111111111111111111111111111111111111111111111111111111111111111111111111100000000001111111111
11111111111111111111111111111111111111111111111111111111111111111111111111111111111111111111111111111111111111111111111111111111111111111111111111111111111111111111111111111111111100000000000001111111
11111111111111111111111111111111111111111111111111111111111111111111111111111111111111111111111111111111111111111111111111111111111111111111111111111111111111111111111111111111111100000011100001111111
11111111111111111111111111111111111111111111111111111111111111111111111111111111111111111111111111111111111111111111111111111111111111111111111111111111111111111111111111111111111100000011100001111111
11111111111111111111111111111111111111111111111111111111111111111111111111111111111111111111111111111111111111111111111111111111111111111111111111111111111111111111111111111111111100000000000000111111
11111111111111111111111111111111111111111111111111111111111111111111111111111111111111111111111111111111111111111111111111111111111111111111111111111111111111111111111111111111111111000000000000111111
11111111111111111111111111111111111111111111111111111111111111111111111111111111111111111111111111111111111111111111111111111111111111111111111111111111111111111111111111111111111111000000000000111111
11111111111111111111111111111111111111111111111111111111111111111111111111111111111111111111000000111111111111111111111111111111111111111111111111111111111111111111111111111111111111001100000000111111
11111111111111111111111111111111111111111111111111111111111111111111111111111111111111111111000000111111111111111111111111111111111111111111111111111111111111111111111111111111111111001100000000111111
11111111111111111111111111111111111111111111111111111111111111111111111111111111111111111100000000001111111111111111111111111111111111111111111111111111111111111111111111111111111111111100000000111111
11111111111111111111111111111111111111111111111111111111111111111111111111111111111111111100000000001111111111111111111111111111111111111111111111111111111111111111111111111111111111111100000000001111
11111111111111111111111111000011001111111111111111111111111111111111111111110000001111111100000000001111111111111111111111111111111111111111111111111111111111111111111111111111111111111111111111111111
11111111111111111111110000000011001111111111111111111111111111111111111111111110001111111100000000001111111111111111111111111111111111111111111111111111111111111111111111111111111111111111111111111111
11111111111111111111110000000000001111111111111111111111111111111111111111111111000111111100000000001111111111111111111111111111111111111111111111111111111111111111111111111111111111111111111111111111
11111111111111111111110000000000001111111111111111111111111111111111111111111000000011111100000000001111111111111111111111111111111111111111111111111111111111111111111111111111111111111111111111111111
11111111111111111111110000000000001111111111111111111111111111111111111111110000000000000000000000001100000001111111111111111111111111111111111111111111000000111111111111111111111111111111111111111111
11111111111111111111110000000000001111111111111111111111111111111111111111110000010000000000000000001100000001111111111111111111111111111111111111111100000010111111111111111111111111111111111111111111
11111111111111111111110000000000001111111111111111111111111111111111111111110000001100000000000000000000000001111111111111111111111111111111111111110000000010111110111111111111111111111111111111111111
11111111111111111111111111111110011111111111111111111111111111111111111111100000011110000000000000000000011001111111111111111111111111111111111111110000000010111110111111111111111111111111111111111111
11111111111100000000001111111000000000001111111111111111111111111111111111100000011110000000000000000001011001111111111111111111111111111111111111110000000000111110011111111111111111111111111111111111
11111111111100110110011111111000000000001111111111111111111111111111111111100000101110100000000000000000011001111111111111111111111111111111111111110000000000110000011111111111111111111111111111111111
11111111111111000000011111100000001000001111111111111111111111111111111111100000000000001100000000000000011000111111111111111111111111111111111111110011000000110000001111111111111111111111111111111111
11111111111111000000011110000000001000001111111111111111111111111111111111100000000000001100000000000000000000111111111111111111111111111111111111111011010000110000000001111111111111111111111111111111
11111111110000000000001110000000001000001111111111111111111111111111111111110000000001111100000000011100000000111111111111111111111111111111111111110011000000110000000000111111111111111111111111111111
11111111110000000000001110000000001000001111111111111111111111111111111111111111000001111100000000011100000110111111111111111111111111111111111111110000000000110000000000111111111111111111111111111111
11111111110000000000000000000000001100001111111111111111111111111111111111111111000001111100000000011111111111111111111111111111111111111111111111111111110000110000000000011111111111111111111111111111
11111111110000000000000000000000000000001111111111111111111111111111111111111111000001111100000000011111111111111111111111111111111111111111111111111111110000110000000000011111111111111111111111111111
11111111110000000000000000000000000000001111111111111111111111111111111111111111000000001100000000011100000000000011111111111111111111111111111111111100000000000000000000011111111111111111111111111111
11111111110000000000000000000000001100001111111111111111111111111111111111111111000001101100000000011100000001111111111111111111111111111111111111111100000000000000000000001111111111111111111111111111
11111111110000000000000000000000001000001111111111111111111111111111111111111100000000000000000000001100000000000100111111111111111111111111111111111111000000000000111111111111111111111111111111111111
11111111110000000000000000000000001000001111111111111111111111111111111111111100000000000000000000001100000000000100111111111111111111111111111111111111000000000000111111111111111111111111111111111111
11111111111111000000000000000000001000001111111111111111111111111111111111111100110000000000000000000000000000000000111111111111111111111111111111111111110000000000000000111111111111111111111111111111
11111111111111000000000000000000001000001111111111111111111111111111111111111100110000000000000000000000000000000000111111111111111111111111111111111111110000000000000000111111111111111111111111111111
11111111111100000000000000000000000000001111111111111111111111111111111111111100000000000000000000000000000000000000111111111111111111111111111111111111000000000000000000111111111111111111111111111111
11111111111100110110000000000000000000001111111111111111111111111111111111111111000000000000000000000000000000000000111111111111111111111111111111111111000000000000000000111111111111111111111111111111
11111111111111111111111111111100001111111111111111111111111111111111111111111110000000011100000000001100000000000000111111111111111111111111111111111111000000000000000000000011111111111111111111111111
11111111111111111111111000000000001111111111111111111111111111111111111111111110000000011100000000001100000000000000111111111111111111111111111111111111000000000000000000000111111111111111111111111111
11111111111111111111111000000000111111111111111111111111111111111111111111111110000011011100000000001110000000000000111111111111111111111111111111111111110000110000000000000001111111111111111111111111
11111111111111111111111000000000111111111111111111111111111111111111111111110000000011111111111111111110000000000100111111111111111111111111111111111111110000110000000000000011111111111111111111111111
11111111111111111111111000000000111111111111111111111111111111111111111111110000001111111111111111111111000000000111111111111111111111111111111111111111111111111100000000000011111111111111111111111111
11111111111111111111111000000000011111111111111111111111111111111111111111110000001111111111111111111111000001111111111111111111111111111111111111111111111111111111111000000011111111111111111111111111
11111111111111111111111000000000011111111111111111111111111111111111111111111100001111111111111111111110000000001111111111111111111111111111111111111111111111111111111000000011111111111111111111111111
11111111111111111111111111111111111111111111111111111111111111111111111111111100011111111111111111111111000000001111111111111111111111111111111111111111111111111111111111111111111111111111111111111111
11111111111111111111111111111111111111111111111111111111111111111111111111111111111111111111111111111111101100111111111111111111111111111111111111111111111111111111111111111111111111111111111111111111
11111111111111111111111111111111111111111111111111111111111111111111111111111111111111111111111111111111111111111111111111111111111111111111111111111111111111111111111111111111111111111111111111111111
11111111111111111111111111111111111111111111111111111111111111111111111111111111111111111111111111111111111111111111111111111111111111111111111111111111111111111111111111111111111111111111111111111111
11111111111111111111111111111111111111111111111111111111111111111111111111111111111111111111111111111111111111111111111111111111111111111111111111111111111111111111111111111111111111111111111111111111
11111111111111111111111111111111111111111111111111111111111111111111111111111111111111111111111111111111111111111111111111111111111111111111111111111111111111111111111111111111111111111111111111111111
11111111111111111111111111111111111111111111111111111111111111111111111111111111111111111111111111111111111111111111111111111111111111111111111111111111111111111111111111111111111111111111111111111111
11111111111111111111111111111111111111111111111111111111111111111111111111111111111111111111111111111111111111111111111111111111111111111111111111111111111111111111111111111111111111111111111111111111
11111111111111111111111111111111111111111111111111111111111111111111111111111111111111111111111111111111111111111111111111111111111111111111111111111111111111111111111111111111111111111111111111111111
11111111111111111111111111111111111111111111111111111111111111111111111111111111111111111111111111111111111111111111111111111111111111111111111111111111111111111111111111111111111111111111111111111111
11111111111111111111111111111111111111111111111111111111111111111111111111111111111111111111111111111111111111111111111111111111111111111111111111111111111111111111111111111111111111111111111111111111
11111111111111111111111111111111111111111111111111111111111111111111111111111111111111111111111111111111111111111111111111111111111111111111111111111111111111111111111111111111111111111111111111111111
11111111111111111111111111111111111111111111111111111111111111111111111111111111111111111111111111111111111111111111111111111111111111111111111111111111111111111111111111111111111111111111111111111111
11111111111111111111111111111111111111111111111111111111111111111111111111111111111111111111111111111111111111111111111111111111111111111111111111111111111111111111111111111111111111111111111111111111
11111111111111111111111111111111111111111111111111111111111111111111111111111111111111111111111111111111111111111111111111111111111111111111111111111111111111111111111111111111111111111111111111111111
11111111111111111111111111111111111111111111111111111111111111111111111111111111111111111111111111111111111111111111111111111111111111111111111111111111111111111111111111111111111111111111111111111111
11111111111111111111111111111111111111111111111111111111111111111111111111111111111111111111111111111111111111111111111111111111111111111111111111111111111111111111111111111111111111111111111111111111
11111111111111111111111111111111111111111111111111111111111111111111111111111111111111111111111111111111111111111111111111111111111111111111111111111111111111111111111111111111111111111111111111111111
11111111111111111111111111111111111111111111111111111111111111111111111111111111111111111111111111111111111111111111111111111111111111111111111111111111111111111111111111111111111111111111111111111111
11111111111111111111111111111111111111111111111111111111111111111111111111111111111111111111111111111111111111111111111111111111111111111111111111111111111111111111111111111111111111111111111111111111
11111111111111111111111111111111111111111111111111111111111111111111111111111111111111111111111111111111111111111111111111111111111111111111111111111111111111111111111111111111111111111111111111111111
11111111111111111111111111111111111111111111111111111111111111111111111111111111111111111111111111111111111111111111111111111111111111111111111111111111111111111111111111111111111111111111111111111111
11111111111111111111111111111111111111111111111111111111111111111111111111111111111111111111111111111111111111111111111111111111111111111111111111111111111111111111111111111111111111111111111111111111
11111111111111111111111111111111111111111111111111111111111111111111111111111111111111111111111111111111111111111111111111111111111111111111111111111111111111111111111111111111111111111111111111111111
11111111111111111111111111111111111111111111111111111111111111111111111111111111111111111111111111111111111111111111111111111111111111111111111111111111111111111111111111111111111111111111111111111111
11111111111111111111111111111111111111111111111111111111111111111111111111111111111111111111111111111111111111111111111111111111111111111111111111111111111111111111111111111111111111111111111111111111
11111111111111111111111111111111111111111111111111111111111111111111111111111111111111111111111111111111111111111111111111111111111111111111111111111111111111111111111111111111111111111111111111111111
11111111111111111111111111111111111111111111111111111111111111111111111111111111111111111111111111111111111111111111111111111111111111111111111111111111111111111111111111111111111111111111111111111111
11111111111111111111111111111111111111111111111111111111111111111111111111111111111111111111111111111111111111111111111111111111111111111111111111111111111111111111111111111111111111111111111111111111
11111111111111111111111111111111111111111111111111111111111111111111111111111111111111111111111111111111111111111111111111111111111111111111111111111111111111111111111111111111111111111111111111111111
11111111111111111111111111111111111111111111111111111111111111111111111111111111111111111111111111111111111111111111111111111111111111111111111111111111111111111111111111111111111111111111111111111111
11111111111111111111111111111111111111111111111111111111111111111111111111111111111111111111111111111111111111111111111111111111111111111111111111111111111111111111111111111111111111111111111111111111
11111111111111111111111111111111111111111111111111111111111111111111111111111111111111111111111111111111111111111111111111111111111111111111111111111111111111111111111111111111111111111111111111111111
11111111111111111111111111111111111111111111111111111111111111111111111111111111111111111111111111111111111111111111111111111111111111111111111111111111111111111111111111111111111111111111111111111111
11111111111111111111111111111111111111111111111111111111111111111111111111111111111111111111111111111111111111111111111111111111111111111111111111111111111111111111111111111111111111111111111111111111
11111111111111111111111111111111111111111111111111111111111111111111111111111111111111111111111111111111111111111111111111111111111111111111111111111111111111111111111111111111111111111111111111111111
11111111111111111111111111111111111111111111111111111111111111111111111111111111111111111111111111111111111111111111111111111111111111111111111111111111111111111111111111111111111111111111111111111111
11111111111111111111111111111111100011111111111111111111111111111100001100111111111110000011111111111111111111111111111111111111111111111111111111111111111111111111111111111111111111111111111111111111
11111111110000000000111101011000100011111111111111111111111111111100000000111111000000000011111111111111111111111111111111111111111111111111110000111111111111111111111111111111111111111111111111111111
11111111110011100000000000011100100011111111111111111111111111110000000000001111000000000011111111111111111111111111111111111111111111111111111000111111111111111111111111111111111111111111111111111111
11111111110011100000000000011101100011111111111111111111111111110000000000001111000000000011111111111111111111111111111111111111111111110111111000111111111111111111111111111111111111111111111111111111
11111111110000001000000100000000100011111111111111111111111111110000000001000000000000000011111111111111111111111111111111111111111111100000000000000011111111111111111111111111111111111111111111111111
11111111110010000000000000010000100011111111111111111111111111110000000000000000000000000011111111111111111111111111111111111111111111100000000000000011111111111111111111111111111111111111111111111111
11111111110000011100011100001000100011111111111111111111111111110000000011110000000000000011111111111111111111111111111111111111111111100000000000001111111111111111111111111111111111111111111111111111
11111111110000011100011101000000100011111111111111111111111111110000000011110000000000111111111111111111111111111111111111111111111111111111111100001111111111111111111111111111111111111111111111111111
11111111110000000000000000011100000011111111111111111111111111111100001011111111000000111111111111111111111111111111111111111111111111111110000000000000001111111111111111111111111111111111111111111111
11111111110000001000010000011100000011111111111111111111111111111100000011111111000000111111111111111111111111111111111111111111111111111110000000000000001111111111111111111111111111111111111111111111
11111111110000001000010000000000000011111111111111111111111111111111111111111100000000000111111111111111111111111111111111111111111111001100000000000000000011111111111111111111111111111111111111111111
11111111110000000000000000001000000011111111111111111111111111111111111111111100000000000111111111111111111111111111111111111111111110000000000000000000000011111111111111111111111111111111111111111111
11111111110010111000011101000010000011111111111111111111111111110000100000000000000000000111111111111111111111111111111111111111111110000000000000000000000000111111111111111111111111111111111111111111
11111111110000111000011100000000000011111111111111111111111111110000000000000000000000000111111111111111111111111111111111111111111110000000000000000000010000111111111111111111111111111111111111111111
11111111110000000000000000000010000111111111111111111111111111110000000000000000000000000111111111111111111111111111111111111111111100000000000000000000010000001111111111111111111111111111111111111111
11111111110000010000001000000010001111111111111111111111111111110000000000000000000000000111111111111111111111111111111111111111111100000000000000000000011000001111111111111111111111111111111111111111
11111111111100000000000101000010001111111111111111111111111111110000000000001111111100001111111111111111111111111111111111111111111111000000000000000000000000111111111111111111111111111111111111111111
11111111111100000000000000000011000111111111111111111111111111110000000000001111111100001111111111111111111111111111111111111111111111000000000000000000000000111111111111111111111111111111111111111111
11111111111111110000000111000011111111111111111111111111111111110000000000001111110000001111111111111111111111111111111111111111111100000000000000000000000000111111111111111111111111111111111111111111
11111111111111110000010111000011111111111111111111111111111111110000000000001111110000001111111111111111111111111111111111111111111100000000000000100000000000111111111111111111111111111111111111111111
11111111111111111100000000001111111111111111111111111111111111110000000001001111110100000011111111111111111111111111111111111111111111000000000000000000000011111111111111111111111111111111111111111111
11111111111111111100000000001111111111111111111111111111111111110000000000001111000000000011111111111111111111111111111111111111111111000000000000111000000011111111111111111111111111111111111111111111
11111111111111111100000000001111111111111111111111111111111111110000000001101100000000000011111111111111111111111111111111111111111111000000000000111001001111111111111111111111111111111111111111111111
11111111111111111100000000001111111111111111111111111111111111110000000011111111000000000011111111111111111111111111111111111111111111000000000010111000001111111111111111111111111111111111111111111111
11111111111111111111000000111111111111111111111111111111111111111100001011111111000000000011111111111111111111111111111111111111111111111100110000000000001111111111111111111111111111111111111111111111
11111111111111111111000000111111111111111111111111111111111111111100000001111111000000000011111111111111111111111111111111111111111111111100110000000000001111111111111111111111111111111111111111111111
11111111111111111111111111111111111111111111111111111111111111111111111111111111111111111111111111111111111111111111111111111111111111111111111111111111111111111111111111111111111111111111111111111111
11111111111111111111111111111111111111111111111111111111111111111111111111111111111111111111111111111111111111111111111111111111111111111111111111111111111111111111111111111111111111111111111111111111
11111111111111111111111111111111111111111111111111111111111111111111111111111111111111111111111111111111111111111111111111111111111111111111111111111111111111111111111111111111111111111111111111111111
11111111111111111111111111111111111111111111111111111111111111111111111111111111111111111111111111111111111111111111111111111111111111111111111111111111111111111111111111111111111111111111111111111111
11111111111111111111111111111111111111111111111111111111111111111111111111111111111111111111111111111111111111111111111111111111111111111111111111111111111111111111111111111111111111111111111111111111
11111111111111111111111111111111111111111111111111111111111111111111111111111111111111111111111111111111111111111111111111111111111111111111111111111111111111111111111111111111111111111111111111111111
11111111111111111111111111111111111111111111111111111111111111111111111111111111111111111111111111111111111111111111111111111111111111111111111111111111111111111111111111111111111111111111111111111111
11111111111111111111111111111111111111111111111111111111111111111111111111111111111111111111111111111111111111111111111111111111111111111111111111111111111111111111111111111111111111111111111111111111
11111111111111111111111111111111111111111111111111111111111111111111111111111111111111111111111111111111111111111111111111111111111111111111111111111111111111111111111111111111111111111111111111111111
11111111111111111111111111111111111111111111111111111111111111111111111111111111111111111111111111111111111111111111111111111111111111111111111111111111111111111111111111111111111111111111111111111111
