00000000000000000000000000000000000000000000000000000000000000000000000000000000000000000000000000000000000000000000000000000000000000000000000000000000000000000000000000000000000000000000000000000000
11111111111111111111111111111111111111111111111111111111111111111111111111111111111111111111111111111111111111111111111111111111111111111111111111111111111111111111111111111111111111111111111111111110
11111111111111111111111111111111111111111111111111111111111111111111111111111111111111111111111111111111111111111111111111111111111111111111111111111111111111111111111111111111111111111111111111111110
11111111111111111111111111111111111111111111111111111111111111111111111111111111111111111111111111111111111111111111111111111111111111111111111111111111111111111111111111111111111111111111111111111110
11111111111111111111111111111111111111111111111111111111111111111111111111111111111111111111111111111111111111111111111111111111111111111111111111111111111111111111111111111111111111111111111111111110
11111111111111111111111111111111111111111111111111111111111111111111111111111111111111111111111111111111111111111111111111111111111111111111111111111111111111111111111111111111111111111111111111111110
11111111111111111111111111111111111111111111111111111111111111111111111111111111111111111111111111111111111111111111111111111111111111111111111111111111111111111111111111111111111111111111111111111110
11111111111111111111111111111111111111111111111111111111111111111111111111111111111111111111111111111111111111111111111111111111111111111111111111111111111111111111111111111111111111111111111111111110
11111111111111111111111111111111111111111111111111111111111111111111111111111111111111111111111111111111111111111111111111111111111111111111111111111111111111111111111111111111111111111111111111111110
11111111111111111111111111111111111111111111111111111111111111111111111111111111111111111111111111111111111111111111111111111111111111111111111111111111111111111111111111111111111111111111111111111110
11111111111111111111111111111111111111111111111111111111111111111111111111111111111111111111111111111111111111111111111111111111111111111111111111111111111111111111111111111111111111111111111111111110
11111111111111111111111111111111111111111111111111111111111111111111111111111111111111111111111111111111111111111111111111111111111111111111111111111111111111111111111111111111111111111111111111111110
11111111111111111111111111111111111111111111111111111111111111111111111111111111111111111111111111111111111111111111111111111111111111111111111111111111111111111111111111111111111111111111111111111110
11111111111111111111111111111111111111111111111111111111111111111111111111111111111111111111111111111111111111111111111111111111111111111111111111111111111111111111111111111111111111111111111111111110
11111111111111111111111111111111111111111111111111111111111111111111111111111111111111111111111111111111111111111111111111111111111111111111111111111111111111111111111111111111111111111111111111111110
11111111111111111111111111111111111111111111111111111111111111111111111111111111111111111111111111111111111111111111111111111111111111111111111111111111111111111111111111111111111111111111111111111110
11111111111111111111111111111111111111111111111111111111111111111111111111111111111111111111111111111111111111111111111111111111111111111111111111111111111111111111111111111111111111111111111111111110
11111111111111111111111111111111111111111111111111111111111111111111111111111111111111111111111111111111111111111111111111111111111111111111111111111111111111111111111111111111111111111111111111111110
11111111111111111111111111111111111111111111111111111111111111111111111111111111111111111111111111111111111111111111111111111111111111111111111111111111111111111111111111111111111111111111111111111110
11111111111111111111111111111111111111111111111111111111111111111111111111111111111111111111111111111111111111111111111111111111111111111111111111111111111111111111111111111111111111111111111111111110
11111111111111111111111111111111111111111111111111111111111111111111111111111111111111111111111111111111111111111111111111111111111111111111111111111111111111111111111111111111111111111111111111111110
11111111111111111111111111111111111111111111111111111111111111111111111111111111111111111111111111111111111111111111111111111111111111111111111111111111111111111111111111111111111111111111111111111110
11111111111111111111111111111111111111111111111111111111111111111111111111111111111111111111111111111111111111111111111111111111111111111111111111111111111111111111111111111111111111111111111111111110
11111111111111111111111111111111111111111111111111111111111111111111111111111111111111111111111111111111111111111111111111111111111111111111111111111111111111111111111111111111111111111111111111111110
11111111111111111111111111111111111111111111111111111111111111111111111111111111111111111111111111111111111111111111111111111111111111111111111111111111111111111111111111111111111111111111111111111110
11111111111111111111111111111111111111111111111111111111111111111111111111111111111111111111111111111111111111111111111111111111111111111111111111111111111111111111111111111111111111111111111111111110
11111111111111111111111111111111111111111111111111111111111111111111111111111111111111111111111111111111111111111111111111111111111111111111111111111111111111111111111111111111111111111111111111111110
11111111111111111111111111111000000111111111111111111111111111111111111111111111111111000000000000100000000000000001111111111111111111111111111111111111111111111111111111111111111111111111111111111110
11111111111111111111111111100000000000111111111111111111111111111111111111111111111111000000000001110000000000000001111111111111111111111111111111111111111111111111111111111111111111111111111111111110
11111111111111111111111111100000000000111111111111111111111111111111111111111111111111000000000000110000000000000000001111111111111111111111111111111111111111111111111111111111111111111111111111111110
11111111111111111111111111100000000000111111111111111111111111111111111111111111111111111100000000000000000000000000001111111111111111111111111111111111111111111111111111111111111111111111111111111110
11111111111111111111111111100000000000111111111111111111111111111111111111111111111111111100000000000000000000000000001111111111111111111111111111111111111111111111111111111111111111111111111111111110
11111111111111111111111111100000000000011111111111111111111111111111111111111111111111111100000000000000000000000000001111111111111111111111111111111111111111111111111111111111111111111111111111111110
11111111111111111111111111100000000000001111111111111111111111111111111111111111111111111100000000000000000000000000001111111111111111111111111111111111111111111111111111111111111111111111111111111110
11111111111111111111111111110000000000110111111111111111111111111111111111111111111111111111000000000000001100000000001111111111111111111111111111111111111111111111111111111111111111111111111111111110
11111111111111111111111111110000000000110011111111111111111111111111111111111111111111111111000000000000111111000000001111111111111111111111111111111111111111111111111111111111111111111111111111111110
11111111111111111111111111100000000000000000111111111111111111111111111111111111111111111111110000000000111111000000001111111111111111111111111111111111111111111111111111111111111111111111111111111110
11111111111111111111111111100000000000000000011111111111111111111111111111111111111111111111111000000000111111000000001111111111111111111111111111111111111111111111111111111111111111111111111111111110
11111111111111111111111111100000000000000000011111111111111111111111111111111111111111111111111100000000111111000000001111111111111111111111111111111111111111111111111111111111111111111111111111111110
11111111111111111111111111100000000000000000001111111111111111111111111111111111111111111111111110000000011110000000001111111111111111111111111111111111111111111111111111111111111111111111111111111110
11111111111111111111111111100000000000000000000111111111111111111111111111111111111111111111111111000000000000000000001111111111111111111111111111111111111111111111111111111111111111111111111111111110
11111111111111111111111111110000000000000000000011111111111111111111111111111111111111111111111111100000000000000000001111111111111111111111111111111111111111111111111111111111111111111111111111111110
11111111111111111111111111110000000000000000000001111111111111111111111111111111111111111111111111100000000000000000001111111111111111111111111111111111111111111111111111111111111111111111111111111110
11111111111111111111111111110000000000000000000000000000000011111111111111111111111111111111111111110000000000000000001111111111111111111111111111111111111111111111111111111111111111111111111111111110
11111111111111111111111111111110000000000000000000000011000001111111111111111111111111111111111111111111000000000000001111111111111111111111111111110000000000111111111111111111111111111111111111111110
11111111111111111111111111111110000000000000000000000011000001111111111111111111111111111111111111111111100000000000001111111111111111111111111111110000000001111111111111111111111111111111111111111110
11111111111111111111111111111111000000000000000000000000000001111111111111111111111111111111111111111111110000000000001111111111111111111111111111110000000001100111111111111111111111111111111111111110
11111111111111111111111111111111100000000000000000000000000001111111111111111111111111111111111111111111111000000000001111111111111111111111111111110000000001001111111111111111111111111111111111111110
11111111111111111111111111111111110000000000000000000000000000011111111111111111111111111111111111111111111100000000001111111111111111111111111111100000000000011111111111111111111111111111111111111110
11111111111111111111111111111111110000000000000000000000000000011111111111111111111111111111111111111111111100000000000111111111111111111111111111000000000000111111111111111111111111111111111111111110
11111111111111111111111111111111111111000000000000000000000000000111111111111111111111111111111111111111111100000000000011111111111111111111111000000000000000111111111111111111111111111111111111111110
11111111111111111111111111111111111111000000000000000000000000000000001111111111111111111111111111111111111100000000000001111111111111111111110000000000000000111111111111111111111111111111111111111110
11111111111111111111111111111111111100000000000000000000000000000000001111111111111111111111111111111111111111000000000000111111111111111111100000000000000000111111111111111111111111111111111111111110
11111111111111111111111111111111111111111111111111111110000000000000001111111111111111111111111111111111111111000000000000110111111111111111100000000000000000111111111111111111111111111111111111111110
11111111111111111111111111111111111111111111111111111111000000000000001111111111111111111111111111111111111100000000000000000011111111111111001100000000000000111111111111111111111111111111111111111110
11111111111111111111111111111111111111111111111111111111100000000000001111111111111111111111111111111111111000000000000000000011111111111110001100000000000000011111111111111111111111111111111111111110
11111111111111111111111111111111111111111111111111111111110000000000001111111111111111111111111111111111110000000000000000000001111111111111000000000000000001001111111111111111111111111111111111111110
11111111111111111111111111111111111111111111111111111111110000000000001111111111111111111111111111111110000000000000000000000000111111111011000000000000000000100111111111111111111111111111111111111110
11111111111111111111111111111111111111111111111111111111110000000000001111111111111111111111111111111100000000000000000000000000001111111000000000000000000000011111111111111111111111111111111111111110
11111111111111111111111111111111111111111111111111111111110000000000001111111111111111111111111111111100000000000000000000000000000000000000000000000000000000001111111111111111111111111111111111111110
11111111111111111111111111111111111111111111111111111111110000000000001111111111111111111111111111110000000000000000000000000000000000000000000000000000000000000111111111111111111111111111111111111110
11111111111111111111111111111111111111111111111111111111110000000000001111111111111111111111111111110000000000000000000000000000000000000000000000000000001000000010000000001111111111111111111111111110
11111111111111111111111111111111111111111111111111111111110000000000111111111111111111111111111111100000000000000000000000000000000000000000000000000000001000000000000000001111111111111111111111111110
11111111111111111111111111111111111111111111111111111111110000000000111111111111111111111111111111000000000000011111111111000000000000000000000000000000001000000000000000001111111111111111111111111110
11111111111111111111111111111111111111111111111111111111110000000000001111111111111111111111111100000000000011111111111111110000000000000000000000000000000000000011000000001111111111111111111111111110
11111111111111111111111111111111111111111111111111111111110000000000001111111111111111111111111000000000001111111111111111111100000000000000000000000000000000000011000000001111111111111111111111111110
11111111111111111111111111111111111111111111111111111111110000000000001111111111111111111111100000000000011111111111111111111100000000000000000000000000000000000000000000001111111111111111111111111110
11111111111111111111111111111111111111111111111111111111110000000000001111111111111111111111000000000000011111111111111111111100000000000000000000000000000000000000000000001111111111111111111111111110
11111111111111111111111111111111111111111111111111111111110000000000001111111111111111111110000000000000011111111111111111111110000000000000000000000000000000000000000000001111111111111111111111111110
11111111111111111111111111111111111111111111111111111111110000000000001111111111111111111110000000000000111111111111111111111111000000000000000000000000000000000000000000001111111111111111111111111110
11111111111111111111111111111111111111111111111111111111110000000000001111111111111111111100000000000000111111111111111111111111111111100000000000000000000000000000000000001111111111111111111111111110
11111111111111111111111111111111111111111111111111111111110000000000001111111111111111111100000000000011111111111111111111111111111111111111100000000000000000001110000000001111111111111111111111111110
11111111111111111111111111111111111111111111111111111111100000000000000111111111111111111000000000001111111111111111111111111111111111111111110000000000000000001110000000001111111111111111111111111110
11111111111111111111111111111111111111111111111111111111100000000000000111111111111111110000000000011111111111111111111111111111111111111111110000000000000000001110000000001111111111111111111111111110
11111111111111111111111111111111111111111111111111111100110000000000001101111111111111000000000000111111111111111111111111111111111111111111111000000000000000000000000000111111111111111111111111111110
11111111111111111111111111111111111111111111111111110000110000000000001100000000000000000000000001111111111111111111111111111111111111111111111000000000000000000000000000111111111111111111111111111110
11111111111111111111111111111111111111111111111111100000000000000000000000000000000000000000000001111111111111111111111111111111111111111111111000000000000000000000000000001111111111111111111111111110
11111111111111111111111111111111111111111111111111100000000000000000000000000000000000000000000011111111111111111111111111111111111111111111111000000000000000000000000000001111111111111111111111111110
11111111111111111111111111111111111111111111111111000000000000000000000000000000000000000000001111111111111111111111111111111111111111111111111000000000000000000000000000001111111111111111111111111110
11111111111111111111111111111111111111111111111111000000000000000000000000000000000000000000011111111111111111111111111111111111111111111111111000000000000000000000000000001111111111111111111111111110
11111111111111111111111111111111111111111111111110000000000000000000000000000000000000000111111111111111111111111111111111111111111111111111111000000000000000000000000000001111111111111111111111111110
11111111111111111111111111111111111111111111111110000000000000000000000000000000000000001111111111111111111111111111111111111111111111111111111000000000000000000000000000001111111111111111111111111110
11111111111111111111111111111111111111111111111000000000000000000000000000000000000000001111111111111111111111111111111111111111111111111111111011000000000000000000000000111111111111111111111111111110
11111111111111111111111111111111111111111111100000000000000000000000000000000000000000001111111111111111111111111111111111111111111111111111111011000000000000000000000000111111111111111111111111111110
11111111111111111111111111111111111111111111000000000000000000000000000000000000000000111111111111111111111111111111111111111111111111111111111000000000000000000000000000001111111111111111111111111110
11111111111111111111111111111111111111111111000000000000000000000000000000000000000000111111111111111111111111111111111111111111111111111111111000000000000000000000000000001111111111111111111111111110
11111111111111111111111111111111111111111110000000000000000000000111111111111111111111111111111111111111111111111111111111111111111111111111111000000000000000000000000000001111111111111111111111111110
11111111111111111111111111111111111111111100000000000000000000011111111111111111111111111111111111111111111111111111111111111111111111111111111000000000000000000000000000001111111111111111111111111110
11111111111111111111111111111111111111111000000000000000000111111111111111111111111111111111111111111111111111111111111111111111111111111111111000000000000000000000000000001111111111111111111111111110
11111111111111111111111111111111111111110000000000000000001111111111111111111111111111111111111111111111111111111111111111111111111111111111111000000000000000000000000000001111111111111111111111111110
11111111111111111111111111111111111111000000000000000000001111111111111111111111111111111111111111111111111111111111111111111111111111111111111000000000011111000000000000001111111111111111111111111110
11111111111111111111111111111111111000000000000000000000011111111111111111111111111111111111111111111111111111111111111111111111111111111111111000000000011111000000000000001111111111111111111111111110
11111111111111111111111111111111111000000000000000000000011111111111111111111111111111111111111111111111111111111111111111111111111111111111111000000000001111000000000000001111111111111111111111111110
11111111111111111111111111111111111000000000000000000000011111111111111111111111111111111111111111111111111111111111111111111111111111111111110000000000111111111000000000001111111111111111111111111110
11111111111111111111111111111111111011000000000000000000011111111111111111111111111111111111111111111111111111111111111111111111111111111111110000000001111111111100000000001111111111111111111111111110
11111111111111111111111111111111111011000000000000000000011111111111111111111111111111111111111111111111111111111111111111111111111111111111110000000011111111111100000000001111111111111111111111111110
11111111111111111111111111111111111000000000000000000000011111111111111111111111111111111111111111111111111111111111111111111111111111111111110000000011111111111100000000001111111111111111111111111110
11111111111111111111111111111111111000000000000000000000001111111111111111111111111111111111111111111111111111111111111111111111111111111111110000000111111111111100000000001111111111111111111111111110
11111111111111111111111111111111111000001100000000001100000111111111111111111111111111111111111111111111111111111111111111111111111111111111100000001111111111111100000000001111111111111111111111111110
11111111111111111111111111111111111000001100000000001100000011111111111111111111111111111111111111111111111111111111111111111111111111111110000000000111111111111100000000001111111111111111111111111110
11111111111111111111111111111111111111111111000000111111111111111111111111111111111111111111111111111111111111111111111111111111111111111100000000000111111111111110000000001111111111111111111111111110
11111111111111111111111111111111111111111111000000111111111111111111111111111111111111111111111111111111111111111111111111111111111111111100000000000111111111111110000000001111111111111111111111111110
11111111111111111111111111111111111111111111000000111111111111000111111111111111111111111111111111111111111111111111111111111111111111110000000000000111111111111110000000001111111111111111111111111110
11111111111111111111111111111111111111111111000000111111111111000111111111111111111111111111111111111111111111111111111111111111111111100000000000000111111111111110000000001111111111111111111111111110
11111111111111111111111111111111100000000000000000000110011000000111111111111111111111111111111111111111111111111111111111111111111111000000000000000111111111111111000000001111111111111111111111111110
11111111111111111111111111111111000000000000000000000000000000000111111111111111111111111111111111111111111111111111111111111111111111000000000000000111111111111111000000001111111111111111111111111110
11111111111111111111111111100000001100000000000000000000000000110011111111111111111111111111111111111111111111111111111111111111111110000000000000000111111111111110000000001111111111111111111111111110
11111111111111111111111111100000001100000000000000000000000000110001111111111111111111111111111111111111111111111111111111111111111100000000000000000111111111111110000000001111111111111111111111111110
11111111111111111111111111100000000000000000000000000000000000000000011111111111111111111111111111111111111111111111111111111111110000000000000000000111111111111110000000001111111111111111111111111110
11111111111111111111111111100000000000000000000000000000000000000000001111111111111111111111111111111111111111111111111111111111100000000000000000000111111111111110000000001111111111111111111111111110
11111111111111111111111111100000000000000000000000000000000000000000001111111111111111111111111111111111111111111111111111111111100000000000000000000111111111111110000000001111111111111111111111111110
11111111111111111111111111100000000000000000000000000000000000000000000001111111111111111111111111111111111111111111111111111110000000000000000000000111111111111110000000001111111111111111111111111110
11111111111111111111111111100000000000001111111111111111000000000000000000111111111111111111111111111111111111111111111111111110000000000000000000000111111111111110000000001111111111111111111111111110
11111111111111111111111111100000000000001111111111111111000000000000000000011111111111111111111111111111111111111111111111111110000000000000000000000111111111111110000000001111111111111111111111111110
11111111111111111111111111100000000000001111111111111111000000000000000000001111111111111111111111111111111111111111111111111110000000000000000000000111111111111110000000001111111111111111111111111110
11111111111111111111111111100000000000001111111111111111000000000000000000000111111111111111111111111111111111111111111111111110000000000000000000000111111111111110000000001111111111111111111111111110
11111111111111111111111111100000000000000000000000000000000000000000000000000111111111111111111111111111111111111111111111111110000000000000000000110111111111111110000000001111111111111111111111111110
11111111111111111111111111100000000000000000000000000000000000000000000000000001111111111111111111111111111111111111111111111110000000000000000000111111111111111110000000001111111111111111111111111110
11111111111111111111111111101100000000000000000000000000000000000000000000000000011111111111111111111111111111111111111111111110000000000000001111111111111111111110000000001111111111111111111111111110
11111111111111111111111111101100000000000000000000000000000000000000000000000001111111111111111111111111111111111111111111111110000000000000111111111111111111111110000000001111111111111111111111111110
11111111111111111111111111100000000000000000000000000000000000000000000000000011111111111111111111111111111111111111111111111110000000000000111111111111111111111110000000001111111111111111111111111110
11111111111111111111111111100000000000000000000000000000000000000000000000000000011111111111111111111111111111111111111111111110000000000000111111111111111111111110000000001111111111111111111111111110
11111111111111111111111111100000000000000000000000000000000000000000000000000000011111111111111111111111111111111111111111111000000000000000111111111111111111111110000000001111111111111111111111111110
11111111111111111111111111100000000000000000000000000000000000000000000000000000011111111111111111111111111111111111111111110000000000000000111111111111111111111110000000001111111111111111111111111110
11111111111111111111111111100000000000000000000000000000000000000000000000000000011111111111111111111111111111111111111111100000000000000001111111111111111111111110000000001111111111111111111111111110
11111111111111111111111111100000000000000000000000000000000000000000000000000000011111111111111111111111111111111111111110000000000000000011111111111111111111111110000000001111111111111111111111111110
11111111111111111111111111100000000000000000000000000000000000000000000000000000011111111111111111111111111111111111111100000000000000000111111111111111111111111110000000001111111111111111111111111110
11111111111111111111111111100000000000000000000000000000000000000000000000000000011111111111111111111111111111111111111100000000000000011111111111111111111111111110000000001111111111111111111111111110
11111111111111111111111111100000110000000000000000000001111100000000000000000000011111111111111111111111111111111111111100000000000000011111111111111111111111111110000000111111111111111111111111111110
11111111111111111111111111100000110000000000000000000000111100000000000000000000011111111111111111111111111111111111110000000000000001111111111111111111111111111110000000111111111111111111111111111110
11111111111111111111111111100000000000000000000000000000111100000000000000000000110111111111111111111111111111111111100000000000001101111111111111111111111111111110000000001111111111111111111111111110
11111111111111111111111111100000000000000000000000000000011100000000000000000000110011111111111111111111111111111111000000000000001101111111111111111111111111111110000000001111111111111111111111111110
11111111111111111111111111111100000000000000000000000000000000000000000000000000000001111111111111111111111111111100000000000000001111111111111111111111111111111110000000001111111111111111111111111110
11111111111111111111111111111110000000000000000000000000000000000000000000000000000000111111111111111111111111111100000000000000001111111111111111111111111111111110000000001111111111111111111111111110
11111111111111111111111111111111000000000000000000000000000000000000000000000000000000001111111111111111111111110000000000000000111111111111111111111111111111111110000000001111111111111111111111111110
11111111111111111111111111111111100000000000000000000000000000000000000000000000000000000111111111111111111111110000000000000001111111111111111111111111111111111110000000001111111111111111111111111110
11111111111111111111111111111111110000000000000000000000000000000000000000000000000000000011111111111111111111100000000000000011111111111111111111111111111111111110000000001111111111111111111111111110
11111111111111111111111111111111111000000000000000000000000000000000000000000000000000000011111111111111111111000000000000001111111111111111111111111111111111101100000000001111111111111111111111111110
11111111111111111111111111111111111100000000000000000000000000000000000000000000000000000001111111111111111111000000000000001111111111111111111111111111111111000000000000001111111111111111111111111110
11111111111111111111111111111111111100000000000000000000000000000000000000000000000000000000111111111111111100000000000000001111111111111111111111111111111110000000000000001111111111111111111111111110
11111111111111111111111111111111111111000000000000000000000000000000000000000000000000000000011111111111110000000000000000111111111111111111111111111111111100000000000000001111111111111111111111111110
11111111111111111111111111111111111111100000000000000000000000000000000000000000000000000000000000000000000000000000000011111111111111111111111111111111111100000000000000001111111111111111111111111110
11111111111111111111111111111111111111111000000000000000000000000000000000000000000000000000000000000000000000000000001111111111111111111111111111111111111100000000000000001111111111111111111111111110
11111111111111111111111111111111111111111000000000000000000000000000000110000000000000000000000000000000000000000000011111111111111111111111111111111111111000000000000000001111111111111111111111111110
11111111111111111111111111111111111111111100000000000000000000000000000110000000000000000000000000000000000000000000011111111111111111111111111111111111100000000000000000001111111111111111111111111110
11111111111111111111111111111111111111111100000000000000000000000000000010000000000000000000000000000000000000000000011111111111111111111111111111111111000000000000000000001111111111111111111111111110
11111111111111111111111111111111111111111100000000000000000000000000000000100000000000000000000000000000000000000000011111111111111111111111111111111100000000000000000000001111111111111111111111111110
11111111111111111111111111111111111111111110000000000000000000000000000111110000000000000000000000000000000000000001111111111111111111111111111111111100000000000000000000001111111111111111111111111110
11111111111111111111111111111111111111111111111000000000000000000000000111111111000011000000000000000000000000000001111111111111111111111111111111111100000000000000000000001111111111111111111111111110
11111111111111111111111111111111111111111111111100000000000000000000001111111111100011001111111111111111111111111111111111111111111111111111111111111100000000000000000000001111111111111111111111111110
11111111111111111111111111111111111111111111111111000000000000000000001111111111110000011111111111111111111111111111111111111111111111111111111111110000000000000000000000001111111111111111111111111110
11111111111111111111111111111111111111111111111111000000000000000000011111111111100000011111111111111111111111111111111111111111111111111111111111100000000000000000000000001111111111111111111111111110
11111111111111111111111111111111111111111111111111000000000000000000111111111111100001111111111111111111111111111111111111111111111111111111111111000000000000000000000000001111111111111111111111111110
11111111111111111111111111111111111111111111111111100000000000000001111111111111100001111111111111111111111111111111111111111111111111111111111110000000000000000000000000000111111111111111111111111110
11111111111111111111111111111111111111111111111111100000000000000001111111111111100001111111111111111111111111111111111111111111111111111111111000000000000000000000000000000001111111111111111111111110
11111111111111111111111111111111111111111111111111100000000000000001111111111111100011111111111111111111111111111111111111111111111111111111100000000000000010000000000000000000111111111111111111111110
11111111111111111111111111111111111111111111111111100000000000000000111111111111111111111111111111111111111111111111111111111111111111111111000000000000000011000000000000000000001111111111111111111110
11111111111111111111111111111111111111111111111111100000000000000000111111111111111111111111111111111111111111111111111111111111111111111110000000000000000011000000000000000000000111111111111111111110
11111111111111111111111111111111111111111111111111100000000000000000001111111111111111111111111111111111111111111111111111111111111111111110000000000000000000000000000000000000000011111111111111111110
11111111111111111111111111111111111111111111111111100000000000000000001111111111111111111111111111111111111111111111111111111111111111111110000000000000000000000000000000000000000011111111111111111110
11111111111111111111111111111111111111111111111111100000000000000000001111111111111111111111111111111111111111111111111111111111111111111110000000000000000000000000000000010000000001111111111111111110
11111111111111111111111111111111111111111111111111100000000000000111000000111111111111111111111111111111111111111111111111111111111111111110000000000000000000000000000000011000000000111111111111111110
11111111111111111111111111111111111111111111111111100000000000000110000000000111111111111111111111111111111111111111111111111111111111111111110000000000000000000000000000000000000000011111111111111110
11111111111111111111111111111111111111111111111111100000000000000000000000000111111111111111111111111111111111111111111111111111111111111111110000000000000000000000000000000000000000011111111111111110
11111111111111111111111111111111111111111111111111100000000000000000000000011111111111111111111111111111111111111111111111111111111111111111110000000000000000000000000000000000000000000000111111111110
11111111111111111111111111111111111111111111111111100000000000000000000000011111111111111111111111111111111111111111111111111111111111111111111100000000000000000000000000000000000000000000111111111110
11111111111111111111111111111111111111111111111111100000000000000000000000000111111111111111111111111111111111111111111111111111111111111111111110000000000000000000000000000000000000000000111111111110
11111111111111111111111111111111111111111111111111000000000000000000000000000111111111111111111111111111111111111111111111111111111111111111111111000000000000000000000000000000000000000000111111111110
11111111111111111111111111111111111111111111111110000011110000000000001100000111111111111111111111111111111111111111111111111111111111111111111111100000000000000000000000000000011100000000111111111110
11111111111111111111111111111111111111111111111000000011110000000000001100000111111111111111111111111111111111111111111111111111111111111111111111100000000000000000000000000000111110000000111111111110
11111111111111111111111111111111111111111111110000000011110000011110000000000111111111111111111111111111111111111111111111111111111111111111111111110000000000000000000000000000111110000000111111111110
11111111111111111111111111111111111111111111110000011011110000011111000000000111111111111111111111111111111111111111111111111111111111111111111111111000000000000000000000000000011100000000111111111110
11111111111111111111111111111111111111111111110000011000000000011111000000000111111111111111111111111111111111111111111111111111111111111111111111111110000100000000000000000000000000000000111111111110
11111111111111111111111111111111111111111111111111111111111111111111111111111111111111111111111111111111111111111111111111111111111111111111111111111111100000000000000000000000000000000000111111111110
11111111111111111111111111111111111111111111111111111111111111111111111111111111111111111111111111111111111111111111111111111111111111111111111111111111100000000000000000000000000000000000111111111110
11111111111111111111111111111111111111111111111111111111111111111111111111111111111111111111111111111111111111111111111111111111111111111111111111111111100000000000000000000000000000000000111111111110
11111111111111111111111111111111111111111111111111111111111111111111111111111111111111111111111111111111111111111111111111111111111111111111111111111111110000000000000000000000000000000000111111111110
11111111111111111111111111111111111111111111111111111111111111111111111111111111111111111111111111111111111111111111111111111111111111111111111111111111110000000000000000000000000000000000111111111110
11111111111111111111111111111111111111111111111111111111111111111111111111111111111111111111111111111111111111111111111111111111111111111111111111111111111000110000000000000000000000000011111111111110
11111111111111111111111111111111111111111111111111111111111111111111111111111111111111111111111111111111111111111111111111111111111111111111111111111111111100110000000000000000000000000011111111111110
11111111111111111111111111111111111111111111111111111111111111111111111111111111111111111111111111111111111111111111111111111111111111111111111111111111111111000000000000000000000000000000111111111110
11111111111111111111111111111111111111111111111111111111111111111111111111111111111111111111111111111111111111111111111111111111111111111111111111111111111111110000000000000000000000000000111111111110
11111111111111111111111111111111111111111111111111111111111111111111111111111111111111111111111111111111111111111111111111111111111111111111111111111111111111111111000000000000000000000000111111111110
11111111111111111111111111111111111111111111111111111111111111111111111111111111111111111111111111111111111111111111111111111111111111111111111111111111111111111111000000000000000000000000111111111110
11111111111111111111111111111111111111111111111111111111111111111111111111111111111111111111111111111111111111111111111111111111111111111111111111111111111111111100000000000000000000000000111111111110
11111111111111111111111111111111111111111111111111111111111111111111111111111111111111111111111111111111111111111111111111111111111111111111111111111111111111111110000000000000000000000000111111111110
11111111111111111111111111111111111111111111111111111111111111111111111111111111111111111111111111111111111111111111111111111111111111111111111111111111111111111110000000000000000000000000111111111110
11111111111111111111111111111111111111111111111111111111111111111111111111111111111111111111111111111111111111111111111111111111111111111111111111111111111111111111000000000000000000000000111111111110
11111111111111111111111111111111111111111111111111111111111111111111111111111111111111111111111111111111111111111111111111111111111111111111111111111111111111111111111111111111110000000000111111111110
11111111111111111111111111111111111111111111111111111111111111111111111111111111111111111111111111111111111111111111111111111111111111111111111111111111111111111111111111111111111100000000111111111110
11111111111111111111111111111111111111111111111111111111111111111111111111111111111111111111111111111111111111111111111111111111111111111111111111111111111111111111111111111111111100000000111111111110
11111111111111111111111111111111111111111111111111111111111111111111111111111111111111111111111111111111111111111111111111111111111111111111111111111111111111111111111111111111111100000000111111111110
11111111111111111111111111111111111111111111111111111111111111111111111111111111111111111111111111111111111111111111111111111111111111111111111111111111111111111111111111111111111100000000111111111110
11111111111111111111111111111111111111111111111111111111111111111111111111111111111111111111111111111111111111111111111111111111111111111111111111111111111111111111111111111111111111111111111111111110
11111111111111111111111111111111111111111111111111111111111111111111111111111111111111111111111111111111111111111111111111111111111111111111111111111111111111111111111111111111111111111111111111111110
11111111111111111111111111111111111111111111111111111111111111111111111111111111111111111111111111111111111111111111111111111111111111111111111111111111111111111111111111111111111111111111111111111110
11111111111111111111111111111111111111111111111111111111111111111111111111111111111111111111111111111111111111111111111111111111111111111111111111111111111111111111111111111111111111111111111111111110
11111111111111111111111111111111111111111111111111111111111111111111111111111111111111111111111111111111111111111111111111111111111111111111111111111111111111111111111111111111111111111111111111111110
11111111111111111111111111111111111111111111111111111111111111111111111111111111111111111111111111111111111111111111111111111111111111111111111111111111111111111111111111111111111111111111111111111110
11111111111111111111111111111111111111111111111111111111111111111111111111111111111111111111111111111111111111111111111111111111111111111111111111111111111111111111111111111111111111111111111111111110
