000000000000000000000000000000000000000000000000000000000000000000000000000000000000000000000000000000000000000000000000000000000000000000000000000000000000000000000000000000000000000000000000000000000000000000000000000000000000000000000000000000000000000000000000000000000000000000000000000000000000
111111111111111111111111111111111111111111111111111111111111111111111111111111111111111111111111111111111111111111111111111111111111111111111111111111111111111111111111111111111111111111111111111111111111111111111111111111111111111111111111111111111111111111111111111111111111111111111111111111111110
111111111111111111111111111111111111111111111111111111111111111111111111111111111111111111111111111111111111111111111111111111111111111111111111111111111111111111111111111111111111111111111111111111111111111111111111111111111111111111111111111111111111111111111111111111111111111111111111111111111110
111111111111111111111111111111111111111111111111111111111111111111111111111111111111111111111111111111111111111111111111111111111111111111111111111111111111111111111111111111111111111111111111111111111111111111111111111111111111111111111111111111111111111111111111111111111111111111111111111111111110
111111111111111111111111111111111111111111111111111111111111111111111111111111111111111111111111111111111111111111111111111111111111111111111111111111111111111111111111111111111111111111111111111111111111111111111111111111111111111111111111111111111111111111111111111111111111111111111111111111111110
111111111111111111111111111111111111111111111111111111111111111111111111111111111111111111111111111111111111111111111111111111111111111111111111111111111111111111111111111111111111111111111111111111111111111111111111111111111111111111111111111111111111111111111111111111111111111111111111111111111110
111111111111111111111111111111111111111111111111111111111111111111111111111111111111111111111111111111111111111111111111111111111111111111111111111111111111111111111111111111111111111111111111111111111111111111111111111111111111111111111111111111111111111111111111111111111111111111111111111111111110
111111111111111111111111111111111111111111111111111111111111111111111111111111111111111111111111111111111111111111111111111111111111111111111111111111111111111111111111111111111111111111111111111111111111111111111111111111111111111111111111111111111111111111111111111111111111111111111111111111111110
111111111111111111111111111111111111111111111111111111111111111111111111111111111111111111111111111111111111111111111111111111111111111111111111111111111111111111111111111111111111111111111111111111111111111111111111111111111111111111111111111111111111111111111111111111111111111111111111111111111110
111111111111111111111111111111111111111111111111111111111111111111111111111111111111111111111111111111111111111111111111111111111111111111111111111111111111111111111111111111111111111111111111111111111111111111111111111111111111111111111111111111111111111111111111111111111111111111111111111111111110
111111111111111111111111111111111111111111111111111111111111111111111111111111111111111111111111111111111111111111111111111111111111111111111111111111111111111111111111111111111111111111111111111111111111111111111111111111111111111111111111111111111111111111111111111111111111111111111111111111111110
111111111111111111111111111111111111111111111111111111111111111111111111111111111111111111111111111111111111111111111111111111111111111111111111111111111111111111111111111111111111111111111111111111111111111111111111111111111111111111111111111111111111111111111111111111111111111111111111111111111110
111111111111111111111111111111111111111111111111111111111111111111111111111111111111111111111111111111111111111111111111111111111111111111111111111111111111111111111111111111111111111111111111111111111111111111111111111111111111111111111111111111111111111111111111111111111111111111111111111111111110
111111111111111111111111111111111111111111111111111111111111111111111111111111111111111111111111111111111111111111111111111111111111111111111111111111111111111111111111111111111111111111111111111111111111111111111111111111111111111111111111111111111111111111111111111111111111111111111111111111111110
111111111111111111111111111111111111111111111111111111111111111111111111111111111111111111111111111111111111111111111111111111111111111111111111111111111111111111111111111111111111111111111111111111111111111111111111111111111111111111111111111111111111111111111111111111111111111111111111111111111110
111111111111111111111111111111111111111111111111111111111111111111111111111111111111111111111111111111111111111111111111111111111111111111111111111111111111111111111111111111111111111111111111111111111111111111111111111111111111111111111111111111111111111111111111111111111111111111111111111111111110
111111111111111111111111111111111111111111111111111111111111111111111111111111111111111111111111111111111111111111111111111111111111111111111111111111111111111111111111111111111111111111111111111111111111111111111111111111111111111111111111111111111111111111111111111111111111111111111111111111111110
111111111111111111111111111111111111111111111111111111111111111111111111111111111111111111111111111111111111111111111111111111111111111111111111111111111111111111111111111111111111111111111111111111111111111111111111111111111111111111111111111111111111111111111111111111111111111111111111111111111110
111111111111111111111111111111111111111111111111111111111111111111111111111111111111111111111111111111111111111111111111111111111111111111111111111111111111111111111111111111111111111111111111111111111111111111111111111111111111111111111111111111111111111111111111111111111111111111111111111111111110
111111111111111111111111111111111111111111111111111111111111111111111111111111111111111111111111111111111111111111111111111111111111111111111111111111111111111111111111111111111111111111111111111111111111111111111111111111111111111111111111111111111111111111111111111111111111111111111111111111111110
111111111111111111111111111111111111111111111111111111111111111111111111111111111111111111111111111111111111111111111111111111111111111111111111111111111111111111111111111111111111111111111111111111111111111111111111111111111111111111111111111111111111111111111111111111111111111111111111111111111110
111111111111111111111111111111111111111111111111111111111111111111111111111111111111111111111111111111111111111111111111111111111111111111111111111111111111111111111111111111111111111111111111111111111111111111111111111111111111111111111111111111111111111111111111111111111111111111111111111111111110
111111111111111111111111111111111111111111111111111111111111111111111111111111111111111111111111111111111111111111111111111111111111111111111111111111111111111111111111111111111111111111111111111111111111111111111111111111111111111111111111111111111111111111111111111111111111111111111111111111111110
111111111111111111111111111111111111111111111111111111111111111111111111111111111111111111111111111111111111111111111111111111111111111111111111111111111111111111111111111111111111111111111111111111111111111111111111111111111111111111111111111111111111111111111111111111111111111111111111111111111110
111111111111111111111111111111111111111111111111111111111111111111111111111111111111111111111111111111111111111111111111111111111111111111111111111111111111111111111111111111111111111111111111111111111111111111111111111111111111111111111111111111111111111111111111111111111111111111111111111111111110
111111111111111111111111111111111111111111111111111111111111111111111111111111111111111111111111111111111111111111111111111111111111111111111111111111111111111111111111111111111111111111111111111111111111111111111111111111111111111111111111111111111111111111111111111111111111111111111111111111111110
111111111111111111111111111111111111111111111111111111111111111111111111111111111111111111111111111111111111111111111111111111111111111111111111111111111111111111111111111111111111111111111111111111111111111111111111111111111111111111111111111111111111111111111111111111111111111111111111111111111110
111111111111111111111111111111111111111111111111111111111111111111111111111111111111111111111111111111111111111111111111111111111111111111111111111111111111111111111111111111111111111111111111111111111111111111111111111111111111111111111111111111111111111111111111111111111111111111111111111111111110
111111111111111111111111111111111111111111111111111111111111111111111111111111111111111111111111111111111111111111111111111111111111111111111111111111111111111111111111111111111111111111111111111111111111111111111111111111111111111111111111111111111111111111111111111111111111111111111111111111111110
111111111111111111111111111111111111111111111111111111111111111111111111111111111111111111111111111111111111111111111111111111111111111111111111111111111111111111111111111111111111111111111111111111111111111111111111111111111111111111111111111111111111111111111111111111111111111111111111111111111110
111111111111111111111111111111111111111111111111111111111111111111111111111111111111111111111111111111111111111111111111111111111111111111111111111111111111111111111111111111111111111111111111111111111111111111111111111111111111111111111111111111111111111111111111111111111111111111111111111111111110
111111111111111111111111111111111111111111111111111111111111111111111111111111111111111111111111111111111111111111111111111111111111111111111111111111111111111111111111111111111111111111111111111111111111111111111111111111111111111111111111111111111111111111111111111111111111111111111111111111111110
111111111111111111111111111111111111111111111111111111111111111111111111111111111111111111111111111111111111111111111111111111111111111111111111111111111111111111111111111111111111111111111111111111111111111111111111111111111111111111111111111111111111111111111111111111111111111111111111111111111110
111111111111111111111111111111111111111111111111111110000000000111111111111111111111111111111110000000000000001111111111111111111111111111111111111111111111100000000000000000011111111111111111111111111111111111111100000000000055000000000000000000011111111111111111111111111111111111111111111111111110
111111111111111111111111111111111111111111111111111110000000000111111111111111111111111111111100000000000000000111111111111111111111111111111111111111111111100000000000000000011111111111111111111111111111111111111000000000000000000000000000000000011111111111111111111111111111111111111111111111111110
111111111111111111111111111111111111111111111111111110000000000111111111111111111111111111111000000000000000000111111111111111111111111111111111111111111111100000000000000000011111111111111111111111111111111111110000000000000000000000000000000000011111111111111111111111111111111111111111111111111110
111111111111111111111111111111111111111111111111111110000000000011111111111111111111111111111000000000000000000111111111111111111111111111111111111111111111100000000000000000011111111111111111111111111111111111110000000000000000000000000000000000001111111111111111111111111111111111111111111111111110
111111111111111111111111111111111111111111111111111100000000000011111111111111111111111111111000000000000000000011111111111111111111111111111111111111111111000000000000000000001111111111111111111111111111111111110000000000000000000000000000000000001111111111111111111111111111111111111111111111111110
111111111111111111111111111111111111111111111111111000000000000001111111111111111111111111110000000000110000000001111111111111111111111111111111111111111110000000000000000000000111111111111111111111111111111111100000000000000000000000000000000000000111111111111111111111111111111111111111111111111110
111111111111111111111111111111111111111111111111110000000000000000111111111111111111111111100000000000110000000000111111111111111111111111111111111111111000000000000000000000000011111111111111111111111111111111000000000000000000000000000000000000000011111111111111111111111111111111111111111111111110
111111111111111111111111111111111111111111111111000000000000000000000000000000000000000000000000000000000000000000011111111111111111111111111111111111110000000000000000000000000000111111111111111111111111111110000000000000000000000005000000000000000000111111111111111111111111111111111111111111111110
111111111111111111111111111111111111111111111110000000000000000000000000000000000000000000000000000000000000000000000011111111111111111111111100000000000000000000000000000000000000000111111111111111111111110000000000000000000000000005555500000000000000011111111111111111111111111111111111111111111110
111111111111111111111111111111111111111111111100000000000000000000000000000000000000000000000000000000000000000000000001111111111111111111111100000000000000000000000000000000000000000011111111111111111111100000000000000000000000000055555500000000000000001111111111111111111111111111111111111111111110
111111111111111111111111111111111111111111111100000000000001111100000000000111111111111111111111000000000000000000000001111111111111111111111100000000000000000000011111111111111000000011111111111111111111100000011111111111111111111111111111100000000000001111111111111111111111111111111111111111111110
111111111111111111111111111111111111111111111000000000000111111111000000001111111111111111111111110000000000001100000000111111111111111111111100000000000000000000111111111111111100000011111111111111111111000000111111111111111111111111111111111000000000000111111111111111111111111111111111111111111110
111111111111111111111111111111111111111111111000000000000111111111100000011111111111111111111111111000000000001100000000111111111111111111111000000000000000000001111111111111111110000001111111111111111111000001111111111111111111111111111111111100000000000011111111111111111111111111111111111111111110
111111111111111111111111111111111111111111110000000000001111111111110000111111111111111111111111111100000000000000000000011111111111111111100000000000000000000011111111111111111111000001111111111111111110000011111111111111111111111111111111111100000000000001111111111111111111111111111111111111111110
111111111111111111111111111111111111111111110000000000001111111111111000111111111111111111111111111100000000000000000000001111111111111111100000000000000000000111111111111111111111100000111111111111111100000011111111111111111111111111111111111110000000000001111111111111111111111111111111111111111110
111111111111111111111111111111111111111111000000000000011111111111111000111111111111111111111111111110000000000000000000000011111111111110000000000000000000000111111111111111111111100000011111111111111000000111111111111111111111111111111111111111000000000000001111111111111111111111111111111111111110
111111111111111111111111111111111111100000000000000000011111111111111000111111111111111111111111111111000000000000000000000000000000000000000000000000000000000111111111111111111111100000000000000000000000000111111111111111111111111111111111111111000000000000000001111111111111111111111111111111111110
111111111111111111111111111111111111100000000000000000011111111111111000111111111111111111111111111111100000000000000000000000000000000000000000000000000000000111111111111111111111110000000000000000000000111111111111111111111111111111111111111111100000000000000001111111111111111111111111111111111110
111111111111111111111111111111111111100000000000000000111111111111111111111111111111111111111111111111111111111110000000000000000000000000011111111111111111111111111111111111111111111100000000000000000001111111111111111111111111111111111111111111111000000000000001111111111111111111111111111111111110
111111111111111111111111111111111111150000000000001111111111111111111111111111111111111111111111111111111111111111000000000000000000000000111111111111111111111111111111111111111111111111000000000000000011111111111111111111111111111111111111111111111100000000000001111111111111111111111111111111111110
111111111111111111111111111111111111150000000000011111111111111111111111111111111111111111111111111111111111111111100000000000000000000011111111111111111111111111111111111111111111111111110000000000000111111111111111111111111111111111111111111111111110000000000001111111111111111111111111111111111110
111111111111111111111111111111111111100000000000111111111111111111111111111111111111111111111111111111111111111111110000000000000000000011111111111111111111111111111111111111111111111111110000000000001111111111111111111111111111111111111111111111111111000000000001111111111111111111111111111111111110
111111111111111111111111111111111111100000000001111111111111111111111111111111111111111111111111111111111111111111111000000000000000000111111111111111111111111111111111111111111111111111111000000000001111111111111111111111111111111111111111111111111111000000000001111111111111111111111111111111111110
111111111111111111111111111111111111100555000001111111111111111111111111111111111111111111111111111111111111111111111000000000000000000111111111111111111111111111111111111111111111111111111100000000011111111111111111111111111111111111111111111111111111100000000001111111111111111111111111111111111110
111111111111111111111111111111111111115555000001111111111111111111111111111111111111111111111111111111111111111111111000000000000000000111111111111111111111111111111111111111111111111111111100000000011111111111111111111111111111111111111111111111111111100000000001111111111111111111111111111111111110
111111111111111111111111111111111111111500000001111111111111111111111111111111111111111111111111111111111111111111111100000000000000000111111111111111111111111111111111111111111111111111111110000000011111111111111111111111111111111111111111111111111111100000000001111111111111111111111111111111111110
111111111111111111111111111111111111111110000001111111111111111111111111111111111111111111111111111111111111111111111111111111111111111111111111111111111111111111111111111111111111111111111111111111111111111111111111111111111111111111111111111111111111100000001111111111111111111111111111111111111110
111111111111111111111111111111111111111111000001111111111111111111111111111111111111111111111111111111111111111111111111111111111111111111111111111111111111111111111111111111111111111111111111111111111111111111111111111111111111111111111111111111111111100000111111111111111111111111111111111111111110
111111111111111111111111111111111111111111100000111111111111111111111111111111111111111111111111111111111111111111111111111111111111111111111111111111111111111111111111111111111111111111111111111111111111111111111111111111111111111111111111111111111111000001111111111111111111111111111111111111111110
111111111111111111111111111111111111111111110000111111111111111111111111111111111111111111111111111111111111111111111111111111111111111111111111111111111111111111111111111111111111111111111111111111111111111111111111111111111111111111111111111111111110000011111111111111111111111111111111111111111110
111111111111111111111111111111111111111111110000001111111111111111111111111111111111111111111111111111111111111111111111111111111111111111111111111111111111111111111111111111111111111111111111111111111111111111111111111111111111111111111111111111111100000111111111111111111111111111111111111111111110
111111111111111111111111111111111111111111111000000111111111111111111111111111111111111111111111111111111111111111111111111111111111111111111111111111111111111111111111111111111111111111111111111111111111111111111111111111111111111111111111111111111000000111111111111111111111111111111111111111111110
111111111111111111111111111111111111111111111000000000111111111111111111111111111111111111111111111111111111111111111111111111111111111111111111111111111111111111111111111111111111111111111111111111111111111111111111111111111111111111111111111110000000000111111111111111111111111111111111111111111110
111111111111111111111111111111111111111111111100000000011111111111111111111111111111111111111111111111111111111111111111111111111111111111111111111111111111111111111111111111111111111111111111111111111111111111111111111111111111111111111111111110000000000111111111111111111111111111111111111111111110
111111111111111111111111111111111111111111111111100000011111111111111111111111111111111111111111111111111111111111111111111111111111111111111111111111111111111111111111111111111111111111111111111111111111111111111111111111111111111111111111111110000001111111111111111111111111111111111111111111111110
111111111111111111111111111111111111111111111111110000011111111111111111111111111111111111111111111111111111111111111111111111111111111111111111111111111111111111111111111111111111111111111111111111111111111111111111111111111111111111111111111100000011111111111111111111111111111111111111111111111110
111111111111111111111111111111111111111111111111111000001111111111111111111111111111111111111111111111111111111111111111111111111111111111111111111111111111111111111111111111111111111111111111111111111111111111111111111111111111111111111111111100000111111111111111111111111111111111111111111111111110
111111111111111111111111111111111111111111111111111100000111111111111111111111111111111111111111111111111111111111111111111111111111111111111111111111111111111111111111111111111111111111111111111111111111111111111111111111111111111111111111111000001111111111111111111111111111111111111111111111111110
111111111111111111111111111111111111111111111111111100000011111111111111111111111111111111111111111111111111111111111111111111111111111111111111111111111111111111111111111111111111111111111111111111111111111111111111111111111111111111111111110000001111111111111111111111111111111111111111111111111110
111111111111111111111111111111111111111111111111111110000000111111111111111111111111111111111111111111111111111111111111111111111111111111111111111111111111111111111111111111111111111111111111111111111111111111111111111111111111111111111111100000011111111111111111111111111111111111111111111111111110
111111111111111111111111111111111111111111111111111110000000000111111111111111111111111111111111111111111111100111111111111111111111111111111000000000000000000000000000000000011111111111111000000000011111111111111000000000000000000000000000000000011111111111111111111111111111111111111111111111111110
111111111111111111111111111111111111111111111111111111100000000111111111111111111111111111111111111111111111100111111111111111111111111111111000000000000000000000000000000000011111111111110000000000011111111111111000000000000000000000000000000000011111111111111111111111111111111111111111111111111110
111111111111111111111111111111111111111111111111111111110000000111111111111111111111111111111111111111111111100111111111111111111111111111111000000111111111111110000000000000011111111111110000000000011111111111111000000000000000000000000000000111111111111111111111111111111111111111111111111111111110
111111111111111111111111111111111111111111111111111111111100000011111111111111111111111111111111111111111111100111111111111111111111111111110000001111111111111111000000000000011111111111110000000000011111111111111000000000000000000000000000001111111111111111111111111111111111111111111111111111111110
111111111111111111111111111111111111111111111111111111111110000011111111111111111111111111111111111111111111000011111111111111111111111111110000011111111111111111100000000000001111111111110000000000001111111111110000000000000000000000000000011111111111111111111111111111111111111111111111111111111110
111111111111111111111111111111111111111111111111111111111111000001111111111111111111111111111111111111111110000001111111111111111111111111100000111111111111111111110000000000000111111111110000000000001111111111100000001100000000000000000000111111111111111111111111111111111111111111111111111111111110
111111111111111111111111111111111111111111111111111111111111100000111111111111111111111111111111111111111100000000111111111111111111111111000001111111111111111111111000000000000001111111000000000000000011111111000000001100000000000000000001111111111111111111111111111111111111111111111111111111111110
111111111111111111111111111111111111111111111111111111111111100000111111111111111111111111111111111111100000000000001111111111111111111100000001111111111111111111111000000000000000111110000000000000000001111110000000000000000000000000000001111111111111111111111111111111111111111111111111111111111110
111111111111111111111111111111111111111111111111111111111111110000000000000000011111111111111111111111550000000000005501111111111111100000000001111111111111111111111000000000000000000000000000000000000000000000000000000000000000000000000001111111111111111111111111111111111111111111111111111111111110
111111111111111111111111111111111111111111111111111111111111111000000000000000011111111111111111111110550000000000005501111111111111100000000011111111111111111111111000000000000000000000000000000000000000000000000000000000000000000000000001111111111111111111111111111111111111111111111111111111111110
111111111111111111111111111111111111111111111111111111111111111111000000000000011111111111111111111110000000000000000001111111111111100000001111111111111111111111111111111111111000000000011111111111111000000000000000000011111111111111111111111111111111111111111111111111111111111111111111111111111110
111111111111111111111111111111111111111111111111111111111111111111100000000000011111111111111111111110000000000000000001111111111111000000111111111111111111111111111111111111111100000000111111111111111100000000000000001111111111111111111111111111111111111111111111111111111111111111111111111111111110
111111111111111111111111111111111111111111111111111111111111111111110000000000011111111111111111111000000000000000000000111111111111000001111111111111111111111111111111111111111110000001111111111111111110000000000000011111111111111111111111111111111111111111111111111111111111111111111111111111111110
111111111111111111111111111111111111111111111111111111111111111111110000000000011111111111111111111000000000000000000000011111111111000011111111111111111111111111111111111111111111000011111111111111111111000000000000111111111111111111111111111111111111111111111111111111111111111111111111111111111110
111111111111111111111111111111111111111111111111111111111111111111111000000000011111111111111111110000000000000000000000001111111100000011111111111111111111111111111111111111111111100111111111111111111111100000000000111111111111111111111111111111111100000000001111111111111111111111111111111111111110
111111111111111111111111111111111111111111111111111111111111111111111000000000011111111111111110000000000000000000000000000001110000000011111111111111111111111111111111111111111111100111111111111111111111100000000000111111111111111111111111111111111100000000001111111111111111111111111111111111111110
111111111111111111111111111111111111111111111111111111111111111111111000000000011111111111111000000000011100000000000100000011100000001111111111111111111111111111111111111111111111100111111111111111111111100000000000111111111111111111111111111111111100000000001111111111111111111111111111111111111110
111111111111111111111111111111111111111111111111111111111111111111111000000000011111111111111000000000011100000000001110000011000000000111111111111111111111111111111111111111111111111111111111111111111111100000000000111111111111111111111111111111111100000000001111111111111111111111111111111111111110
111111111111111111111111111111111111111111111111111111111111111111111000000000011111111111111000000000011100000000001110000001100000000111111111111111111111111111111111111111111111111111111111111111111111111111111111111111111111111111111111111111111100000000000111111111111111111111111111111111111110
111111111111111111111111111111111111111111111111111111111111111111111000000000011111111111111000000000000000000000000100000001100000000011111111111111111111111111111111111111111111111111111111111111111111111111111111111111111111111111111111111111111100000000000001111111111111111111111111111111111110
111111111111111111111111111111111111111111111111111111111111111111110000000000011111111111111000000000000000000000000000000000110000000001111111111111111111111111111111111111111111111111111111111111111111111111111111111111111111111111111111111111111000000000000000111111111111111111111111111111111110
111111111111111111111111111111111111111111111111111111111111111111100000000000011111111111111000000000000000000000000000000000110000000011111111111111111111111111111111111111111111111111111111111111111111111111111111111111111111111111111111111111100000000000000000001111111111111111111111111111111110
111111111111111111111111111111111111111111111111111111111111111111000000000000011111111111111000000000000000000000000000000000011000000110011111111111111111111111111111111111111111111111111111111111111111111111111111111111111111111111100000000000000000000000000000000001111111111111111111111111111110
111111111111111111111111111111111111111111111111111111111111111100000000000000011111111111111000000000000000000000000000000000011100000000001111111111111111111111111111111111111111111111111111111111111111111111111111111111111111111111100000000000000000000000000000000001111111111111111111111111111110
111111111111111111111111111111111111111111111111111111111111100000000000000000011111111111111000000000000000000110000000000000001101000000005511111111111111111111111111111111111111111111111111111111111111111111111111111111111111111111100000000000000000000000000000000001111111111111111111111111111110
111111111111111111111111111111111111111111111111111111111111100000000000000000011111111111111000000000000000001111000000000000000100000000005511111111111111111111111111111111111111111111111111111111111111111111111111111111111111111111000000000000000000000000000000000001111111111111111111111111111110
111111111111111111111111111111111111111111111111111111111111100000000000000111111111111111111000000000000000011111100000000000000000000000011111111111111111111111111111111111111111111111111111111111111111111111111111111111111111111111000000001111111111111110000000000001111111111111111111111111111110
111111111111111111111111111111111111111111111111111111111111100000000000001111111111111111111000000000000000011111100000000000000000000000111111111111111111111111111111111111111111111111111111111111111111111111111111111111111111111110000000011111111111111111000000000001111111111111111111111111111110
111111111111111111111111111111111111111111111111111111111111100000000000011111111111111111111000000000000000001111000000000000000000000001111111111111111111111111111111111111111111111111111111111111111111111111111111111111111111111100000000111111111111111111100000000001111111111111111111111111111110
111111111111111111111111111111111111111111111111111111111111100000000000111111111111111111111000000000000000000110000000000000000000000011111111111111111111111111111111111111111111111111111111111111111111111111111111111111111111000000000001111111111111111111110000000001111111111111111111111111111110
111111111111111111111111111111111111111111111111111111111111100000000000111111111111111111111000000000000000000000000000000000000000000011111111111111111111111111111111111000000000000000000000000011111111111111111111111111111110000000000001111111111111111111111000000001111111111111111111111111111110
111111111111111111111111111111111111111111111111111111111111100000000001111111111111111111111000000000000000000000000000000000000000000011111111111111111111111111111111111055000000000000000000005501111111111111111111111111111110000000000001111111111111111111111000000001111111111111111111111111111110
111111111111111111111111111111111111111111111111111111111111100000000001111111111111111111111000000000000000000000000000000000000000000011111111111111111111111111111111111055000000000000000000005501111111111111111111111111111110000000000011111111111111111111111000000001111111111111111111111111111110
111111111111111111111111111111111111111111111111111111111111155000000551111111111111111111111100000000000000000000000000000000000000000011111111111111111111111111111111111000000000000000000000000001111111111111111111111111111110000000001111111111111111111111111000000001111111111111111111111111111110
111111111111111111111111111111111111111111111111111111111111155000000551111111111111111111111111000000000000000000000000000000000000000111111111111111111111111111111111110000000000000000000000000000111111111111111111111111111110000000011111111111111111111111111000000001111111111111111111111111111110
111111111111111111111111111111111111111111111111111111111111100000000001111111111111111111111111111000000000000000000011000000000000000111111111111111111111111111111111100000000000000000000000000000011111111111111111111111111110000000111111111111111111111111111000000001111111111111111111111111111110
111111111111111111111111111111111111111111111111111111111111100000000001111111111111111111111111111100000000000000000011000000000000000111111111111111111111111111111111100000000000000000000000000000001111111111111111111111111110000001111111111111111111111111111000000001111111111111111111111111111110
111111111111111111111111111111111111111111111111111111111111100000000001111111111111111111111111111100001100000000000000000000000000000111111111111111111111111111111110000000000000000000000000000000000111111111111111111111111110000011111111111111111111111111111000000001111111111111111111111111111110
111111111111111111111111111111111111111111111111111111111111100000000001111111111111111111111111111100001100000000000000000000000000000111111111111111111111111111000000000000000000000000000000000000000000011111111111111111111110000011111111111111111111111111111000000001111111111111111111111111111110
111111111111111111111111111111111111111111111111111111111111110000000011111111111111111111111111111100000000000000000000000000000000000111111111111111111111111111100000000000000000000000000000000000000000011111111111111111111110000111111111111111111111111111111000000001111111111111111111111111111110
111111111111111111111111111111111111111111111111111111111111110000000011111111111111111111111111111100000000000000000000000000000000000111111111111111111111111111000000000000000000000000000000000000000000011111111111111111111110000111111111111111111111111111111000000001111111111111111111111111111110
111111111111111111111111111111111111111111111111111111111111110000000011111111111111111111111111111100000000000000000000000000000000000111111111111111111111111111000000000000000000000000000011000000000000011111111111111111111110000111111111111111111111111111111000000001111111111111111111111111111110
111111111111111111111111111111111111111111111111111111111110110000000011111111111111111111111111111100000000000000000000000000000001111111111111111111111111111111000000000000000000000000000011000000000000011111111111111111111110000111111111111111111111111111111000000001111111111111111111111111111110
111111111111111111111111111111111111111111111111111111111110000000000001111111111111111111111111111100000000000000000000000000000111111111111111111111111111111110000000000000000000000000000000000000000000011111111111111111111110000111111111111111111111111111111000000001111111111111111111111111111110
111111111111111111111111111111111111111111111111111111111100000000000000111111111111111111111111111100000000000000000000000000000111111111111111111111111111111100000000000000000000000000000000000000000000011111111111111111111110000111111111111111111111111111111000000001111111111111111111111111111110
111111111111111111111111111111111111111111111111111111111000000000000000011111111111111111111111111000000000000000000000000000001111111111111111111000000000000000000000000000000000000000000000000000000000011111111111111111111110000111111111111111111111111111111000000001111111111111111111111111111110
111111111111111111111111111111111111111111111111111110000000000000000000001111111111111111111111110000000000000000000000000000001111111111111111111000000000000000000000000000000000000000000000000000000000011111111111111111111110000111111111111111111111111111111000000001111111111111111111111111111110
111111111111111111111111111111111111111111111111111110000000000000000000000111111111111111111111100000000000000000000000000000001111111111111111111000000000000000000000000000000000000000000000000000000111111111111111111111111110000111111111111111111111111111111000000001111111111111111111111111111110
111111111111111111111111111111111111111111111111111110000000000000000000000000011111111111111000000000000000000000000000000000551111111111111111111000000000000000000000011111111111111100000000000000001111111111111111111111111110000111111111111111111111111111111000000001111111111111111111111111111110
111111111111111111111111111111111111111111111111111110000000000000000000000011111111111111111000000000000000000000000000000000551111111111111111111000000000000000000000111111111111111111000000000000011111111111111111111111111110000111111111111111111111111111110000000001111111111111111111111111111110
111111111111111111111111111111111111111111111111111110000000000000000000000011111111111111111000000000000000000000000000000111111111111111111111111000000000000000000001111111111111111111100000000000111111111111111111111111111100000111111111111111111111111111110000000001111111111111111111111111111110
111111111111111111111111111111111111111111111111111000000000001100000000001111111111111111111000000000000000000000000000001111111111111111111111111000000000000000000011111111111111111111110000000000111111111111111111111111111100000111111111111111111111111111110000000001111111111111111111111111111110
111111111111111111111111111111111111111111111111111000000000001100000000011111111111111111111000000000000000000000000000011111111111111111111111111000000000000000000011111111111111111111111000000001111111111111111111111111111000000111111111111111111111111111110000000001111111111111111111111111111110
111111111111111111111111111111111111111111111100000000000000000000000000111111111111111111111000000000000000000000000000111111111111111111111111111000000000000000000011111111111111111111111000000001111111111111111111111111110000000111111111111111111111111111110000000001111111111111111111111111111110
111111111111111111111111111111111111111111111000000000000000000000000000111111111111111111111000000000000000000000000000111111111111111111111111111000000000000000000011111111111111111111111000000001111111111111111111111000000000000111111111111111111111111111100000000001111111111111111111111111111110
111111111111111111111111111111111111111111111000000000000000000000000001111111111111111111111000000000000000000000000000111111111111111111111111111000000000000000000111111111111111111111111000000001111111111111111111111000000000000111111111111111111111111000000000000011111111111111111111111111111110
111111111111111111111111111111111111111111111000000000000000000000000001111111111111111111111000000000000000000000000000111111111111111111111111111000000011111111111111111111111111111111111000000001111111111111111111111000000000000111111111111111111111110000000000000011111111111111111111111111111110
111111111111111111111111111111111111111111111000000000000000000000000011111111111111111111111100000000000000000000000001111111111111111111111111111000000111111111111111111111111111111111111000000001111111111111111111111000000000000111111111111111111111100000000011111111111111111111111111111111111110
111111111111111111111111111111111111111111111000000000000000000000011111111111111111111111111111000000000000000000011111111111111111111111111111110000011111111111111111111111111111111111111000000001111111111111111111110000000001111111111111111111111111100000000011111111111111111111111111111111111110
111111111111111111111111111111111111111111111000000000000000000001111111111111111111111111111111111055000000005500111111111111111111111111111111100000111111111111111111111111111111111111111000000001111111111111111111100000000111111111111111111111111111100000000011111111111111111111111111111111111110
111111111111111111111111111111111111111111111000000000000000000001111111111111111111111111111111111155000000005501111111111111111111111111111111000000111111111111111111111111111111111111111000000001111111111111111111000000001111111111111111111111111111100000000111111111111111111111111111111111111110
111111111111111111111111111111111111111111111000000000000000000011111111111111111111111111111111111100000000000011111111111111111111111111111110000001111111111111111111111111111111111111111000000001111111111111111110000000001111111111111111111111111111100000000111111111111111111111111111111111111110
111111111111111111111111111111111111111111111000000000000000000111111111111111111111111111111111111110000000000111111111111111111111111111100000000001111111111111111111111111111111111111110000000001111111111111100000000000011111111111111111111111111111100000000111111111111111111111111111111111111110
111111111111111111111111111111111111111111111000000000000000000111111111111111111111111111111111111110000000000111111111111111111111111111100000000001111111111111111111111111111111111111100000000001111111111111100000000000011111111111111111111111111111100000000111111111111111111111111111111111111110
111111111111111111111111111111111111111111111000000000000000000111111111111111111111111111111111111110000000000111111111111111111111111111100000011111111111111111111111111111111111111111000000000001111111111111100000000000011111111111111111111111111111100000000111111111111111111111111111111111111110
111111111111111111111111111111111111111111111000000000000000000111111111111111111111111111111111111110000000000111111111111111111111111111100000111111111111111111111111111111111111100000000000000001111111111111100000000000011111111111111111111111111111100000000111111111111111111111111111111111111110
111111111111111111111111111111111111111111111000000000000000000111111111111111111111111111111111111110000000000111111111111111111111111111100001111111111111111111111111111111111111100000000000000001111111111111100000000000011111111111111111111111111111100000000111111111111111111111111111111111111110
111111111111111111111111111111111111111111111000000000000000000111111111111111111111111111111111111110000000000111111111111111111111111111100011111111111111111111111111111111111111100000000000000001111111111111100000000000011111111111111111111111111111100000000111111111111111111111111111111111111110
111111111111111111111111111111111111111111111000000000000000000011111111111111111111111111111111111110000000000111111111111111111111111111100111111111111111111111111111111111111111111110000000000001111111111111100000000000001111111111111111111111111111100000000111111111111111111111111111111111111110
111111111111111111111111111111111111111111111000000000110000005501111111111111111111111111111111111110000000000111111111111111111111111111100111111111111111111111111111111111111111111111000000000001111111111111100000000000000111111111111111111111111111100000000111111111111111111111111111111111111110
111111111111111111111111111111111111111111111000000000110000005500111111111111111111111111111111111110000000000111111111111111111111111111100111111111111111111111111111111111111111111111100000000001111111111111111000000000000011111111111111111111111111100000000111111111111111111111111111111111111110
111111111111111111111111111111111111111111111000000000000000000000111111111111111111111111111111111110000000000111111111111111111111111111100111111111111111111111111111111111111111111111110000000001111111111111111100000000000001111111111111111111111111100000000111111111111111111111111111111111111110
111111111111111111111111111111111111111111111000000000000000000000000011111111111111111111111111111110000000000111111111111111111111111111100111111111111111111111111111111111111111111111110000000001111111111111111110000000000000000111111111111111111111100000000111111111111111111111111111111111111110
111111111111111111111111111111111111111111111000000000000000000000000001111111111111111111111111111110000000000111111111111111111111111111100111111111111111111111111111111111111111111111111000000001111111111111111111000000000000000111111111111111111111100000000111111111111111111111111111111111111110
111111111111111111111111111111111111111111111000000000000000000000000001111111111111111111111111111110000000000111111111111111111111111111100011111111111111111111111111111111111111111111111000000001111111111111111111100000000000000111111111111111111111100000000111111111111111111111111111111111111110
111111111111111111111111111111111111111111111000000000000000000000000001111111111111111111111111111110000000000111111111111111111111111111100001111111111111111111111111111111111111111111111000000001111111111111111111110000000000000111111111111111111111100000000111111111111111111111111111111111111110
111111111111111111111111111111111111111111111000000000000000000000000000111111111111111111111111111110000000000111111111111111111111111111100000111111111111111111111111111111111111111111111000000001111111111111111111111000000000000111111111111111111111000000000111111111111111111111111111111111111110
111111111111111111111111111111111111111111111000000000000000005500000000011111111111111111111111111111000000000111111111111111111111111111100000011111111111111111111111111111111111111111111000000001111111111111111111111000000000000111111111111111111110000000000111111111111111111111111111111111111110
111111111111111111111111111111111111111111111000000000000000005500000000001111111111111111111111111111000000000111111111111111111111111111100000000001111111111111111111111111111111111111111000000001111111111111111111111000000000000111111111111111111100000000000111111111111111111111111111111111111110
111111111111111111111111111111111111111111111000000000000001111110100000000011111111111111111111111111000000000111111111111111111111111111111000000001111111111111111111111111111111111111111000000001111111111111111111111000000000000111111111111111111000000000001111111111111111111111111111111111111110
111111111111111111111111111111111111111111111000000000000001111111100000000000111111111111111111111111111000000111111111111111111111111111111111100001111111111111111111111111111111111111111000000001111111111111111111111000000000000111111111111111100000000000111111111111111111111111111111111111111110
111111111111111111111111111111111111111111111000000000000011111111100000000000011111111111111111111111111100000111111111111111111111111111111111110001111111111111111111111111111111111111111000000001111111111111111111111000000000000111111111111111000000001111111111111111111111111111111111111111111110
111111111111111111111111111111111111111111100000000000000111111111110000000000001111111111111111111111111110000111111111111111111111111111111111111000111111111111111111111111111111111111111000000001111111111111111111111000000000000111111111111110000000001111111111111111111111111111111111111111111110
111111111111111111111111111111111111111111100000000000011111111111110000000000001111111111111111111111111111000111111111111111111111111111111111111100011111111111111111111111111111111111111000000001111111111111111111111000000000000111111111111110000000011111111111111111111111111111111111111111111110
111111111111111111111111111111111111111111000000000000011111111111111000000000001111111111111111111111111111100011111111111111111111111111111111111100001111111111111111111111111111111111111000000001111111111111111111111000000000000111111111111110000000011111111111111111111111111111111111111111111110
111111111111111111111111111111111111111100000000000000011111111111111000000000000111111111111111111111111111100001111111111111111111111111111111111110000111111111111111111111111111111111111000000001111111111111111111111000000000000111111111111110000000011111111111111111111111111111111111111111111110
111111111111111111111111111111111111110000000000000000011111111111111100000000000011111111111111111111111111100000111111111111111111111111111111111110000000011111111111111111111111111111111000000001111111111111111111111000000000000111111111111110000000111111111111111111111111111111111111111111111110
111111111111111111111111111111111111100000000000000000111111111111111101000000000001111111111111111111111111100000011111111111111111111111111111111110000000011111111111111111111111111111111000000001111111111111111111111000000000000111111111111110000000111111111111111111111111111111111111111111111110
111111111111111111111111111111111111100000000000000111111111111111111111100000000000000111111111111111111111100000000551111111111111111111111111111110000000011111111111111111111111111111111000000001111111111111111111111000000000000111111111111110000000111111111111111111111111111111111111111111111110
111111111111111111111111111111111111100000000000001111111111111111111111111000000000055111111111111111111111100000000551111111111111111111111111111110000000011111111111111111111111111111111000000001111111111111111111111000000000000111111111111110000000111111111111111111111111111111111111111111111110
111111111111111111111111111111111110000000000000011111111111111111111111111100000000055111111111111111111111000000011111111111111111111111111111111110000000011111111111111111111111111111111000000001111111111111111111110000000000000111111111111110000000111111111111111111111111111111111111111111111110
111111111111111111111111111111111110000000000000111111111111111111111111111100000000000111111111111111111110000000111111111111111111111111111111111110000000011111111111111111111111111111111000000001111111111111111111100000000000000111111111111110000000111111111111111111111111111111111111111111111110
111111111111111111111111111111111100000000000000111111111111111111111111111110000000000111111111111111111100000001111111111111111111111111111111111100000000011111111111111111111111111111111000000001111111111111111111000000000000000111111111111110000000111111111111111111111111111111111111111111111110
111111111111111111111111111111110000000000000000111111111111111111111111111110000000000111111111111111000000000011111111111111111111111111111111111100000000011111111111111111111111111111111000000001111111111111110000000000000000000111111111111110000000111111111111111111111111111111111111111111111110
111111111111111111111111111110000000000000000000111111111111111111111111111110000000000111111111111110000000000011111111111111111111111111111111111000000000011111111111111111111111111111110000000001111111111111100000000000000000000111111111111110000000111111111111111111111111111111111111111111111110
111111111111111111111111111110000000000000001111111111111111111111111111111110000000000111111111111110000000000111111111111111111111111111111111111000000000011111111111111111111111111111100000000001111111111111100000000000000000000111111111111110000000111111111111111111111111111111111111111111111110
111111111111111111111111111110000000000000001111111111111111111111111111111110000000000111111111111110000000000111111111111111111111111111111110000000000111111111111111111111111111111111000000000001111111111111000000000000000000000111111111111110000000011111111111111111111111111111111111111111111110
111111111111111111111111111110000000000000111111111111111111111111111111111110000000000111111111111110000000000111111111111111111111111111111110000000011111111111111111111111111111100000000000000001111111111111000000000000000000001111111111111110000000011111111111111111111111111111111111111111111110
111111111111111111111111111110000000000001111111111111111111111111111111111110000000000111111111111110000000000111111111111111111111111000000110000000111111111111111111111111111111111111111000000000111111111111000000000000000000111111111111111110000000001111111111111111111111111111111111111111111110
111111111111111111111111111110000000000011111111111111111111111111111111111110000000000111111111111110000000000111111111111111111111111000000110000000111111111111111111111111111111111111111000000000011111111110000000000000000011111111111111111110000000000111111111111111111111111111111111111111111110
111111111111111111111111111110000000000111111111111111111111111111111111111110000000000111111111111110000000000111111111111111111111110000000110000000111111111111111111111111111111111111110000000000001111111110000000000000000111111111111111111110000000000011111111111111111111111111111111111111111110
111111111111111111111111111110000000000111111111111111111111111111111111111110000000000111111111111110000000000111111111111111111111550000000055000000111111111111111111111111111111111111110000000000110000000000000000000000001111111111111111111110000000000000111111111111111111111111111111111111111110
111111111111111111111111111110000000000111111111111111111111111111111111111110000000000111111111111110000000000111111111111111111100550000000055000000111111111111111111111111111111111111110000000000110000000000000000000000011111111111111111111110000000000000001111111111111111111111111111111111111110
111111111111111111111111111110000000000111111111111111111111111111111111111110000000000111111111111110000000000111111111111111110000000000000000000000111111111111111111111111111111111111110000000000000000000000000011000000011111111111111111111110000000000000000111111111111111111111111111111111111110
111111111111111111111111111110000000000111111111111111111111111111111111111110000000000111111111111110000000000111111111111111000000000000000000000000111111111111111111111111111111111111100000000000000000000000000011000000011111111111111111111110000000000000000111111111111111111111111111111111111110
111111111111111111111111111110000000000111111111111111111111111111111111111110000000000111111111111110000000000111111111111110000000000000000000000000111111111111111111111111111111111111100000000000000000000000000000000000011111111111111111111110000000000000000111111111111111111111111111111111111110
111111111111111111111111111110000000000111111111111111111111111111111111111110000000000111111111111110000000000111111111111110000000000000000000000000111111111111111111111111111111111111100000000000000000000000000000000000011111111111111111111111100000000000000111111111111111111111111111111111111110
111111111111111111111111111110000000000111111111111111111111111111111111111110000000000111111111111110000000000111111111111110000000000000000000000000011111111111111111111111111111111111110000000000000000000000000000000000011111111111111111111111111100000000000111111111111111111111111111111111111110
111111111111111111111111111110000000000111111111111111111111111111111111111110000000000111111111111110000000000011111111111110000000000000000000000000001111111111111111111111111111111111110000000000000000000000000000000000001111111111111111111111111110000000000111111111111111111111111111111111111110
111111111111111111111111111110000000000111111111111111111111111111111111111110000000000111111111111110000000000001111111111100000000000000000011000000000111111111111111111111111111111111100000000000000000000000000000000000001111111111111111111111111111000000000111111111111111111111111111111111111110
111111111111111111111111111110000000000111111111111111111111111111111111111110000000000111111111111110000000000000111111111000000000000000000011000000000000111111111111111111111111111111100000000000000000000000000000000000000111111111111111111111111111100000000111111111111111111111111111111111111110
111111111111111111111111111110000000000111111111111111111111111111111111111110000000000111111111111111000000000000550000000000000000000000000000000000000000011111111111111111111111111111110055000000001100000000000000000000000001111111111111111111111111100000000111111111111111111111111111111111111110
111111111111111111111111111110000000000111111111111111111111111111111111111110000000000111111111111111111000000000550000000000000000000000000000000000000000011111111111111111111111111111110055000000001100000000000000000000000000000111111111111111111111100000000111111111111111111111111111111111111110
111111111111111111111111111110000000000111111111111111111111111111111111111110000000000111111111111111111100000000000000000000000000000000000000000000000000011111111111111111111111111111111000000000000000000000000000000000000000000111111111111111111111100000000111111111111111111111111111111111111110
111111111111111111111111111110000000000111111111111111111111111111111111111110000000000111111111111111111110000000000000000000000000000000000000000000000000001111111111111111111111111111111000000000000000000000000000000000000000000111111111111111111111100000000111111111111111111111111111111111111110
111111111111111111111111111110000000000111111111111111111111111111111111111110000000000111111111111111111111000000000000000000001100000000000000000000000000000111111111111111111111111111111000000000000000000001111110000000000000000111111111111111111111100000000111111111111111111111111111111111111110
111111111111111111111111111110000000000111111111111111111111111111111111111110000000000111111111111111111111000000000000000000001100000000000000000000000000000011111111111111111111111111111000000000000000000011111111000000000000000011111111111111111111100000000111111111111111111111111111111111111110
111111111111111111111111111110000000000111111111111111111111111111111111111110000000000111111111111111111111155000000000000000000000000000000000000000000000000001111111111111111111111111111000000000000000000111111111100000000000000001111111111111111111100000000111111111111111111111111111111111111110
111111111111111111111111111110000000000111111111111111111111111111111111111110000000000111111111111111111111155000000000000000000000000000000000000000000000000000001111111111111111111111111000000000000000001111111111100000000000000000111111111111111111100000000111111111111111111111111111111111111110
111111111111111111111111111110000000000111111111111111111111111111111111111110000000000111111111111111111111110000000000000000000000000000000011000000000000000000000111111111111111111111111000000000000000001111111111110000000000000000011111111111111111100000000111111111111111111111111111111111111110
111111111111111111111111111110000000000111111111111111111111111111111111111110000000000111111111111111111111111000000000000000000000000000000011000000000000000000000111111111111111111111111000000000000000011111111111111000000000000000000001111111111111100000000111111111111111111111111111111111111110
111111111111111111111111111110000000000111111111111111111111111111111111111110000000000111111111111111111111111111000000000000000000000000000001111111000000000000000111111111111111111111111000000000000000011111111111111000001100000000000001111111111111100000000111111111111111111111111111111111111110
111111111111111111111111111110000000000111111111111111111111111111111111111110000000000111111111111111111111111111100000000000000000000000000000111110000000000000000011111111111111111111111000000000000000011111111111111000001100000001111111111111111111100000000111111111111111111111111111111111111110
111111111111111111111111111110000000000111111111111111111111111111111111111110000000000111111111111111111111111111110000000000000000000000000000111110000000000000550001111111111111111111111000000000000000111111111111111000000000000001111111111111111111100000000111111111111111111111111111111111111110
111111111111111111111111111110000000000111111111111111111111111111111111111110000000000011111111111111111111111111110000000000000000000000000000111110000000000000550000111111111111111111111000000000001111111111111111111000000000000011111111111111111111100000000111111111111111111111111111111111111110
111111111111111111111111111110000000000111111111111111111111111111111111111110000000000001111111111111111111111111110000000000000000000000000001111111000000000000000011111111111111111111111000000000011111111111111111111000000000000011111111111111111111100000000111111111111111111111111111111111111110
111111111111111111111111111110000000000111111111111111111111111111111111111115500000000000111111111111111111111111111000000000000000000000000000111111000000000000000011111111111111111111111000000000111111111111111111111000000000000111111111111111111111100000000111111111111111111111111111111111111110
111111111111111111111111111111000000000111111111111111111111111111111111111115500000000000111111111111111111111111111100000000005500000000000000111110000000000000000001111111111111111111111000000000111111111111111111111000000000000111111111111111111111100000000111111111111111111111111111111111111110
111111111111111111111111111111111000000111111111111111111111111111111111111111100000000000000551111111111111111111111111100000005500000000000000111110000000000000000001111111111111111111111000000001111111111111111111111000000000000111111111111111111111100000000111111111111111111111111111111111111110
111111111111111111111111111111111110000111111111111111111111111111111111111111111100000000000551111111111111111111111111110000000000000000000000111110000000000000000001111111111111111111111000000001111111111111111111111000000000000111111111111111111111100000000111111111111111111111111111111111111110
111111111111111111111111111111111111000011111111111111111111111111111111111111111110000000000001111111111111111111111111111000000000000000000001111111000000000000000011111111111111111111111000000001111111111111111111111000000000000111111111111111111111000000000111111111111111111111111111111111111110
111111111111111111111111111111111111000001111111111111111111111111111111111111111111000000000001111111111111111111111111111100000000000000000001000000000000000000000011111111111111111111111000000001111111111111111111111000000000000111111111111111111111000000000111111111111111111111111111111111111110
111111111111111111111111111111111111000000111111111111111111111111111111111111111111100000000000111111111111111111111111111111111100000000000000000000000000000000000001111111111111111111111000000001111111111111111111111000000000000111111111111111111111000000000111111111111111111111111111111111111110
111111111111111111111111111111111111100000001111111111111111111111111111111111111111100000000000011111111111111111111111111111111100000000000000001100000000000000000001111111111111111111111000000001111111111111111111110000000000000111111111111111111110000000000111111111111111111111111111111111111110
111111111111111111111111111111111111110000000011111111111111111111111111111111111111110000000000001111111111111111111111111111111100000000000000001100000000000000005501111111111111111111111000000000111111111111111111110000000000000111111111111111111100000000000111111111111111111111111111111111111110
111111111111111111111111111111111111111100000001111111111111111111111111111111111111111000000000000111111111111111111111111111111100000000000000000000000000000000005511111111111111111111111000000000011111111111111111100000000000000111111111111111111000000000000111111111111111111111111111111111111110
111111111111111111111111111111111111111110000001111111111111111111111111111111111111111100000000000000111111111111111111111111111100000000000000000000000000000000000555111111111111111111111000000000001111111111111111000000000000000111111111111110000000000000001111111111111111111111111111111111111110
111111111111111111111111111111111111111111000001111111111111111111111111111111111111111111000000000000011111111111111111111111111100000000000000000000000000000000000555550001111111111111111000000000000111111111111110000000000000000111111111111110000000000111111111111111111111111111111111111111111110
111111111111111111111111111111111111111111100000111111111111111111111111111111111111111111110000000000011111111111111111111111111000000000000000000000000000000000000050550001111111111111111000000000000000000000000000000000000000000111111111111110000000001111111111111111111111111111111111111111111110
111111111111111111111111111111111111111111110000011111111111111111111111111111111111111111110000000000011111111111111111111111111000000000000000000000000000000000000000000001111111111111111000000000000000000000000000000000000000000111111111111110000000001111111111111111111111111111111111111111111110
111111111111111111111111111111111111111111111000001111111111111111111111111111111111111111110000000000001111111111111111111111111100000000000000000000000000000000000000000001111111111111111000000000000000000000000000000000000000000111111111111110000000001111111111111111111111111111111111111111111110
111111111111111111111111111111111111111111111000000011111111111111111111111111111111111111111000000000000111111111111111111111111155000000000000000000005500000000000000000001111111111111111000000000000000000000000000000000000000000111111111111110000000001111111111111111111111111111111111111111111110
111111111111111111111111111111111111111111111000000000000000000111111111111111111111111111111000000000000011111111111111111110000055000000000000000000005500500000000000005501111111111111111000000000000000000000000000000000000000000111111111111110000000011111111111111111111111111111111111111111111110
111111111111111111111111111111111111111111111000000000000000000111111111111111111111111111111111000000000000111111111111111110550000000000000000110000000000500000000000005511111111111111111000000000000000000000000000000000000000000111111111111110000000011111111111111111111111111111111111111111111110
111111111111111111111111111111111111111111111111100000000000000111111111111111111111111111111111100000000000055111111111111110550000000000000000111111111001550000000000011111111111111111111000000000000000000000000000000000000000000111111111111110000000011111111111111111111111111111111111111111111110
111111111111111111111111111111111111111111111111110000000000000111111111111111111111111111111111110000000000055111111111111110000055000000000000011111111111550000000011111111111111111111111000000011000000000000000000000000000000000111111111111110000000011111111111111111111111111111111111111111111110
111111111111111111111111111111111111111111111111111000000000000011111111111111111111111111111111111000000000000111111111111110000055000000000100111111111111110011000011111111111111111111111000000011000000000000000000000111111111111111111111111110000000011111111111111111111111111111111111111111111110
111111111111111111111111111111111111111111111111111100000000000001111111111111111111111111111111111100000000000111111111111110110001111110011110111111111111111111111111111111111111111111111000000000000000000000000000001111111111111111111111111110000000011111111111111111111111111111111111111111111110
111111111111111111111111111111111111111111111111111110000000000000111111111111111111111111111111111100000000000111111111111110111101111111111110111111111111111111111111111111111111111111111000000000000000000000000000011111111111111111111111111110000000011111111111111111111111111111111111111111111110
111111111111111111111111111111111111111111111111111110000000000000000111111111111111111111111111111110000000000111111111111110001101111111111111111111111111111111111111111111111111111111111000000000000000000000000000111111111111111111111111111110000000011111111111111111111111111111111111111111111110
111111111111111111111111111111111111111111111111111110000000000000000011111111111111111111111111111110000000000111111111111110001111111111111111111111111111111111111111111111111111111111111000000000000000000000000001111111111111111111111111111110000000011111111111111111111111111111111111111111111110
111111111111111111111111111111111111111111111111111111000000000000000001111111111111111111111111111110000000000111111111111110000111111111111111111111111111111111111111111111111111111111111000000000000000000000000001111111111111111111111111111110000000011111111111111111111111111111111111111111111110
111111111111111111111111111111111111111111111111111111111111111110000001111111111111111111111111111110000000000111111111111111111111111111111111111111111111111111111111111111111111111111111000000000000000000000000001111111111111111111111111111110000000011111111111111111111111111111111111111111111110
111111111111111111111111111111111111111111111111111111111111111111100000111111111111111111111111111110000000000111111111111111111111111111111111111111111111111111111111111111111111111111111100000000000000000000000001111111111111111111111111111110000000011111111111111111111111111111111111111111111110
111111111111111111111111111111111111111111111111111111111111111111110000111111111111111111111111111110000000000111111111111111111111111111111111111111111111111111111111111111111111111111111111111111111111111111111111111111111111111111111111111110000000011111111111111111111111111111111111111111111110
111111111111111111111111111111111111111111111111111111111111111111111000111111111111111111111111111110000000000111111111111111111111111111111111111111111111111111111111111111111111111111111111111111111111111111111111111111111111111111111111111110000000011111111111111111111111111111111111111111111110
111111111111111111111111111111111111111111111111111111111111111111111000011111111111111111111111111110000000000111111111111111111111111111111111111111111111111111111111111111111111111111111111111111111111111111111111111111111111111111111111111100000000011111111111111111111111111111111111111111111110
111111111111111111111111111111111111111111111111111111111111111111111000000111111111111111111111111110000000000111111111111111111111111111111111111111111111111111111111111111111111111111111111111111111111111111111111111111111111111111111111111055000055011111111111111111111111111111111111111111111110
111111111111111100000000000000000001111111111111111111111111111111111000000000111111111111111111111110000000000111111111111111111111111111111111111111111111111111111111111111111111111111111111111111111111111111111111111111111111111111111111110055000055011111111111111111111111111111111111111111111110
111111111111111100000000000000000001111111111111111111111111111111111000000000111111111111111111111110000000000111111111111111111111111111111111111111111111111111111111111111111111111111111111111111111111111111111111111111111111111111111111100000000000011111111111111111111111111111111111111111111110
111111111111111100000000000000000001111111111111111111111111111111111000000000111111111111111111111110000000000111111111111111111111111111111111111111111111111111111111111111111111111111111111111111111111111111111111111111111111100000000000000000000000011111111111111111111111111111111111111111111110
111111111111111100000000000000000001111111111111111111111111111111111000000000111111111111111111111110000000000111111111111111111111111111111111111111111111111111111111111111111111111111111111111111111111111111111111111111111111100000000000000000000000011111111111111111111111111111111111111111111110
111111111111111100000000000000000000111111111111111111111111111111111000000000111111111111111111111110000000000111111111111111111111111111111111111111111111111111111111111111111111111111111111111111111111111111111111111111111111000000000000000000000000001111111111111111111111111111111111111111111110
111111111111111100000000000000000000111111111111111111111111111111111000000000111111111111111111111110000000000111111111111111111111111111111111111111111111111111111111111111111111111111111111111111111111111111111111111111111111000000000000000000000000000111111111111111111111111111111111111111111110
111111111111111100000000000000000000011111111111111111111111111111111000000000111111111111111111111110000000000011111111111111111111111111111111111111111111111111111111111111111111111111111111111111111111111111111111111111111111000000000000000000000000000011111111111111111111111111111111111111111110
111111111111111100000000000000000000000111111111111111111111111111111000000000111111111111111111111110000000000001111111111111111111111111111111111111111111111111111111111111111111111111111111111111111111111111111111111111111110000000000000000000000000000000111111111111111111111111111111111111111110
111111111111111100000000000000000000000000011111111111111111111111111000000000111111111111111111111110000000000000111111111111111111111111111111111111111111111111111111111111111111111111111111111111111111111111111111111111111110000000000000000000000000000000001111111111111111111111111111111111111110
111111111111111100000000000000000000000000011111111111111111111111111000000001111111111111111111111110000000000000011111111111111111111111111111111111111111111111111111111111111111111111111111111111111111111111111111111111111000000000000000000000000000000000000111111111111111111111111111111111111110
111111111111111111111111111111110000000000011111111111111111111111111000000011111111111111111111111110000000000000000000000000000000000111111111111111111111100000000000000000000000000000005501111111111111111111111111111111000000000000000000000000000000000000000111111111111111111111111111111111111110
111111111111111111111111111111111100000000011111111111111111111111110000000111111111111111111111111110000000000000000000000000000000000111111111111111111111100000000000000000000000000000005501111111111111111111111111111110000000000011000000000000110000000000000111111111111111111111111111111111111110
111111111111111111111111111111111110000000001111111111111111111111110000011111111111111111111111111110000000000000000000000000000000000111111111111111111111100000000000000000000000000000000001111111111111111111111111111110000000000011000000000001111000000000000111111111111111111111111111111111111110
111111111111111111111111111111111111000000000111111111111111111111100000111111111111111111111111111110000000000000000000000000000000000111111111111111111111000000000000000000000000000000000000111111111111111111111111111110000000000000000000000011111100000000000111111111111111111111111111111111111110
111111111111111111111111111111111111100000000011111111111111111111000001111111111111111111111111111110000000000000000000000000000000000011111111111111111110000000000000000000000000000000000000111111111111111111111111111000000000000000000000000011111100000000000111111111111111111111111111111111111110
111111111111111111111111111111111111100000000000111111111111111110000001111111111111111111111111111110000000000000000000000000000000000001111111111111111110000000000000000000000000000000000000011111111111111111111111111000000000000000000000000001111000000000000111111111111111111111111111111111111110
111111111111111111111111111111111111100000000000000000000000000000000001111111111111111111111111111110000000000000000000000000000000000000111111111111111100000000000000000000000000000000000000001111111111111111111111110000000000000000000000000000110000000000000111111111111111111111111111111111111110
111111111111111111111111111111111111111000000000000000000000000000000001111111111111111111111111111110000000000000000000000000000000000000001111111111110000000000000000000000000000000000000000000111111111111111111111105500000000000000000000000000000000000000000111111111111111111111111111111111111110
111111111111111111111111111111111111111100000000000000000000000000011111111111111111111111111111111111111111111111111111111111111111111000000000000000000000000001111111111111111111110000000000000000000000000000000000005500000000000000000000000000000000000000000111111111111111111111111111111111111110
111111111111111111111111111111111111111111000000000011000000000000111111111111111111111111111111111111111111111111111111111111111111111110000000000000000000000011111111111111111111111100000000000000000000000000000000000000000000000000000000000000000000000000000011111111111111111111111111111111111110
111111111111111111111111111111111111111111100000000011000000000001111111111111111111111111111111111111111111111111111111111111111111111111000000000000000000000111111111111111111111111111000000000000000000000000000000000000000000000000000000000000000000000000000011111111111111111111111111111111111110
111111111111111111111111111111111111111111110000000000000000000011111111111111111111111111111111111111111111111111111111111111111111111111000000000000000000001111111111111111111111111111000000000000000000000000000000000000000011000000000000000000000000000000000001111111111111111111111111111111111110
111111111111111111111111111111111111111111110000000000000000000011111111111111111111111111111111111111111111111111111111111111111111111111100000000000000000011111111111111111111111111111100000000000000000000000000000000000000111100000000000000000000000000000000000111111111111111111111111111111111110
111111111111111111111111111111111111111111111000000000000000000011111111111111111111111111111111111111111111111111111111111111111111111111105500000000000000011111111111111111111111111111110000000000000000000000000000000000001111110000000000000000000000000000000000011111111111111111111111111111111110
111111111111111111111111111111111111111111111000000000000000000011111111111111111111111111111111111111111111111111111111111111111111111111105500000000000000011111111111111111111111111111110000000000000000000000000000000000001111110000000000000000000000000000000000000001111111111111111111111111111110
111111111111111111111111111111111111111111111100000000000000000011111111111111111111111111111111111111111111111111111111111111111111111111110000000000000000011111111111111111111111111111111000000000000000000000000000000000000111100000000000000000000000000000000000000001111111111111111111111111111110
111111111111111111111111111111111111111111111111111111111111111111111111111111111111111111111111111111111111111111111111111111111111111111111111111111111111111111111111111111111111111111111100000000000000000011111100000000000011000000000000011111111111111111111111111111111111111111111111111111111110
111111111111111111111111111111111111111111111111111111111111111111111111111111111111111111111111111111111111111111111111111111111111111111111111111111111111111111111111111111111111111111111111000000000000000111111111105500000000000000000000111111111111111111111111111111111111111111111111111111111110
111111111111111111111111111111111111111111111111111111111111111111111111111111111111111111111111111111111111111111111111111111111111111111111111111111111111111111111111111111111111111111111111100000000000001111111111115500000000000000000001111111111111111111111111111111111111111111111111111111111110
111111111111111111111111111111111111111111111111111111111111111111111111111111111111111111111111111111111111111111111111111111111111111111111111111111111111111111111111111111111111111111111111110000000000001111111111110000000000000000000011111111111111111111111111111111111111111111111111111111111110
111111111111111111111111111111111111111111111111111111111111111111111111111111111111111111111111111111111111111111111111111111111111111111111111111111111111111111111111111111111111111111111111110000000000001111111111110000000000000000000011111111111111111111111111111111111111111111111111111111111110
111111111111111111111111111111111111111111111111111111111111111111111111111111111111111111111111111111111111111111111111111111111111111111111111111111111111111111111111111111111111111111111111110000000000011111111111110000000000000000055111111111111111111111111111111111111111111111111111111111111110
111111111111111111111111111111111111111111111111111111111111111111111111111111111111111111111111111111111111111111111111111111111111111111111111111111111111111111111111111111111111111111111111110000000000011111111111111000000000000000055111111111111111111111111111111111111111111111111111111111111110
111111111111111111111111111111111111111111111111111111111111111111111111111111111111111111111111111111111111111111111111111111111111111111111111111111111111111111111111111111111111111111111111111000000000111111111111111100000000000000000111111111111111111111111111111111111111111111111111111111111110
111111111111111111111111111111111111111111111111111111111111111111111111111111111111111111111111111111111111111111111111111111111111111111111111111111111111111111111111111111111111111111111111111111111111111111111111111111000000000001111111111111111111111111111111111111111111111111111111111111111110
111111111111111111111111111111111111111111111111111111111111111111111111111111111111111111111111111111111111111111111111111111111111111111111111111111111111111111111111111111111111111111111111111111111111111111111111111111110000000011111111111111111111111111111111111111111111111111111111111111111110
111111111111111111111111111111111111111111111111111111111111111111111111111111111111111111111111111111111111111111111111111111111111111111111111111111111111111111111111111111111111111111111111111111111111111111111111111111111000000111111111111111111111111111111111111111111111111111111111111111111110
111111111111111111111111111111111111111111111111111111111111111111111111111111111111111111111111111111111111111111111111111111111111111111111111111111111111111111111111111111111111111111111111111111111111111111111111111111111100001111111111111111111111111111111111111111111111111111111111111111111110
111111111111111111111111111111111111111111111111111111111111111111111111111111111111111111111111111111111111111111111111111111111111111111111111111111111111111111111111111111111111111111111111111111111111111111111111111111111110011111111111111111111111111111111111111111111111111111111111111111111110
111111111111111111111111111111111111111111111111111111111111111111111111111111111111111111111111111111111111111111111111111111111111111111111111111111111111111111111111111111111111111111111111111111111111111111111111111111111110011111111111111111111111111111111111111111111111111111111111111111111110
111111111111111111111111111111111111111111111111111111111111111111111111111111111111111111111111111111111111111111111111111111111111111111111111111111111111111111111111111111111111111111111111111111111111111111111111111111111110011111111111111111111111111111111111111111111111111111111111111111111110
111111111111111111111111111111111111111111111111111111111111111111111111111111111111111111111111111111111111111111111111111111111111111111111111111111111111111111111111111111111111111111111111111111111111111111111111111111111110011111111111111111111111111111111111111111111111111111111111111111111110
111111111111111111111111111111111111111111111111111111111111111111111111111111111111111111111111111111111111111111111111111111111111111111111111111111111111111111111111111111111111111111111111111111111111111111111111111111111111111111111111111111111111111111111111111111111111111111111111111111111110
111111111111111111111111111111111111111111111111111111111111111111111111111111111111111111111111111111111111111111111111111111111111111111111111111111111111111111111111111111111111111111111111111111111111111111111111111111111111111111111111111111111111111111111111111111111111111111111111111111111110
111111111111111111111111111111111111111111111111111111111111111111111111111111111111111111111111111111111111111111111111111111111111111111111111111111111111111111111111111111111111111111111111111111111111111111111111111111111111111111111111111111111111111111111111111111111111111111111111111111111110
111111111111111111111111111111111111111111111111111111111111111111111111111111111111111111111111111111111111111111111111111111111111111111111111111111111111111111111111111111111111111111111111111111111111111111111111111111111111111111111111111111111111111111111111111111111111111111111111111111111110
111111111111111111111111111111111111111111111111111111111111111111111111111111111111111111111111111111111111111111111111111111111111111111111111111111111111111111111111111111111111111111111111111111111111111111111111111111111111111111111111111111111111111111111111111111111111111111111111111111111110
111111111111111111111111111111111111111111111111111111111111111111111111111111111111111111111111111111111111111111111111111111111111111111111111111111111111111111111111111111111111111111111111111111111111111111111111111111111111111111111111111111111111111111111111111111111111111111111111111111111110
111111111111111111111111111111111111111111111111111111111111111111111111111111111111111111111111111111111111111111111111111111111111111111111111111111111111111111111111111111111111111111111111111111111111111111111111111111111111111111111111111111111111111111111111111111111111111111111111111111111110
111111111111111111111111111111111111111111111111111111111111111111111111111111111111111111111111111111111111111111111111111111111111111111111111111111111111111111111111111111111111111111111111111111111111111111111111111111111111111111111111111111111111111111111111111111111111111111111111111111111110
111111111111111111111111111111111111111111111111111111111111111111111111111111111111111111111111111111111111111111111111111111111111111111111111111111111111111111111111111111111111111111111111111111111111111111111111111111111111111111111111111111111111111111111111111111111111111111111111111111111110
111111111111111111111111111111111111111111111111111111111111111111111111111111111111111111111111111111111111111111111111111111111111111111111111111111111111111111111111111111111111111111111111111111111111111111111111111111111111111111111111111111111111111111111111111111111111111111111111111111111110
111111111111111111111111111111111111111111111111111111111111111111111111111111111111111111111111111111111111111111111111111111111111111111111111111111111111111111111111111111111111111111111111111111111111111111111111111111111111111111111111111111111111111111111111111111111111111111111111111111111110
111111111111111111111111111111111111111111111111111111111111111111111111111111111111111111111111111111111111111111111111111111111111111111111111111111111111111111111111111111111111111111111111111111111111111111111111111111111111111111111111111111111111111111111111111111111111111111111111111111111110
111111111111111111111111111111111111111111111111111111111111111111111111111111111111111111111111111111111111111111111111111111111111111111111111111111111111111111111111111111111111111111111111111111111111111111111111111111111111111111111111111111111111111111111111111111111111111111111111111111111110
111111111111111111111111111111111111111111111111111111111111111111111111111111111111111111111111111111111111111111111111111111111111111111111111111111111111111111111111111111111111111111111111111111111111111111111111111111111111111111111111111111111111111111111111111111111111111111111111111111111110
111111111111111111111111111111111111111111111111111111111111111111111111111111111111111111111111111111111111111111111111111111111111111111111111111111111111111111111111111111111111111111111111111111111111111111111111111111111111111111111111111111111111111111111111111111111111111111111111111111111110
111111111111111111111111111111111111111111111111111111111111111111111111111111111111111111111111111111111111111111111111111111111111111111111111111111111111111111111111111111111111111111111111111111111111111111111111111111111111111111111111111111111111111111111111111111111111111111111111111111111110
111111111111111111111111111111111111111111111111111111111111111111111111111111111111111111111111111111111111111111111111111111111111111111111111111111111111111111111111111111111111111111111111111111111111111111111111111111111111111111111111111111111111111111111111111111111111111111111111111111111110
111111111111111111111111111111111111111111111111111111111111111111111111111111111111111111111111111111111111111111111111111111111111111111111111111111111111111111111111111111111111111111111111111111111111111111111111111111111111111111111111111111111111111111111111111111111111111111111111111111111110
111111111111111111111111111111111111111111111111111111111111111111111111111111111111111111111111111111111111111111111111111111111111111111111111111111111111111111111111111111111111111111111111111111111111111111111111111111111111111111111111111111111111111111111111111111111111111111111111111111111110
111111111111111111111111111111111111111111111111111111111111111111111111111111111111111111111111111111111111111111111111111111111111111111111111111111111111111111111111111111111111111111111111111111111111111111111111111111111111111111111111111111111111111111111111111111111111111111111111111111111110
111111111111111111111111111111111111111111111111111111111111111111111111111111111111111111111111111111111111111111111111111111111111111111111111111111111111111111111111111111111111111111111111111111111111111111111111111111111111111111111111111111111111111111111111111111111111111111111111111111111110
111111111111111111111111111111111111111111111111111111111111111111111111111111111111111111111111111111111111111111111111111111111111111111111111111111111111111111111111111111111111111111111111111111111111111111111111111111111111111111111111111111111111111111111111111111111111111111111111111111111110
111111111111111111111111111111111111111111111111111111111111111111111111111111111111111111111111111111111111111111111111111111111111111111111111111111111111111111111111111111111111111111111111111111111111111111111111111111111111111111111111111111111111111111111111111111111111111111111111111111111110
111111111111111111111111111111111111111111111111111111111111111111111111111111111111111111111111111111111111111111111111111111111111111111111111111111111111111111111111111111111111111111111111111111111111111111111111111111111111111111111111111111111111111111111111111111111111111111111111111111111110
111111111111111111111111111111111111111111111111111111111111111111111111111111111111111111111111111111111111111111111111111111111111111111111111111111111111111111111111111111111111111111111111111111111111111111111111111111111111111111111111111111111111111111111111111111111111111111111111111111111110
111111111111111111111111111111111111111111111111111111111111111111111111111111111111111111111111111111111111111111111111111111111111111111111111111111111111111111111111111111111111111111111111111111111111111111111111111111111111111111111111111111111111111111111111111111111111111111111111111111111110
111111111111111111111111111111111111111111111111111111111111111111111111111111111111111111111111111111111111111111111111111111111111111111111111111111111111111111111111111111111111111111111111111111111111111111111111111111111111111111111111111111111111111111111111111111111111111111111111111111111110
