000000000000000000000000000000000000000000000000000000000000000000000000000000000000000000000000000000000000000000000000000000000000000000000000000000000000000000000000000000000000000000000000000000000000000000000000000000000000000000000000
011111111111111111111111111111111111111111111111111111111111111111111111111111111111111111111111111111111111111111111111111111111111111111111111111111111111111111111111111111111111111111111111111111111111111111111111111111111111111111111110
011111111111111111111111111111111111111111111111111111111111111111111111111111111111111111111111111111111111111111111111111111111111111111111111111111111111111111111111111111111111111111111111111111111111111111111111111111111111111111111110
011111111111111111111111111111111111111111111111111111111111111111111111111111111111111111111111111111111111111111111111111111111111111111111111111111111111111111111111111111111111111111111111111111111111111111111111111111111111111111111110
011111111111111111111111111111111111111111111111111111111111111111111111111111111111111111111111111111111111111111111111111111111111111111111111111111111111111111111111111111111111111111111111111111111111111111111111111111111111111111111110
011111111111111111111111111111111111111111111111111111111111111111111111111111111111111111111111111111111111111111111111111111111111111111111111111111111111111111111111111111111111111111111111111111111111111111111111111111111111111111111110
011111111111111111111111111111111111111111111111111111111111111111111111111111111111111111111111111111111111111111111111111111111111111111111111111111111111111111111111111111111111111111111111111111111111111111111111111111111111111111111110
011111111111111111111111111111111111111111111111111111111111111111111111111111111111111111111111111111111111111111111111111111111111111111111111111111111111111111111111111111111111111111111111111111111111111111111111111111111111111111111110
011111111111111111111111111111111111111111111111111111111111111111111111111111111111111111111111111111111111111111111111111111111111111111111111111111111111111111111111111111111111111111111111111111111111111111111111111111111111111111111110
011111111111111111111111111111111111111111111111111111111111111111111111111111111111111111111111111111111111111111111111111111111111111111111111111111111111111111111111111111111111111111111111111111111111111111111111111111111111111111111110
011111111111111111111111111111111111111111111111111111111111111111111111111111111111111111111111111111111111111111111111111111111111111111111111111111111111111111111111111111111111111111111111111111111111111111111111111111111111111111111110
011111111111111111111111111111111111111111111111111111111111111111111111111111111111111111111111111111111111111111111111111111111111111111111111111111111111111111111111111111111111111111111111111111111111111111111111111111111111111111111110
011111111111111111111111111111111111111111111111111111111111111111111111111111111111111111111111111111111111111111111111111111111111111111111111111111111111111111111111111111111111111111111111111111111111111111111111111111111111111111111110
011111111111111111111111111111111111111111111111111111111111111111111111111111111111111111111111111111111111111111111111111111111111111111111111111111111111111111111111111111111111111111111111111111111111111111111111111111111111111111111110
011111111111111111111111111111111111111111111111111111111111111111111111111111111111111111111111111111111111111111111111111111111111111111111111111111111111111111111111111111111111111111111111111111111111111111111111111111111111111111111110
011111111111111111111111111111111111111111111111111111111111111111111111111111111111111111111111111111111111111111111111111111111111111111111111111111111111111111111111111111111111111111111111111111111111111111111111111111111111111111111110
011111111111111111111111111111111111111111111111111111111111111111111111111111111111111111111111111111111111111111111111111111111111111111111111111111111111111111111111111111111111111111111111111111111111111111111111111111111111111111111110
011111111111111111111111111111111111111111111111111111111111111111111111111111111111111111111111111111111111111111111111111111111111111111111111111111111111111111111111111111111111111111111111111111111111111111111111111111111111111111111110
011111111111111111111111111111111111111111111111111111111111111111111111111111111111111111111111111111111111111111111111111111111111111111111111111111111111111111111111111111111111111111111111111111111111111111111111111111111111111111111110
011111111111111111111111111111111111111111111111111111111111111111111111111111111111111111111111111111111111111111111111111111111111111111111111111111111111111111111111111111111111111111111111111111111111111111111111111111111111111111111110
011111111111111111111111111111111111111111111111111111111111111111111111111111111111111111111111111111111111111111111111111111111111111111111111111111111111111111111111111111111111111111111111111111111111111111111111111111111111111111111110
011111111111111111111111111111111111111111111111111111111111111111111111111111111111111111111111111111111111111111111111111111111111111111111111111111111111111111111111111111111111111111111111111111111111111111111111111111111111111111111110
011111111111111111111111111111111111111111111111111111111111111111111111111111111111111111111111111111111111111111111111111111111111111111111111111111111111111111111111111111111111111111111111111111111111111111111111111111111111111111111110
011111111111111111111111111111111111111111111111111111111111111111111111111111111111111111111111111111111111111111111111111111111111111111111111111111111111111111111111111111111111111111111111111111111111111111111111111111111111111111111110
011111111111111111111111111111111111111111111111111111111111111111111111111111111111111111111111111111111111111111111111111111111111111111111111111111111111111111111111111111111111111111111111111111111111111111111111111111111111111111111110
011111111111111111111111111111111000000000000000000000111111111111111111111111111111111111111111111000000000000000000000000011111111111111111111111111111111111111111111111111111111111111111111111111111111111111111111111111111111111111111110
011111111111111111111111111111111000000000000000000000111111111111111111111111111111111111111111100000000000000000000000000011111111111111111111111111111111111111111111111111111111111111000000000000000001111111111111111111111111111111111110
011111111111111111111111111111111000000000000000000000111111111111111111111111111111111111111111101100000000000000000000000011111111111111111111111111111111111111111111111111111111111111000000000000000001111111111111111111111111111111111110
011111111111111111111111111111111000000000000000000000111111111111111111111111111111111111111111101100000000000000000000000011111111111111111111111111111111111111111111111111111111111100000000000000000011111111111111111111111111111111111110
011111111111111111111111111111111100000000000000000000111111111111111111111111111111111111111111000000000000000000000000000011111111111111111111111111111111111111111111111111111111111100011111000000001111111111111111111111111111111111111110
011111111111111111111111111111111100000000000000000000000001111111111111111111111111111111111110000000000000000000000000000011111111111111111111111111111111111111111111111111111111110000011111000000011111111111111111111111111111111111111110
011111111111111111111111111111111111000000000000000000000000111111111111111111111111111111111100000000000000000000000000000011111111111111111111111111111111111111111111111111111111110001111111000000111101111111111111111111111111111111111110
011111111111111111111111111111111111000000000000000000000000000000000000000000000000000000000000000000001100000000000000000000000111111111111111111111111111111111111111111111111110000011100000000000111000111111111111111111111111111111111110
011111111111111111111111111111110011000000000000000000000000000000000000000000000000000000000000000000001110000000000010000000000011111111111111111111111111111111000000000000000000000001000000000000000000011111111111111111111111111111111110
011111111111111111111111111111100000000000000000000000000000000000000000000000000000000000000000000000001110000000000000000000000001111111111111111111111111111111000000000000000000000000000000000000000000111111111111111111111111111111111110
011111111111111111111111100011100000000000000000000000000000000000000000000000000000000000000000000000001110000000000000000000000000111111111111111111111111111111000000000000000000000000000000000000000000111111111111111111111111111111111110
011111111111111111111111100001100000000000000000000000000000000000000000000000000000000000000000000000000110000000000000000000000000111111111111111111111111111111000000000000000000000000000000000000000000001111111111111111111111111111111110
011111111111111111111111100000100000000000000000000000000000000000000000000000100000000000000000000000000000000000000000000000000000111111111111111111111111111111000000000000000000000000000000000000000000001111001111111111111111111111111110
011111111111111111111111100000000000000000000000000000000000000000000000000000000000000000000000000000000000000000000000000000000000011111111111111111111111111100000000000000000000000000000000000000000000001111001111111111111111111111111110
011111111111111111111111100000000000000000000000000000000000000000000000000000000000000000000000000000000000000000000000000000000000001111111111111111111111111100000000000000000000000000000000000000000000000000001111111111111111111111111110
011111111111111111111111100000000000000000000000000000000000000000000000000000000000000000000000000000000000000000000000000000000000000011111111111111111111100000000000000000000000000000000000000000000000000000001111111111111111111111111110
111111111111111111111111100000000000000000000001000000000000000000000000000000000000000000000000000000000000000000000000000000000000000000000000000000000000000000000000000000000000000000000000000000000000000000001111111111111111111111111110
111111111111111111111111100001111100000000000000000000000000000000000000000000000000000000000000000000000000000000000000000000000000000000000000000000000000000000000000000000000000000000000000000000000000000000001111111111111111111111111110
111111111111111111111111100001111100000000000000000000000000000000000000000000000000000000000000000000000000110000000000010000000000000000000000000000000000000000000000000000000000000000000000000000000000000000001111111111111111111111111110
111111111111111111111111100001111100000000000000000000000000000000000000000000000000000000000000000000000011000100000001100000000000000000000000000000000000000000000000000000000000000000000000000000000000000000001111111111111111111111111110
111111111111111111111111100000100000000000000000000000000000000000000000000000000000000000000000000000000011000100000001100000000000000000000000000000000000000000000000000000000000000000000011100000000000001100001111111111111111111111111110
111111111111111111111111100000000000000000000000000000000000000000000000000000000000000000011000000000000011000100000001100000000000000000000000000000000000000000000000000000000000000000000011100000000000001100001111111111111111111111111110
111111111111111111111111100000000000000000000000000000000000000000000000000000000000000000111100000000000000000100000011100000000000000000000000000000000000000000000000000000000000000000000011100000000000001100001111111111111111111111111110
111111111111111111111111100000000000000000000000000000000000000000000000000000000000000000111100000000000000000100100011100000000000000000000000000000000000000000000000000000000000000000000000000000000000000000001111111111111111111111111110
111111111111111111111111100000000000000000000000000000000000000000000000000000000000000000011000000000000000000101100011100000000000000000000000000000000000000000000000000000000000000000000000000000000000000000001111111111111111111111111110
111111111111111111111111100000000000000000000000000011100000000000000000000000000000000000000000000000011100000111000011100011111000000000000000000000000000000000000000000000011110000000000000000000000000000000011111111111111111111111111110
111111111111111111111111100000000011110000000000000011111111111111111111111111111111111111111111111111111111111111000011111111111111111111111111111111111111111111111111111111111111000000000000000000000000000000111111111111111111111111111110
111111111111111111111111100000000111111000000000000011111111111111111111111111111111111111111111111111111111111100000011111111111111111111111111111111111111111111111111111111111111000000000000000000000000000111111111111111111111111111111110
111111111111111111111111100000001111111000000000000011111111111111111111111111111111111111111111111111111111111100000001111111111111111111111111111111111111111111111111111111111110000000000000000000001100001111111111111111111111111111111110
111111111111111111111111100000001111111000000000000011100000000000000000000000000000000000000000000000000000000100000001000000000000000000000000000000000000000001111100000000011110000000000000000000111110011111111111111111111111111111111110
111111111111111111111111100000000111111000000000000011100000000000000000000000000000000000000000000000000000000100000001000000000000000000000000000000000000000001111100000000011110000000000000000000111110111111111111111111111111111111111110
111111111111111111111111100000000011110000000000000011100000100000000000000000000000000000000000000000000000000100000001000000000000000000000000000000000000000000111000001000011110000000000000000000111111111111111111111111111111111111111110
111111111111111111111111100000000000000000000000000011100000000000000000000000000000000000000000000000000000000100000001000000000000000000000000000000000000000000000000000000011110000000000000000000111111111111111111111111111111111111111110
111111111111111111111111100000000000000000000000000011100000000000000000000000000000000000000000000000000000000100000001000000000000000000000000000000000000000000000000000000011110000000000000000000000001111111111111111111111111111111111110
111111111111111111111111110000000000000000000000000011100010000000000000000000000000000000000000000000000000000100000001000000000000000000000000000000000000000000000000000001011110000000000000000000000001111111111111111111111111111111111110
111111111111111111111111111111111100000000000000000011100000000000000000000000000000000000000000000000000000000100000001000000000000000000000000000000000000000000000000000000011110000000000000000000000001111111111111111111111111111111111110
111111111111111111111111111111111100000000000000000011100000000000000000000000000000000000000000000000000000000000000000000000000000000000000000000000000000000000000000000000011110000000000000000000000001111111111111111111111111111111111110
111111111111111111111111111111110000000000000000000011100000000000000000000000000000000000000000000000000000000000000000000000000000000000000000000000000000000000000000000000011110000000000000000000000001111111111111111111111111111111111110
111111111111111111111111111111110000000000000000000011100000000000000000000000000000000000000000000000000000000000000000000000000000000000000000000000000000000000000000000000011110000000000000000000000001111111111111111111111111111111111110
111111111111111111111111111111110000000000000000000011100000000000000000000000000000000000000000000000000000000000000000000000000000000000000000000000000000000000000000000000011110000000000000000000000001111111111111111111111111111111111110
111111111111111111111111111111110000000000000000000011100000000000000000000000000000000000000000000000000000000000000000000000000000000000000000000000000000000000000000000000011110000000000000000000000001111111111111111111111111111111111110
111111111111111111111111111111110000000000000000000011100000000000000000000000000000000000000000000000000000000000000000000000000000000000000000000000000000000000000000000000011110000000000000000000000001111111111111111111111111111111111110
111111111111111111111111111111110000000000000000000011100000000000000000000000000111000000000000000000000000000000000000000000000000000000000000000000000000000000000000000000011110000000000000000000000001111111111111111111111111111111111110
111111111111111111111111111111110000000000000000000011100000000000000000000000001111111111111111111111111111111111111111111111111111111111111111111111111000000000000000000000011110000000000000000000000001111111111111111111111111111111111110
111111111111111111111111111111110000000000000000000011100000000000000000000000001111111111111111111111111111111111111111111111111111111111111111111111111000000000000000000000011110000000000000000000000001111111111111111111111111111111111110
111111111111111111111111111111110000000000000000000011100000000000000000000000001111111111111111111111111111111111111111111111111111111111111111111111111000000000000000000000011110000000000000000000000001111111111111111111111111111111111110
111111111111111111111111111111110000000000000000000011100000000000000000000000000111100000000000000000000000000000000000111000000000000000000000000011000000000000000000000000011110000000000000000000000001111111111111111111111111111111111110
111111111111111111111111111111110000000000000000000011100000000000000000000000000001100000000000000000000000000000000011111000000000000000000000000011000000000000000000000000011110000000000000000000000001111111111111111111111111111111111110
111111111111111111111111111111110000000000000000011011100000000000000000000000000000000000000000000000000000000000000011111000000000000000000000000000000000000000011000000000011110000000000000000000000001111111111111111111111111111111111110
111111111111111111111111111111110000000000000000011011100000001000000001110000000000000000000000000000000000000000000011111000000000000000000000000000000000001110011000000000011110000000000000000000000001111111111111111111111111111111111110
111111111111111111111111111111110000000100000000000011100000000000000011111000000000000000000000000000000000000000000000000000000000000000000000000000000000001111000000000000011110000000000000000000000001111111111111111111111111111111111110
111111111111111111111111111111110000000000000000000011100000000000000011111000000000000000000000000000000000000000000000000000000000000000000000000000000000001111000000000000011110000000000000000000000001111111111111111111111111111111111110
111111111111111111111111111111110000000000000000000011100000000000000001110000000000000000000000000000000000000000000000000000000000000000000000000000000000001110000000000000011110000000000000000000000001111111111111111111111111111111111110
111111111111111111111111111111110000000000000000000011100000000000000001110110000000000000000000000000000000000000000000000000000000000000000000000000000000111110000000000000011110000000000000000000000001111111111111111111111111111111111110
111111111111111111111111111111110000000000000000000011100000000000000001110110000000000000000000000000000000000000000000000000000000000000000000000000000000111110000000000000011110000000000000000000000001111111111111111111111111111111111110
111111111111111111111111111111110000000000000000000011100000000000000001110000000000000000000000000000000011000000000000000000001100000000000000000000000000001110000000000000011110000000000000000000000000011111111111111111111111111111111110
111111111111111111111111111111110000000000000000000011100000000000000101110000000000000000000000000000000011000000000000000000001100000000000000000000000000001110000000000000011110000000000000000000000000011111111111111111111111111111111110
111111111111111111111111111111110000000000000000000011100000000000000001110000000000000000000000000000000000000000000000000000000000000000000000000000000000001110000000000000011110000000000000000000000000011111111111111111111111111111111110
111111111111111111111111111111110000000000000000000011100000000000000001110000000000000000000000000000000000011000001000100000110000000000000000000000000000001110000000000000011110000000000000000000000000001111111111111111111111111111111110
111111111111111111111111111111110000000000000000000011100000000000000001110000000000000000000000000000000000011000001000100000110000000000000000000000000000001110000000000000011110000000000000000000000000000000011111111111111111111111111110
111111111111111111111111111111110000000000000000000011100000000000000001110000000000000000000001110000000000011000001000100000110000000000000000000000000000001110000000000000011110000000000000000000000000000000011111111111111111111111111110
111111111111111111111111111111110000000000000000000011100000000000000001110000000000000000001101111000000000011000001000100000110000000000000000000000000000001110000000000000011110000000000000000000000000000000011111111111111111111111111110
111111111111111111111111111111110000000000000000000011100000000000000001110000000000000000001101111000000000011000001000100000110000000000000000000000000000001110000000000000011110000000000000000000000000000000011111111111111111111111111110
111111111111111111111111111111110000000000000000000011100100000000000001110000000000000000000001111000000000011000001000100000110000000000000000000000000000001110000000000000011110000000000000000000000000000000011111111111111111111111111110
111111111111111111111111111111110000000000000000011111100100000000000001110000000000000000011111111111111111111000001000100000111111111111111111111000000000001110000000000000011110000000000000000000000000000000011111111111111111111111111110
111111111111111111111111111111110000000000000000011111100000000000000001110000000000000000011111100000000000011000001000100000110000000000000011111000000000001110000000000000011110000000000000000000000000000000011111111111111111111111111110
111111111111111111111111111111110000000000000000000011100000000000000001110000000000000000011111100000000000000000000000000000000110000000000011111000000000001110000000000000011110000000000000000000000000000000011111111111111111111111111110
111111111111111111111111111111110000000000000100000011100000000000000001110000000000000000011111100000000011000000000000000000000111000000000011111000000000001110000000000000011110000000000000000000000000000000011111111111111111111111111110
111111111111111111111111111111110000000000000000000011100000000000000001110000000000000000011111100000000111100000000000000000011111100000000011111000000000001110000000000000011110000000000000000000000000000000011111111111111111111111111110
111111111111111111111111111111110000000000000000000011100000000000001101110000000000000000010000000000001111110000000000000000011111110000000000001000000000001110000000000000011110000000000000000000000000000000011111111111111111111111111110
111111111111111111111111111111110000000000000000000011100000000000001101110000000000000011110000000011011111111000000000000000011111111000000000001000000000001110000000000000011110000000000000000000000000000000011111111111111111111111111110
111111111111111111111111111111110000000000000000000011100000000000000001110000000000000011110000000011111111110000000000000000001111111100000000001000000000001110000000000000011110000000000000000000000000000000011111111111111111111111111110
111111111111111111111111111111110000000000000000000011100000000000000001110000000000000011110000000001111111100000000000000000001111111110000000001000000000001110000000000000011110000000000000000000000000000000011111111111111111111111111110
111111111111111111111111111111110000000000000000000011100000000000000001110000000000000011110000000011111111000000000000000000000111111111000000001000000000001110000000000000011110000000000000000000000000000000111111111111111111111111111110
111111111111111111111111111111110000000000000000000011100000000000000001110000000000000000010000000111111111000000000000000000000001111111100000001000000000001110000000000000011110000000000000000000000000000001111111111111111111111111111110
111111111111111111111111111111110000000000000000000011100000000000000001110010000000000000010000001111111110000000000000000000000000111111110000001000000000001110000000000000011110000000000000000000000000011111111111111111111111111111111110
111111111111111111111111111111110000000000000000000011100000000000000001110000000000000000010000111111111100000001000000000000100000011111111000001000000000001110000000000000011110000000000000000000000000111111111111111111111111111111111110
111111111111111111111111111111110000000000000000000011100000000000000001110000000000000000010000111111110000000000000000000000000000001111111100001000110000001110000000000000011110000000000000001111100000111111111111111111111111111111111110
111111111111111111111111111111110000000000000000000011100000000000000001110000000000000000010001111111100000000000000000000000000000001111111110001000111000001110000000000000011110000000000000001111100001111111111111111111111111111111111110
111111111111111111111111111111110000000000000000000011100000000000000001110000000000000000010111111111000000000000000000000000000000000111111111001000100000001110000000000000011110000000000000001111100011111111111111111111111111111111111110
111111111111111111111111111111110000000000000000000011100000000000000001110000000000000000010111111110000000000000000000000000000000000011111111101000000000001110000000000000011110000000000000011111100011111111111111111111111111111111111110
111111111111111111111111111111110011000000000000000011100000000000000001110000000000000000010011111100000000000000000000000000000000000000111111001000000000001110000000000000011110000000000000011111111111111111111111111111111111111111111110
111111111111111111111111111111110011000000000000000011100000000000000001110000000000000000010001111100000000000000000000000000000001000000011110001000000000001110000000000000011110000000000000011111111111111111111111111111111111111111111110
111111111111111111111111111111110000000000000000000011110000000000000001110000000011000001110000111000000000000000000000000000000000000000001100001000000000001110000000000000011110000000000000001111111111111111111111111111111111111111111110
111111111111111111111111111111110000000000000000000011100000000000000001110000000011000001110000111000000000000000000000000000000000000000000000001111111000001110000000000000011110000000000000001111111111111111111111111111111111111111111110
111111111111111111111111111111110000000000000000000011100000000000000001110000000000011111111000111000000000000000000000000000000000000000000000011111111000001110000000000000011110000000000000001111111111111111111111111111111111111111111110
111111111111111111111111111111110000000000000000000011100000000000000001110000000001111111111000000000000000000000000000000000000000000110000000000000000000001110000000000000011110000000110000001111111111111111111111111111111111111111111110
111111111111111111111111110000000000000000000000000011100000000000000001110000000000000000000000000001100000000000000000000000000000000110000000000000000000001110000000000000011110000000110000001111111111111111111111111111111111111111111110
111111111111111111111111100000001000000000001100000011100000000000000001110000000000000000000000000001100000000000001110000000000000000000000000000000000000001110000000011111111111111110000000000111111111111111111111111111111111111111111110
111111111111111111111111100000000000000000001100000011100000000000000001110000000000000000000000000000000000000000001110000000000000000000000000000000000000001110000000000000000110000000000000000111111111111111111111111111111111111111111110
111111111111111111111111100000000000000000000111111111111111111000000001110000000000000000000000000000000000000000001110000000000000000000000000011111111000001110000000000000000011100000000000000111111111111111111111111111111111111111111110
111111111111111111111111100000000000000000000111111111111111111000000001110000000000000000000000000000000000000000000000011000000000000000000000011111111000001110000000000000000000000000000000000111111111111111111111111111111111111111111110
111111111111111111111111111000010000000000000000000000000000000000000001110000000000011111111000000000000000000000000011111100000000000000000000000000000000001110000000000000000000000000000000000111111111111111111111111111111111111111111110
111111111111111111111111110000000000000000000000000000000000000000000001110000000000000000000000000000000000000000000011111100000000000000000000000000000000001110000000000000000000000000000000000111111111111111111111111111111111111111111110
111111111111111111111111110000000000000000000000000000000000000000000001110000000000000000000000000000000000000000000111111100000000000000000000011111111000001110000000000000000000000000000000000111111111111111111111111111111111111111111110
111111111111111111111111110000000000000000000000000000000000000000000001110000000000000000000000000000000000000000110011111100000000000000000000011111111000001110000000000000001111110000000000000111111111111111111111111111111111111111111110
111111111111111111111111110011110000000000000000001100000000000000000001110000000000011111111000000000000000000000110011111100000000000000000000000000000000001110000000111111111111111110000000000111111111111111111111111111111111111111111110
111111111111111111111111110011110000000000000000000111000000000000000001110000000000000000000000000000000000000000000001111000000000000000000000000000000000001110000000011111111110000000010000000111111111111111111111111111111111111111111110
111111111111111111111111110011110000000000000111111111111111111000000001110000000000000000000000000000000000000000000000000000000000000110000000000000000000001110000000000001111110000000000000000111111111111111111111111111111111111111111110
111111111111111111111111110011110000000000001111111111111111111000000001110011000000000000000000000000100000000000000000000000000000000110000000000000000000001110000000000001111110000000000000000111111111111111111111111111111111111111111110
111111111111111111111111110011110000000000001100000011100000000000000001110011000000000000000000000000000000000000000000000000000000000000000000011111111000001110000000000000011110000000000000000111111111111111111111111111111111111111111110
111111111111111111111111110000000000000000000000000011100000000000000001110000000000000000000000011000000000000000000000000000000000000000001000011111111000001110000000000000011110000000000000000111111111111111111111111111111111111111111110
111111111111111111111111110000000000000000000000000011100000000000000001110000000000111111110000011100000000000000000000000000000000000000111100001000010000001110000000000000011110000000000000000111111111111111111111111111111111111111111110
111111111111111111111111110000000000000000000000000011100000000000000001110000000000011111110000111100000000000000000000000000000000000001111110001000000000001110000000000000011110000000000000000111111111111111111111111111111111111111111110
111111111111111111111111110000010000000000000000000011100000000000000001110000000011000011110001111111000000000000000000000000000000000001111111101000000000001110000000000000011110000000000000000111111111111111111111111111111111111111111110
111111111111111111111111100000000000000000000000000011110000000000000001110000000011000000010011111111100000000000000000000000000000000011111111101000000000001110000000000000011110000000000000000111111111111111111111111111111111111111111110
111111111111111111111111100000000000000000000000000011110000000000000001110000000000000000010001111111110000000000000000000000000000000111111110001000000000001110000000000000011110000000000000000111111111111111111111111111111111111111111110
111111111111111111111111100000000000000000000000000011100000000000000001110000000000000001110000111111110000000000000000000000000000001111111100001000000000001110000000000000011110000000000000000111111111111111111111111111111111111111111110
111111111111111111111111100000000000000000000000000011100000000000000001110000000000000011110000011111111000000000000000000000000000011111111000001000000000001110000000000000011110000000000000000111111111111111111111111111111111111111111110
111111111111111111111111110000000000000000000000000011100000000000000001110000000000000011110000001111111100000000000000000011000001111111110000001000000000001110000000000000011110000000000000000111111111111111111111111111111111111111111110
111111111111111111111111111100000000000000000000000011100000000000000001110000000000000011110000000111111110000000000000000011000011111111100000001000000000001110000000000000011110000000000000000111111111111111111111111111111111111111111110
111111111111111111111111111100000000000000000000000011101100000000000001110000000000000000010000000011111111000000100000000000000011111111000000001000000000001110000000000000011110000000000000000111111111111111111111111111111111111111111110
111111111111111111111111111100000000011000000000000011101100000000000001110000000000000000010000000001111111110000000000000000000111111110000000001000000000001110000000000000011110000000000000001111111111111111111111111111111111111111111110
111111111111111111111111111111000000011000000000000011100000000000000001110000000000000000010000000000111111111000000000000000001111111100000000001000000000001110000000000000011110000000000000111111111111111111111111111111111111111111111110
111111111111111111111111111111000000000000000000000011100000000000000001110000000000000000010000000000011111111000000000000000011111111000000000001000000000001110000000000000011110000000000000111111111111111111111111111111111111111111111110
111111111111111111111111111111100000000000000000000011100000000000000001110000000000000000011100000000001111111100000000000000011111110000000000001000000000001110000000000000011110000000000000111111111111111111111111111111111111111111111110
111111111111111111111111111111111000000000000000000011100000000000000001110000000000000000011100000000000111111000000000000000001111100000000000001000000000001110000000000000011110000000000000000111111111111111111111111111111111111111111110
111111111111111111111111111111111000000000000000000011100000000000000001110000000000000000011111000000000011111000000000000000000111000000000011111000000000001110000000000000011110000000000000000111111111111111111111111111111111111111111110
111111111111111111111111111111111000000000000000000011100000000000111001110000000000000000011111000000000001111000000000000000000010000000000011111000000000001110000000000000011110000000000000000111111111111111111111111111111111111111111110
111111111111111111111111111111111000000000000000000011100000000000111001110000000000000000011111000000000000110000000000000000000000000000000011111110000000001110000000000000011110000000000000000111111111111111111111111111111111111111111110
111111111111111111111111111111111100000000000000000011100000000000111001110000000000000001111111000000000000000110000110011000011100000000000011111110000000001110000000000000011110000000000000000111111111111111111111111111111111111111111110
111111111111111111111111111111111100000000000000000011100000000000000001110000000000000001111111111111111111111110000110011000011111111111111111111110000000001110000000000000011110000000000000000011111111111111111111111111111111111111111110
111111111111111111111111111111111110000000000000000011100000000000000001110000000000000000000000111110000000000110000110011000011111100110000000011000000000001110000000000000011110000000000000000011111111111111111111111111111111111111111110
111111111111111111111111111111111111111000000000000011100000000000000001110000000000000000000000111110000000000110000110011000011111100110000000011000000000001110000000000000011110000000000000000011111111111111111111111111111111111111111110
111111111111111111111111111111111111111100000000000011101100000000000001110000000000000000000000001110000000001110000110011000011100000000000000000000000000001110000000000000011110000000000000000011111111111111111111111111111111111111111110
111111111111111111111111111111111111111100000000000011101100000000000001110100000000000000000000001110000000001110000110011000011100011000000000000000000000001110000000000000011110000000000000000001111111111111111111111111111111111111111110
111111111111111111111111111111111111111100000000000011100000000000000001110100000000000000000000001110000000001110000110011000011100011000000000000000000000001110000000000000011110000000000000000000111111111111111111111111111111111111111110
111111111111111111111111111111111111111100000000000011100000000000000001110000000000000000000000000000000000000110000110011000011100000000000000000000000000001110000000000000011110000000000000000000000111111111111111111111111111111111111110
111111111111111111111111111111111111111100000000000011100000000000000001110000000000000000000000000000000000000110000000000000001000000000000000000000000000001110000000000000011110000000000000000000000011111111111111111111111111111111111110
111111111111111111111111111111111111111100000000000011100000000000000001110000000000000000000000010000000000110000000000000000000011000000000000000000000000001110000000000000011110000000000000000000000011111111111111111111111111111111111110
111111111111111111111111111111111111111100000000000011100000000000000001110000000000000000000000000000000000110000000000000000000011000000000000000000000000001110000000000000011110000000000000000000000011111111111111111111111111111111111110
111111111111111111111111111111111111111100000000001111100000000000000001110000000000000000000000000000000000000000000000000000000000000000000000000000000000001110000000000000011110000000000000000000000011111111111111111111111111111111111110
111111111111111111111111111111111111111100000000001111100000000000000001111110000000000000000000000000000000000000000000000000000000000000000000000000000000001110000000000001111110000000000000000000000011111111111111111111111111111111111110
111111111111111111111111111111111111111100000000000011100000000000000001111110000000000000000000000000000000000000000000000000000000000000000000000000000000001110000000000001111110000000000000000000000011111111111111111111111111111111111110
111111111111111111111111111111111111111100000000000011100000000000000011111000000000000000000000000000000000000000000000000000000000000000000000000000000000001110000000000000011110000000000000000000000011111111111111111111111111111111111110
111111111111111111111111111111111111111100000000000011100000000000000011111000000000111100000000000000000000000000000000000000000000000000000000000000000000001110000000000000011110000000000000000000000011111111111111111111111111111111111110
111111111111111111111111111111111111111100000000000011100000000000000001110000000000111100000000000000000000000000000000000000000000000000000000000000000000001110000000000000011110000000000000000010000011111111111111111111111111111111111110
111111111111111111111111111111111111111100000000000011100000000000000000000000000000111100000000000000000000000000000000000000000000000000000000000000000000011111000000000000011110000000000000000000000011111111111111111111111111111111111110
111111111111111111111111111111111111111100000000000011100000000000000000000000000111111100000000000000000000000000000000000000000000000000000000000000000000001110000000000000011110000000000000000000000011111111111111111111111111111111111110
111111111111111111111111111111111111111100000000000011100000000000000000000000000111111100000000000000000000000000000000000000000000000000000000000000000000000000000000000000011110000000000000000000000011111111111111111111111111111111111110
111111111111111111111111111111111111111100000000000011100000000000000000000000011111111111111111111111111111111111111111111111111111111111111111111111100000000000000000000000011110000000000000000001111011111111111111111111111111111111111110
111111111111111111111111111111111111111100000000000011100000000000000000000000011111111111111111111111111111111111111111111111111111111111111111111111110000000000000000000000011110000000000000000001111011111111111111111111111111111111111110
111111111111111111111111111111111111111100000000000011100000000000000000000000011111111111111111111111111111111111111111111111111111111111111111111111110000000000000000000000011110000000000000000001111011111111111111111111111111111111111110
111111111111111111111111111111111111111100000000000011100000000000000000000000011110000000000000000000000000000000000000000000000000000000000000000011100000000000000000000000011110000000000000000001111011111111111111111111111111111111111110
111111111111111111111111111111111111111100000000000011100000000000000000000000000000000000000000000000000000000000000000000000000000000000000000000000000000000000000000000000011110000000000000000001111011111111111111111111111111111111111110
111111111111111111111111111111111111111100000000000011100000000000000000000000000000000000000000000000000000000000000000000000000000000000000000000000000000000000000000000000011110000000000000000000000011111111111111111111111111111111111110
111111111111111111111111111111111111111100000000000011100000000000000000000000000000000000000000000000000000000000000000000000000000000000000000000000000000000000000000000000011110000000000000000000000011111111111111111111111111111111111110
111111111111111111111111111111111111111100000000000011100000000000000000000000000000000000000000000000000000000000000000000000000000000000000000000000000000000000000000000000011110000000000000000000000011111111111111111111111111111111111110
111111111111111111111111111111111111111100000000000011100000000000000000000000000000000000000000000000000000000000000000000000000000000000000000000000000000000000000000000000011110000000000000000010000011111111111111111111111111111111111110
111111111111111111111111111111111111111100000000000011100000000000000000000000000000000000000000000000000000000000000000000000000000000000000000000000000000000000000000000000011110000000000000000010000011111111111111111111111111111111111110
111111111111111111111111111111111111111100000000000011100000000000000000000000000000000000000000000000000000000000000000000000000000000000000000000000000000000000000000000011011110000000000000000000000011111111111111111111111111111111111110
111111111111111111111111111111111111111100000000000011100001100000000000000000000000000000000000000000000000000000010000000110000000000000000000000000000000000000000000000011011110000000000000000000000011111111111111111111111111111111111110
111111111111111111111111111111111111111100000000000011100001100000000000000000000000000000000000000000000000000000010000000110000000000000000000000000000000000000000000000000011110000000000000000000000011111111111111111111111111111111111110
111111111111111111111111111111111111111100000000000011100000000000000000000000000000000000000000000000000000000000010000000110000000000000000000000000000011000000000000000010011110000000000000000000000011111111111111111111111111111111111110
111111111111111111111111111111111111111100000000000011100000011000000000000000000000000000000000000000000000000000010000000110000000000000000000000000000111100000000000000000011110000000000000000000000011111111111111111111111111111111111110
111111111111111111111111111111111111111100000000000011100000011000000000000000000000000000000000000000000000000000010000000110000000000000000000000000001111100000000000000000011110000000000000000000000011111111111111111111111111111111111110
111111111111111111111111111111111111111100000000000011100000000000000000000000000000000111000000000000000000000000010000000110000000000000000000000000000111100000000000010000011110000000000000000000000011111111111111111111111111111111111110
111111111111111111111111111111111111111100000000000011100000000000000000000000000000000111000000000000000000000000010000000110000000000000000000000000000011000000000000000000011110000000000000000000000011111111111111111111111111111111111110
111111111111111111111111111111111111111100000000000011110000000000000000000000000000000111000000000000000000000000010000000110011110000000000000000000000000000000000000000000011110000000000000000000000011111111111111111111111111111111111110
111111111111111111111111111111111111111100000000000011111111111111111111111111111111111111111111111111111111111111111000000111111111111111111111111111111111111111111111111111111110000000000000000000000011111111111111111111111111111111111110
111111111111111111111111111111111111111100000000000011111111111111111111111111111111111111111111111111111111111111111000001111111111111111111111111111111111111111111111111111111110000000000000000000000011111111111111111111111111111111111110
111111111111111111111111111111111111111111000000000011111111111111111111111111111111111111111111111111111111111111111000011111111111111111111111111111111111111111111111111111111110000000000000000000000011111111111111111111111111111111111110
111111111111111111111111111111111111111111000000000011110000000000000000000000000000000000000000000000000000000000011000011110011110000000000000000000000000000000000000000000011110000000000000000000000011111111111111111111111111111111111110
111111111111111111111111111111111111111100000000000000000000000000000001110000000000000000000000000000000000000000011000010110000000000000000000000000000000000000000000000000000000000000000000000000000011111111111111111111111111111111111110
111111111111111111111111111111111111111100000000000000000000000000000011110000000000000000000000000000000000000000011000000110000000000000000000000000000000000000000000000000000000000000000000000000000011111111111111111111111111111111111110
111111111111111111111111111111111111111100000000000000000000000000000011110000000000000000000000000000000000000000010000000110000000000000000000000000000000000000000000000000000000000000000000000000000011111111111111111111111111111111111110
111111111111111111111111111111111111111100000000000011000000000000000000000000000000000000000000000000000000000000010000000110000000000000000000000000000000000000000000000000000000000000000000100000000011111111111111111111111111111111111110
111111111111111111111111111111111111110000000000000011000000000000000000000000000000000000000000000000000000000000010000000110000000000000000000000000000000000000000000000000000000000000000000000011000011111111111111111111111111111111111110
111111111111111111111111111111111100000000000000000000000000000000000000000000000000000000000000000000000000000011000000000001000000000000000000000000000000000000000000000000000000000000000000011111100011111111111111111111111111111111111110
111111111111111111111111111111111100000000000000000000000000000000000000000000000000000000000000000000000000000000000000000000000000000000000000000000000000000000000000000000000000000000000000011111111111111111111111111111111111111111111110
111111111111111111111111111111111100000110000000000000000000000000000000000000000000000000000000000000000000000000000000000000000000000000000000000000000000000000000000000000000000000000000000011111111111111111111111111111111111111111111110
111111111111111111111111111111111100000110000000000000000000000000000000000000000000000000000000000000000000000000000000000000000000000000000000000000000000000000000000000000000000000000000000011111111111111111111111111111111111111111111110
111111111111111111111111111111111100000000000000000000000000000000000000000000000000000000000000000000000000000000000000000000000000000000000000000000000000000000000000000000000000000000000000011111111111111111111111111111111111111111111110
111111111111111111111111111111111111100000000000000000000000000000000000000000000000000000000000000000000000000000000000000000000000000000000000000000000000000000000000000000000000000001000000011111111111111111111111111111111111111111111110
111111111111111111111111111111111111100000000000000000000000000000000000000000000000000000000000000000000000000000000000000000000000000000000000000000000000000000000000000000000000000000000000111111111111111111111111111111111111111111111110
111111111111111111111111111111111111111000000000000000000000000000000000000000000000000000000000000000000000000000000000000000000000000000000000000000000000000000000000000000000000000000000111111111111111111111111111111111111111111111111110
111111111111111111111111111111111111110000000000000000000000000000000000000000000000000000000000000000000000000000000000000000000000000000000000000000000000000000000000000000000000000001100111111111111111111111111111111111111111111111111110
111111111111111111111111111111111111111000000000000000000000000000000000000000000000000000000000000000000000000000000000000000000000000000000000000000000000000000000000000000000000000001100111111111111111111111111111111111111111111111111110
111111111111111111111111111111111111111100000011000000000000000000000000000000000000000000000000000000000111111111111111111111111111110000000000000000000000000000011100000000000000000000000111111111111111111111111111111111111111111111111110
111111111111111111111111111111111111111110111111000000000000011000000000000000000000000000000000000011111111111111111111111111111111111100000000000000000000000000011100000000000000000000001111111111111111111111111111111111111111111111111110
111111111111111111111111111111111111111111111111000000000000011000000000000000000000000000000000000011111111111111111111111111111111111100000000000000000000000000011100000000000000000000001111111111111111111111111111111111111111111111111110
111111111111111111111111111111111111111111111111000000000000000000000000000000000000111000000000000011111111111111111111111111111111111100000000000000000000000000000000000000000000000000011111111111111111111111111111111111111111111111111110
111111111111111111111111111111111111111111111111100000000000000000000000000000000000111000000000000111111111111111111111111111111111111111000000000000000000000000000000010000000000000000011111111111111111111111111111111111111111111111111110
111111111111111111111111111111111111111111111111110000000000000000000000000000000000111000000000000111111111111111111111111111111111111111100000000000000000000000000000000000000000000000011111111111111111111111111111111111111111111111111110
111111111111111111111111111111111111111111111111110000000000000000000000000000000000111000000000000111111111111111111111111111111111111111100000000000000000000000000000000000000000000000011111111111111111111111111111111111111111111111111110
111111111111111111111111111111111111111111111111110000000000000000000000000000000000000000000000001111111111111111111111111111111111111111100000000000000000000000000000000000000000000000111111111111111111111111111111111111111111111111111110
111111111111111111111111111111111111111111111111111111111111111111111111111111111111111111111111111111111111111111111111111111111111111111111111111111111111111111111111111111111111111111111111111111111111111111111111111111111111111111111110
111111111111111111111111111111111111111111111111111111111111111111111111111111111111111111111111111111111111111111111111111111111111111111111111111111111111111111111111111111111111111111111111111111111111111111111111111111111111111111111110
111111111111111111111111111111111111111111111111111111111111111111111111111111111111111111111111111111111111111111111111111111111111111111111111111111111111111111111111111111111111111111111111111111111111111111111111111111111111111111111110
111111111111111111111111111111111111111111111111111111111111111111111111111111111111111111111111111111111111111111111111111111111111111111111111111111111111111111111111111111111111111111111111111111111111111111111111111111111111111111111110
111111111111111111111111111111111111111111111111111111111111111111111111111111111111111111111111111111111111111111111111111111111111111111111111111111111111111111111111111111111111111111111111111111111111111111111111111111111111111111111110
111111111111111111111111111111111111111111111111111111111111111111111111111111111111111111111111111111111111111111111111111111111111111111111111111111111111111111111111111111111111111111111111111111111111111111111111111111111111111111111110
111111111111111111111111111111111111111111111111111111111111111111111111111111111111111111111111111111111111111111111111111111111111111111111111111111111111111111111111111111111111111111111111111111111111111111111111111111111111111111111110
111111111111111111111111111111111111111111111111111111111111111111111111111111111111111111111111111111111111111111111111111111111111111111111111111111111111111111111111111111111111111111111111111111111111111111111111111111111111111111111110
111111111111111111111111111111111111111111111111111111111111111111111111111111111111111111111111111111111111111111111111111111111111111111111111111111111111111111111111111111111111111111111111111111111111111111111111111111111111111111111110
111111111111111111111111111111111111111111111111111111111111111111111111111111111111111111111111111111111111111111111111111111111111111111111111111111111111111111111111111111111111111111111111111111111111111111111111111111111111111111111110
111111111111111111111111111111111111111111111111111111111111111111111111111111111111111111111111111111111111111111111111111111111111111111111111111111111111111111111111111111111111111111111111111111111111111111111111111111111111111111111110
111111111111111111111111111111111111111111111111111111111111111111111111111111111111111111111111111111111111111111111111111111111111111111111111111111111111111111111111111111111111111111111111111111111111111111111111111111111111111111111110
111111111111111111111111111111111111111111111111111111111111111111111111111111111111111111111111111111111111111111111111111111111111111111111111111111111111111111111111111111111111111111111111111111111111111111111111111111111111111111111110
111111111111111111111111111111111111111111111111111111111111111111111111111111111111111111111111111111111111111111111111111111111111111111111111111111111111111111111111111111111111111111111111111111111111111111111111111111111111111111111110
111111111111111111111111111111111111111111111111111111111111111111111111111111111111111111111111111111111111111111111111111111111111111111111111111111111111111111111111111111111111111111111111111111111111111111111111111111111111111111111110
111111111111111111111111111111111111111111111111111111111111111111111111111111111111111111111111111111111111111111111111111111111111111111111111111111111111111111111111111111111111111111111111111111111111111111111111111111111111111111111110
111111111111111111111111111111111111111111111111111111111111111111111111111111111111111111111111111111111111111111111111111111111111111111111111111111111111111111111111111111111111111111111111111111111111111111111111111111111111111111111110
111111111111111111111111111111111111111111111111111111111111111111111111111111111111111111111111111111111111111111111111111111111111111111111111111111111111111111111111111111111111111111111111111111111111111111111111111111111111111111111110
111111111111111111111111111111111111111111111111111111111111111111111111111111111111111111111111111111111111111111111111111111111111111111111111111111111111111111111111111111111111111111111111111111111111111111111111111111111111111111111110
111111111111111111111111111111111111111111111111111111111111111111111111111111111111111111111111111111111111111111111111111111111111111111111111111111111111111111111111111111111111111111111111111111111111111111111111111111111111111111111110
111111111111111111111111111111111111111111111111111111111111111111111111111111111111111111111111111111111111111111111111111111111111111111111111111111111111111111111111111111111111111111111111111111111111111111111111111111111111111111111110
111111111111111111111111111111111111111111111111111111111111111111111111111111111111111111111111111111111111111111111111111111111111111111111111111111111111111111111111111111111111111111111111111111111111111111111111111111111111111111111110
111111111111111111111111111111111111111111111111111111111111111111111111111111111111111111111111111111111111111111111111111111111111111111111111111111111111111111111111111111111111111111111111111111111111111111111111111111111111111111111110
111111111111111111111111111111111111111111111111111111111111111111111111111111111111111111111111111111111111111111111111111111111111111111111111111111111111111111111111111111111111111111111111111111111111111111111111111111111111111111111110
111111111111111111111111111111111111111111111111111111111111111111111111111111111111111111111111111111111111111111111111111111111111111111111111111111111111111111111111111111111111111111111111111111111111111111111111111111111111111111111110
111111111111111111111111111111111111111111111111111111111111111111111111111111111111111111111111111111111111111111111111111111111111111111111111111111111111111111111111111111111111111111111111111111111111111111111111111111111111111111111110
111111111111111111111111111111111111111111111111111111111111111111111111111111111111111111111111111111111111111111111111111111111111111111111111111111111111111111111111111111111111111111111111111111111111111111111111111111111111111111111110
111111111111111111111111111111111111111111111111111111111111111111111111111111111111111111111111111111111111111111111111111111111111111111111111111111111111111111111111111111111111111111111111111111111111111111111111111111111111111111111110
111111111111111111111111111111111111111111111111111111111111111111111111111111111111111111111111111111111111111111111111111111111111111111111111111111111111111111111111111111111111111111111111111111111111111111111111111111111111111111111110
