00000000000000000000000000000000000000000000000000000000000000000000000000000000000000000000000000000000000000000000000000000000000000000000000000000000000000000000000000000000000000000000000000000000
11111111111111111111111111111111111111111111111111111111111111111111111111111111111111111111111111111111111111111111111111111111111111111111111111111111111111111111111111111111111111111111111111111110
11111111111111111111111111111111111111111111111111111111111111111111111111111111111111111111111111111111111111111111111111111111111111111111111111111111111111111111111111111111111111111111111111111110
11111111111111111111111111111111111111111111111111111111111111111111111111111111111111111111111111111111111111111111111111111111111111111111111111111111111111111111111111111111111111111111111111111110
11111111111100000000000011111000011111111111111111111111111111111111111100000000000000010000111111111111111100001000000000000000111111111111111111111111111111111111111111111111111111111111111111111110
11110000000100000000000000001000011111111111111111111111111111111111111100000000000000000000111111111111111100000000000000000000111111111111111111111111111111111111111111111111111111111111111111111110
11110000000100000000000000001000000011111111111111111111111111111111111100000011000000000011111111111111111111000000000011000000111111111111111111111111111111111111111111111111111111111111111111111110
11110011110100011111111110001000000111111111111111111111111111111111111100000011000000000011111111111111111111000000000011000000111111111111111111111111111111111111111111111111111111111111111111111110
11110011110100100000000001001000000111111111111111111111111111111111111100000000000000000011111111111111111111000000000000000000111111111111111111111111111111111111111111111111111110000000111111111110
11110011110100001000000000000000000111111111111111111111111111111111111100000000000000000011111111100111111111000000000000000000111111111111111111111111111111111111111111111111111110000000111111111110
11110000000000001000000000000000000011111111111111111111111111111111111100000000000000000011111111000011111111000000000000000000111111111111111111111111111111111111111111111111111110000000111111111110
11110000000000000000000000000000000011111111111111111111111111111111111100000000000000000011111111000011111111000000000000000000111111111111111111111111111111111111111111111101111110000000111111111110
11110000000100000001110000001000000011111111111111111111111111111111111100000000000000000011111111000011111111000000000000000000111111111111111111111111111111111111111111111101111110000000111111111110
11110000000100000000000000001000000011111111111111111111111111111111111100000000010000000011111111000011111111000000001000000000111111111111111111111111111111111111111111111101111000000000111011111110
11110000000100000000000000001000000011111111111111111111111111111111111100000100000000000000000000000000000000000000000000100000111111111111111111111111111111111111111111111100011000000000111011111110
11110000000100000000000000001000000011111111111111111111111111111111111100000000000000000000000000000000000000000000000000000000111111111111111111111111111111111111111111111111000000000000000011111110
11110000000100000000000000001000000011111111111111111111111111111111111100000000000000000000011111000011111000000000000000000000111111111111111111111111111111111111111111111111110000000001011111111110
11110000000100000000000000001000000011111111111111111111111111111111111100000000000001100000000001000010000000000110000000000000111111111111111111111111111111111111111111111111111000000001111111111110
11111111111111110000001111111111111111111111111111111111111111111111111100000000000001100000000001000010000000000110000000000000111111111111111111111111111111111111111111111111011000000000111111111110
11110100000110000000000000011000001011111111111111111111111111111111111100000000000000000000000001000010000000000000000000000000111111111111111111111111111111111111111111111100000000000000111111111110
11110000000110000000000000011000000011111111111111111111111111111111111100000000000000000000000001000010000000000000000000000000111111111111111111111111111111111111111111111111111111110000111111111110
11110000000000000000000000000000000011111111111111111111111111111111111100000000000000000000000000000000000000000000000000000000111111111111111111111111111111111111111111111111111111110000111111111110
11110000000000000000000000000000000011111111111111111111111111111111111100000000000000000000000000011000000000000000000000000000111111111111111111111111111111111111111111111111111111111111111111111110
11110000000000000000000000000000000011111111111111111111111111111111111100000000001110000000000000000000000000000000000000000000111111111111111111111111111111111111111111111111111111111111111111111110
11110000000000000000000000000000000011111111111111111111111111111111111100000000001110000000000000000000000000000000000000000000111111111111111111111111111111111111111111111111111111111111111111111110
11110000000000000000000000000000000011111111111111111111111111111111111100000000001110000000110000000000001100000000000000000000111111111111111111111111111111111111111111111111111111111111111111111110
11111111110000111111111111000011111111111111111111111111111111111111111100000000001110000000110000000000001100000000000000000000111111111111111111111111111111111111111111111111111111111111111111111110
11111111110000111111111111000011111111111111111111111111111111111111111100000000000000000000110000000000001100000000000000000000111111111111111111111111111111111111111111111111111111111111111111111110
11111111111111111111111111111111111111111111111111111111111111111111111100000000000000000000110000000000001100000000000000000000111111111111111111111111111111111111111111111111111111111111111111111110
11111111111111111111111111111111111111111111111111111111111111111111111100000000000000000000000000000000000000000000000000000000111111111111111111111111111111111111111111111111111111111111111111111110
11111111111111111111111111111111111111111111111111111111111111111111111100000000000000000000000000000000000000000000000000000000111111111111111111111111111111111111111111111111111111111111111111111110
11111111111111111111111111111111111111111111111111111111111111111111111100000000000000000000000000000000000000000000000000000000111111111111111111111111111111111111111111111111111111111111111111111110
11111111111111111111111111111111111111111111111111111111111111111111111100000000000000000000000000000000000000000000000000000000111111111111111111111111111111111111111111111111111111111111111111111110
11111111111111111111111111111111111111111111111111111111111111111111111100000000000001100000000000000000000000000110000000000000111111111111111111111111111111111111111111111111111111111111111111111110
11111111111111111111111111111111111111111111111111111111111111111111111100000000000001100000000000000000000000000110000000000000111111111111111111111111111111111111111111111111111111111111111111111110
11111111111111111111111111111111111111111111111111111111111111111111111100000000000000000000000000000000000000000000000000000000111111111111111111111111111111111111111111111111111111111111111111111110
11111111111111111111111111111111111111111111111111111111111111111111111100000000000000000000000000000000000000000000000000000000111111111111111111111111111111111111111111111111111111111111111111111110
11111111111111111111111111111111111111111111111111111111111111111111111100000000000000000000000000000000000000000000000000000000111111111111111111111111111111111111111111111111111111111111111111111110
11111111110000111111111111000011111111111111111111111111111111111111111100000000000000000000000000000000000000000000000000000000111111111111111111111111111111111111111111111111111111111111111111111110
11111111110000111111111111000011111111111111111111111111111111111111111100000000000000000000000000000000000000000000000000000000111111111111111111111111111111111111111111111111111111111111111111111110
11110000000000000000000000000000000011111111111111111111111111111111111100000000000000000000000000000000000000000000000000000000111111111111111111111111111111000000000000000001111111111111111111111110
11110000000000000000000000000010000011111111111111111111111111111111111111111111111111111110000000000000000001111111111111111111111111111111111111111111111111000000000000000000111111111111111111111110
11110000000000000000000000000011111111111111111111111111111111111111111100000000000000000000000000000000000000000000000000000000111111111111111111111111111111000000000000000000111111111111111111111110
11110000000000000000000000000011111111111111111111111111111111111111111100000000000000000100000000000000000001000000000000000000111111111111111111111111111111000000000000000000111111111111111111111110
11110000110011111111110011000011111111111111111111111111111111111111111100000000000000000000000000000000000000000000000000000000111111111111111111111111111111000000000000000000111111111111111111111110
11110000110011111111110011000011111111111111111111111111111111111111111100000000000000000000000000000000000000000000000000000000111111111111111111111111111111000000000000000000111111111111111111111110
11110000001111111111111100000011111111111111111111111111111111111111111100000000000000000000000000000000000000000000000000000000111111111111111111111111111111000000111111111000011111110000111111111110
11110000001111111111111100000011111111111111111111111111111111111111111100000000000000000000000000000000000000000000000000000000111111111111111111111111111111000000001111110000001111110000111111111110
11110000001111111111111100000011111111111111111111111111111111111111111100000000000000000000000100000000100000000000000000000000111111111111111111111111111111000000001111110000000000000000001111111110
11110000001111111111111100000011111111111111111111111111111111111111111100000000000000000000000000000000000000000000000000000000111111111111111111111111111111000000001111110000000000000000001111111110
11110000110011111111110011000011111111111111111111111111111111111111111111111111111111111111111100000000111111111111111111111111111111111111111111111111111111001100000011111000111111000000001111111110
11110000110011111111110011000011111111111111111111111111111111111111111111111111111111111111111100000000111111111111111111111111111111111111111111111111111111001100000011111000111111000000001111111110
11110000000000000000000000000011111111111111111111111111111111111111111111111111111111111111111111111111111111111111111111111111111111111111111111111111111111001111000011110000111111000000001111111110
11110000000000000000000000000011111111111111111111111111111111111111111111111111111111111111111111111111111111111111111111111111111111111111111111111111111111001111000011110000111111000000001111111110
11110000000000000000000000000010000011111111111111111111111111111111111111111111111111111111111111111111111111111111111111111111111111111111111111111111111111001111000011110000111111000000001111111110
11110000000000000000000000000000000011111111111111111111111111111111111111111111111111111111111111111111111111111111111111111111111111111111111111111111111111001111000011111000111111000000001111111110
11111111110000111111111111000011111111111111111111111111111111111111111111111111111111111111111111111111111111111111111111111111111111111111111111111111111111001000000000000000000000000000011111111110
11111111110000111111111111000011111111111111111111111111111111111111111111111111111111111111111111111111111111111111111111111111111111111111111111111111111111000000000000000000000000000000001111111110
11111111111111111111111111111111111111111111111111111111111111111111111111111111111111111111111111111111111111111111111111111111111111111111111111111111111111111111000011111111111111111111111111111110
11111111111111111111111111111111111111111111111111111111111111111111111111111111111111111111111111111111111111111111111111111111111111111111111111111111111111111111000011111111111111111111111111111110
11111111111111111111111111111111111111111111111111111111111111111111111111111111111111111111111111111111111111111111111111111111111111111111111111111111111111111111111111111111111111111111111111111110
11111111111111111111111111111111111111111111111111111111111111111111111111111111111111111111111111111111111111111111111111111111111111111111111111111111111111111111111111111111111111111111111111111110
11111111111111111111111111111111111111111111111111111111111111111111111111111111111111111111111111111111111111111111111111111111111111111111111111111111111111111111111111111111111111111111111111111110
11111111111111111111111111111111111111111111111111111111111111111111111111111111111111111111111111111111111111111111111111111111111111111111111111111111111111111111111111111111111111111111111111111110
11111111111111111111111111111111111111111111111111111111111111111111111111111111111111111111111111111111111111111111111111111111111111111111111111111111111111111111111111111111111111111111111111111110
11111111111111111111111111111111111111111111111111111111111111111111111111111111111111111111111111111111111111111111111111111111111111111111111111111111111111111111111111111111111111111111111111111110
11111111111111111111111111111111111111111111111111111111111111111111111111111111111111111111111100000011111111111111111111111111111111111111111111111111111111111111111111111111111111111111111111111110
11111111111111111111111111111111111111111111111111111111111111111111111111111111111111111111111100000011111111111111111111111111111111111111111111111111111111111111111111111111111111111111111111111110
11111111110000111111111111000011111111111111111111111111111111110000000000001111111111111111110000000000111111111111111111000000000000111111111111111111111111111111111111111111111111111111111111111110
11111111110000111111111111000011111111111111111111111111111111110000000000001111111111111111110000000000111111111111111111000000000000111111111111111111111111111111111111111111111111111111111111111110
11110000000000000000000000000000000011111111111111111111110000000000000000000000001111111111000000000000001111111111000000000000000000000000111111111111111111111111111111111111111111111111111111111110
11110000000000000000000000000000000011111111111111111111110000000000000000000000001111111111000000000000001111111111000000000000000000000000111111111111111111111111111111111111111111111111111111111110
11110000000000000000000000000000000011111111111111111111110000000010101010100000001111111111000000000000001111111111000000001010101010000000111111111111111111111111111111111111111111111111111111111110
11110000000000000000000000000000000011111111111111111111110000000000000000000000001111111111000000000000001111111111000000000000000000000000111111111111111111111111111111111111111111111111111111111110
11110000000001100000000001100000000011111111111111111111110000001111111111110000000011111100000011111100000011111100000000111111111111000000111111111111111111111111111111111111111111111111111111111110
11110000000000000000000000000000000011111111111111111111110000001111111111110000000011111100000011111100000011111100000000111111111111000000111111111111111111111111111111111111111111111111111111111110
11110000000000000000000000000000000011111111111111111111110000001111111111110000000011111100000011111100000011111100000000111111111111000000111111111111111111111111111111111111111111111111111111111110
11110000000000000000000000000000000011111111111111111111110000001111111111110000000011111100000011111100000011111100000000111111111111000000111111111111111111111111111111111111111111111111111111111110
11110000000000000000000000000000000011111111111111111111110000000000000000000000001111111111000000000000001111111111000000000000000000000000111111111111111111111111111111111111111111111111111111111110
11110000000000000000000000000000000011111111111111111111110000000010101010100000001111111111000000000000001111111111000000001010101010000000111111111111111111111111111111111111111111111111111111111110
11111111111111111100001111111111111111111111111111111111110000000000000000000000001111111111000000000000001111111111000000000000000000000000111111111111111111111111111111111111111111111111111111111110
11111111111111111100001111111111111111111111111111111111110000000000000000000000001111111111000000000000001111111111000000000000000000000000111111111111111111111111111111111111111111111111111111111110
11111111111111111111111111111111111111111111111111111111110000000000000000000000111111111111000000000000001111111111010000000000000000000000111111111111111111111111111111111111111111111111111111111110
11111111111111111111111111111111111111111111111111111111110000000000000000000000111111111111000000000000001111111111000000000000000000000000111111111111111111111111111111111111111111111111111111111110
11111111111111111111111111111111111111111111111111111111111111111111111111111111111111111111111100000011111111111111111111111111111111111111111111111111111111111111111111111111111111111111111111111110
11111111111111111111111111111111111111111111111111111111111111111111111111111111111111111111111100000011111111111111111111111111111111111111111111111111111111111111111111111111111111111111111111111110
11111111111111111111111111111111111111111111111111111111111111111111111111111111111111111111111111111111111111111111111111111111111111111111111111111111111111111111111111111111111111111111111111111110
11111111111111111111111111111111111111111111111111111111111111111111111111111111111111111111111111111111111111111111111111111111111111111111111111111111111111111111111111111111111111111111111111111110
11111111111111111111111111111111111111111111111111111111111111111111111111111111111111111111111111111111111111111111111111111111111111111111111111111111111111111111111111111111111111111111111111111110
11111111111111111111111111111111111111111111111111111111111111111111111111111111111111111111111111111111111111111111111111111111111111111111111111111111111111111111111111111111111111111111111111111110
11111111111111111111111111111111111111111111111111111111111111111111111111111111111111111111111111111111111111111111111111111111111111111111111111111111111111111111111111111111111111111111111111111110
11111111111111111111111111111111111111111111111111111111111111111111111111111111111111111111111111111111111111111111111111111111111111111111111111111111111111111111111111111111111111111111111111111110
11111111111111111111111111111111111111111111111111111111111111111111111111111111111111111111111111111111111111111111111111111111111111111111111111111111111111111111111111111111111111111111111111111110
11111111111111111111111111111111111111111111111111111111111111111111111111111111111111111111111111111111111111111111111111111111111111111111111111111111111111111111111111111111111111111111111111111110
11111111111111111111111111111111111111111111111111111111111111111111111111111111111111111111111111111111111111111111111111111111111111111111111111111111111111111111111111111111111111111111111111111110
11111111111111111111111111111111111111111111111111111111111111111111111111111111111111111111111111111111111111111111111111111111111111111111111111111111111111111111111111111111111111111111111111111110
11111111111111111100001111111111111111111111111111111111111111111111111111111111111111111111111111111111111111111111111111111111111111111111111111111111111111111111111111111111111111111111111111111110
11111111111111111100001111111111111111111111111111111111111111111111111111111111111111111111111111111111111111111111111111111111111111111111111111111111111111111111111111111111111111111111111111111110
11111111000000110000000010000001111011111111111111111111111111111111111111111111111111111111111111111111111111111111111111111111111111111111111111111111111111111111111111111111111111111111111111111110
11110000000000010000000010000000000011111111111111111111111111111111111111111111111111111111111111111111111111111111111111111111111111111111111111111111111111111111111111111111111111111111111111111110
11110000000000010000000010000000000011111111111111111111111111111111111111111111111111111111111111111111111111111111111111111111111111111111111111111111111111111111111111111111111111111111111111111110
11110000000000010000000010000000000011111111111111111111111111111111111111111111111111111111111111111111111111111111111111111111111111111111111111111111111111111111111111111111111111111111111111111110
11110100000000010000000010000001101111111111111111111111111111111111111111111111111111111111111111111111111111111111111111111111111111111111111111111111111111111111111111111111111111111111111111111110
11110100000000010000000000000000001111111111111111111111111111111111111111111111111111111111111111111111111111111111111111111111111111111111111111111111111111111111111111111111111111111111111111111110
11110100001000000000000000000100001111111111111111111111111111111111111111111111111111111111111111111111111111111111111111111111111111111111111111111111111111111111111111111111111111111111111111111110
11110100001000000000000000000100001111111111111111111111111111111111111111111111111111111111111111111111111111111111111111111111111111111111111111111111111111111111111111111111111111111111111111111110
11110100000000010000000010000000001111111111111111111111111111111111111111111111111111111111111111111111111111111111111111111111111111111111111111111111111111111111111111111111111111111111111111111110
11110101100000010000000010000000001111111111111111111111111111111111111111111111111111111111111111111111111111111111111111111111111111111111111111111111111111111111111111111111111111111111111111111110
11110100000000010000000010000000001111111111111111111111111111111111111111111111111111111111111111111111111111111111111111111111111111111111111111111111111111111111111111111111111111111111111111111110
11110010000000010000000010000000010111111111111111111111111111111111111111111111111111111111111111111111111111111111111111111111111111111111111111111111111111111111111111111111111111111111111111111110
11110000000000010000000010000000000111111111111111111111111111111111111111111111111111111111111111111111111111111111111111111111111111111111111111111111111111111111111111111111111111111111111111111110
11110000000000010000000010000000000111111111111111111111111111111111111111111111111111111111111111111111111111111111111111111111111111111111111111111111111111111111111111111111111111111111111111111110
11111111111111111100001111111111111111111111111111111111111111111111111111111111111111111111111111111111111111111111111111111111111111111111111111111111111111111111111111111111111111111111111111111110
11111111111111111100001111111111111111111111111111111111111111111111111111111111111111111111111111111111111111111111111111111111111111111111111111111111111111111111111111111111111111111111111111111110
11111111111111111111111111111111111111111111111111111111111111111111111111111111111111111111111111111111111111111111111111111111111111111111111111111111111111111111111111111111111111111111111111111110
11111111111111111111111111111111111111111111111111111111111111111111111111111111111111111111111111111111111111111111111111111111111111111111111111111111111111111111111111111111111111111111111111111110
11111111111111111111111111111111111111111111111111111111111111111111111111111111111111111111111111111111111111111111111111111111111111111111111111111111111111111111111111111111111111111111111111111110
11111111111111111111111111111111111111111111111111111111111111111111111111111111111111111111111111111111111111111111111111111111111111111111111111111111111111111111111111111111111111111111111111111110
11111111111111111111111111111111111111111111111111111111111111111111111111111111111111111111111111111111111111111111111111111111111111111111111111111111111111111111111111111111111111111111111111111110
11111111111111111111111111111111111111111111111111111111111111111111111111111111111111111111111111111111111111111111111111111111111111111111111111111111111111111111111111111111111111111111111111111110
11111111111111111111111111111111111111111111111111111111111111111111111111111111111111111111111111111111111111111111111111111111111111111111111111111111111111111111111111111111111111111111111111111110
11111111111111111111111111111111111111111111111111111111111111111111111111111111111111111111111111111111111111111111111111111111111111111111111111111111111111111111111111111111111111111111111111111110
11111111111111111111111111111111111111111111111111111111111111111111111111111111111111111111111111111111111111111111111111111111111111111111111111111111111111111111111111111111111111111111111111111110
11111111111111111111111111111111111111111111111111111111111111111111111111111111111111111111111111111111111111111111111111111111111111111111111111111111111111111111111111111111111111111111111111111110
11111111111111111111111111111111111111111111111111111111111111111111111111111111111111111111111111111111111111111111111111111111111111111111111111111111111111111111111111111111111111111111111111111110
11111111111111111111111111111111111111111111111111111111111111111111111111111111111111111111111111111111111111111111111111111111111111111111111111111111111111111111111111111111111111111111111111111110
11111111111111111100001111111111111111111111111111111111111111111111111111111111111111111111111111111111111111111111111111111111111111111111111111111111111111111111111111111111111111111111111111111110
11111111111111111100001111111111111111111111111111111111111111111111111111111111111111111111111111111111111111111111111111111111111111111111111111111111111111111111111111111111111111111111111111111110
11110000000000000000000000000000000011111111111111111111111111111111111111111111111111111111111111111111111111111111111111111111111111111111111111111111111111111111111111111111111111111111111111111110
11110000000000000000000000000000000011111111111111111111111111111111111111111111111111111111111111111111111111111111111111111111111111111111111111111111111111111111111111111111111111111111111111111110
11110000000000000000000000000000000011111111111111111111111111111111111111111111111111111111111111111111111111111111111111111111111111111111111111111111111111111111111111111111111111111111111111111110
11110000000000000000000000000000000011111111111111111111111111111111111111111111111111111111111111111111111111111111111111111111111111111111111111111111111111111111111111111111111111111111111111111110
11110000000001100000000001100000000011111111111111111111111111111111111111111111111111111111111111111111111111111111111111111111111111111111111111111111111111111111111111111111111111111111111111111110
11110000000000000000000000000000000011111111111111111111111111111111111111111111111111111111111111111111111111111111111111111111111111111111111111111111111111111111111111111111111111111111111111111110
11110000000000000000000000000000000011111111111111111111111111111111111111111111111111111111111111111111111111111111111111111111111111111111111111111111111111111111111111111111111111111111111111111110
11110000000000000000000000000000000011111111111111111111111111111111111111111111111111111111111111111111111111111111111111111111111111111111111111111111111111111111111111111111111111111111111111111110
11110000000000000000000000000000000011111111111111111111111111111111111111111111111111111111111111111111111111111111111111111111111111111111111111111111111111111111111111111111111111111111111111111110
11110000000000000000000000000000000011111111111111111111111111111111111111111111111111111111111111111111111111111111111111111111111111111111111111111111111111111111111111111111111111111111111111111110
11111111111111111100001111111111111111111111111111111111111111111111111111111111111111111111111111111111111111111111111111111111111111111111111111111111111111111111111111111111111111111111111111111110
11111111111111111100001111111111111111111111111111111111111111111111111111111111111111111111111111111111111111111111111111111111111111111111111111111111111111111111111111111111111111111111111111111110
11111111111111111111111111111111111111111111111111111111111111111111111111111111111111111111111111111111111111111111111111111111111111111111111111111111111111111111111111111111111111111111111111111110
11111111111111111111111111111111111111111111111111111111111111111111111111111111111111111111111111111111111111111111111111111111111111111111111111111111111111111111111111111111111111111111111111111110
11111111111111111111111111111111111111111111111111111111111111111111111111111111111111111111111111111111111111111111111111111111111111111111111111111111111111111111111111111111111111111111111111111110
11111111111111111111111111111111111111111111111111111111111111111111111111111111111111111111111111111111111111111111111111111111111111111111111111111111111111111111111111111111111111111111111111111110
11111111111111111111111111111111111111111111111111111111111111111111111111111111111111111111111111111111111111111111111111111111111111111111111111111111111111111111111111111111111111111111111111111110
11111111111111111111111111111111111111111111111111111111111111111111111111111111111111111111111111111111111111111111111111111111111111111111111111111111111111111111111111111111111111111111111111111110
11111111111111111111111111111111111111111111111111111111111111111111111111111111111111111111111111111111111111111111111111111111111111111111111111111111111111111111111111111111111111111111111111111110
11111111111111111111111111111111111111111111111111111111111111111111111111111111111111111111111111111111111111111111111111111111111111111111111111111111111111111111111111111111111111111111111111111110
11111111111111111111111111111111111111111111111111111111111111111111111111111111111111111111111111111111111111111111111111111111111111111111111111111111111111111111111111111111111111111111111111111110
11111111111111111111111111111111111111111111111111111111111111111111111111111111111111111111111111111111111111111111111111111111111111111111111111111111111111111111111111111111111111111111111111111110
11111111111111111111111111111111111111111111111111111111111111111111111111111111111111111111111111111111111111111111111111111111111111111111111111111111111111111111111111111111111111111111111111111110
11111111111111111111111111111111111111111111111111111111111111111111111111111111111111111111111111111111111111111111111111111111111111111111111111111111111111111111111111111111111111111111111111111110
11111111111111111111111111111111111111111111111111111111111111111111111111111111111111111111111111111111111111111111111111111111111111111111111111111111111111111111111111111111111111111111111111111110
11111111111111111111111111111111111111111111111111111111111111111111111111111111111111111111111111111111111111111111111111111111111111111111111111111111111111111111111111111111111111111111111111111110
11111111111111111111111111111111111111111111111111111111111111111111111111111111111111111111111111111111111111111111111111111111111111111111111111111111111111111111111111111111111111111111111111111110
11111111111111111111111111111111111111111111111111111111111111111111111111111111111111111111111111111111111111111111111111111111111111111111111111111111111111111111111111111111111111111111111111111110
11111111111111111111111111111111111111111111111111111111111111111111111111111111111111111111111111111111111111111111111111111111111111111111111111110000000000000000000000000000000000000000000000001110
11111111111111111111111111111111111111111111111111111111111111111111111111111111111111111111111111111111111111111111111111111111111111111111111111110000000000000000000000000000000000000000000000001110
11111111111111111111111111111111111111111111111111111111111111111111111111111111111111111111111111111111111111111111111111111111111111111111111111000000000000000000000000000000000000000000000000001110
11111111111111111111111111111111111111111111111111111111111111111111111111111111111111111111111111111111111111111111111111111111111111111111111111000000000000000000000000000000000000000000000000001110
11111111111111111111111111111111111111111111111111111111111111111111111111111111111111111111111111111111111111111111111111111111111111111111111111000000000000000001000000000000000110000000000000001110
11111111111111111111111111111111111111111111111111111111111111111111111111111111111111111111111111111111111111111111111111111111111111111111111111000000000000000001000000000000000110000000000000001110
11111111111111111111111111111111111111111111111111111111111111111111111111111111111111111111111111111111111111111111111111111111111111111111111111000000000000000000000000000000000000000000000000001110
11111111111111111111111111111111111111111111111111111111111111111111111111111111111111111111111111111111111111111111111111111111111111111111111111000000000000000000000000000000000000000000000000001110
11111001100000000001111111111100000000111111111101100000000000001111111111110000000011111111111111111111111111111111111111111111111111111111111111110000000000000000000000000000000000000000000000001110
11000000000000000001111111111100000000111111111100000000000000000011111111110000000011111111111111111111111111111111111111111111111111111111111111110000000000000000000000000000000000000000000000001110
11000000000000000001111111111100000000111111111100001111111110000011111111110000000011111111111111111111111111111111111111111111111111111111111111111111111100001111111111000011111111110000111111111110
11000010111111100001111111111100000000111111111100000000000000000011111111110000000011111111111111111111111111111111111111111111111111111111111111111111111100001111111111000011111111110000111111111110
11000000000000000001111111111100000000111111111100000000000000000011111111110000000011111111111111111111111111111111111111111111111111111111111111111111111111111111111111111111111111111111111111111110
11000000100000000000111111111100011000111111111100000010000000000111111111110001100011111111111111111111111111111111111111111111111111111111111111111111111111111111111111111111111111111111111111111110
11000000100000000000111111111100011000111111111100000010000000000111111111110001100011111111111111111111111111111111111111111111111111111111111111111111111111111111111111111111111111111111111111111110
11000000000000000000111111111100000000111111111100000000000000000111111111110000000011111111111111111111111111111111111111111111111111111111111111111111111111111111111111111111111111111111111111111110
11000000001110000000111111111100000000111111111100000000111000000011111111110000000011111111111111111111111111111111111111111111111111111111111111111111111111111111111111111111111111111111111111111110
11000000000000000000111111111100000000111111111100000000000000000011111111110000000011111111111111111111111111111111111111111111111111111111111111111111111111111111111111111111111111111111111111111110
11000000000000000000111111111100000000111111111100000000000000000011111111110000000011111111111111111111111111111111111111111111111111111111111111111111111111111111111111111111111111111111111111111110
11000000000000000000111111111100000000111111111100000000000000000011111111110000000011111111111111111111111111111111111111111111111111111111111111111111111111111111111111111111111111111111111111111110
11000000000000000000111111111100000000111111111100000000000000000011111111110000001111111111111111111111111111111111111111111111111111111111111111111111111111111111111111111111111111111111111111111110
11111111110001111111111111111100000000111111111111101111000111111111111111110000001111111111111111111111111111111111111111111111111111111111111111111111111111111111111111111111111111111111111111111110
11000000000000000000001111110000000000001111110000000000000000000000111111000000000000111111111111111111111111111111111111111111111111111111111111111111111111111111111111111111111111111111111111111110
11000000000000000000001111110000000000001111110000000000000000000000111111000000000000111111111111111111111111111111111111111111111111111111111111111111111111111111111111111111111111111111111111111110
11000000000000000000001111110000000000001111110000000000000000000000111111000000000000111111111111111111111111111111111111111111111111111111111111111111111111111111111111111111111111111111111111111110
11000000000000000000001111110000000000001111110000000000000000000000111111000000000000111111111111111111111111111111111111111111111111111111111111111111111111111111111111111111111111111111111111111110
11000000000000000000001111110000000000001111110000000000000000000000111111000000000000111111111111111111111111111111111111111111000011111111111111111111111111000011111111111111111111111111000011111110
11000000000000000000001111110000000000001111110000000000000000000000111111000000000000111111111111111111111111111111111111111111000011111111111111111111111111000011111111111111111111111111000011111110
11111111110001111011111111111100000000111111111111111110000111111111111111110000001111111111111111111111111111111111111111111111000001111111111111111111111111000001111111111111111111000000000000001110
11000000000000000011111111111100000000111111111100000000000000001111111111110000001111111111111111111111111111111111111111111111000001111111111111111111111111000001101111111111111111000000000000001110
11000000000000000000111111111100000000111111111100000000000000000011111111110000000011111111111111111111111111111111111111111100000001111111111111111111001110000000001111111111111111000000000000001110
11000000000000000000111111111100000000111111111100000000000000000011111111110000000011111111111111111111111111111111111111111100000001111111111111111111000000000000001111111111111111001100000010001110
11000001100000000001111111111100000000111111111100000000000000000111111111110000000011111111111111111111111111111111111111111100000001111111111111111111000000000000001111111111111111001101110010001110
11000001101110000001111111111100000000111111111100000000111000000111111111110000000011111111111111111111111111111111111111111100000011111111111111111111001100001100011111111111111111001101110010001110
11000000000000000001111111111100000000111111111100000000000000000111111111110000000011111111111111111111111111111111111111111100000011111111111111111111011100001100011111111111111111001101110010001110
11000000000001000001111111111100000000111111111100000000000100000111111111110000000011111111111111111111111111111111111111111100000011111111111111111111011100001100011111111111111111001101110010001110
11000000000001000001111111111100000000111111111100000000000100000111111111110000000011111111111111111111111111111111111111111100000011111111111111111111001100001100011111111111111111001101110010001110
11000000000000000000111111111100011000111111111100000000000000000011111111110001100011111111111111111111111111111111111111011100000011111111111111111111001100111100011111111111111111001101110010001110
11000000000000000000111111111100011000111111111100000000000000000011111111110001100011111111111111111111111111111111111111011000000111111111111111111111001100111100011111111111111111001101110010001110
11000000111111100001111111111100000000111111111100010111111100000111111111110000000011111111111111111111111111111111111111011000000111111111111111111111001100111100011111111111111111001100000010001110
11000000000000000001111111111100000000111111111100000000000000000111111111110000000011111111111111111111111111111111111111000000000011111111111111111111001100111111111111111111111111001100000010001110
11000000000000000001111111111100000000111111111100000000000000000011111111110000000011111111111111111111111111111111111111000000000011111111111111111111001100001111111111111111111111001100000010001110
11111111111111111111111111111111111111111111111111111111111111111111111111111111111111111111111111111111111111111111111111111111111111111111111111111111111111111111111111111111111111111111111111111110
11111111111111111111111111111111111111111111111111111111111111111111111111111111111111111111111111111111111111111111111111111111111111111111111111111111111111111111111111111111111111111111111111111110
