00000000000000000000000000000000000000000000000000000000000000000000000000000000000000000000000000000000000000000000000000000000000000000000000000000000000000000000000000000000000000000000000000000000
11111111111111111111111111111111111111111111111111111111111111111111111111111111111111111111111111111111111111111111111111111111111111111111111111111111111111111111111111111111111111111111111111111110
11111111111111111111111111111111111111111111111111111111111111111111111111111111111111111111111111111111111111111111111111111111111111111111111111111111111111111111111111111111111111111111111111111110
11111111111111111111111111111111111111111111111111111111111111111111111111111111111111111111111111111111111111111111111111111111111111111111111111111111111111111111111111111111111111111111111111111110
11111111111111111111111111111111111111111111111111111111111111111111111111111111111111111111111111111111111111111111111111111111111111111111111111111111111111111111111111111111111111111111111111111110
11111111111111111111111111111111111111111111111111111111111111111111111111111111111111111111111111111111111111111111111111111111111111111111111111111111111111111111111111111111111111111111111111111110
11111111111111111111111111111111111111111111111111111111111111111111111111111111111111111111111111111111111111111111111111111111111111111111111111111111111111111111111111111111111111111111111111111110
11111111111111111111111111111111111111111111111111111111111111111111111111111111111111111111111111111111111111111111111111111111111111111111111111111111111111111111111111111111111111111111111111111110
11111111111111111111111111111111111111111111111111111111111111111111111111111111111111111111111111111111111111111111111111111111111111111111111111111111111111111111111111111111111111111111111111111110
11111111111111111111111111111111111111111111111111111111111111111111111111111111111111111111111111111111111111111111111111111111111111111111111111111111111111111111111111111111111111111111111111111110
11111111111111111111111111111111111111111111111111111111111111111111111111111111111111111111111111111111111111111111111111111111111111111111111111111111111111111111111111111111111111111111111111111110
11111111110000111111111111111111111111111111111111111111111111111111111111111111111111111111111111111111111111111111111111111111111111111111111111111111111111111111111111111111111111111111111111111110
11111111110000000001111111111111111111111111111111111111111111111111111111111111111111111111111111111111111111111111111111111111111111111111111111111111111111111111111111111111111111111111111111111110
11111111100000000000111111111111111111111111111111111111111111111111111111111111111111111111111111111111111111111111111111111111111111111111111111111111111111111111111111111111111111111111111111111110
11111111100000000000011111111111111111111111111111111111111111111111111111111111111111111111111111111111111111111111111111111111111111111111111111111111111111111111111111111111111111111111111111111110
11111111100000000000000111111111111111111111111111111111111111111111111111111111111111111111111111111111111111111111111111111111111111111111111111111111111111111111111111111111111111111111111111111110
11111111100000000000000111111111111111111111111111111111111111111111111111111111111111111111111111111111111111111111111111111111111111111111111111111111111111111111111111111111111111111111111111111110
11111111100000000000000111111111111111111111111111111111111111110001100000000000000000000000000000000000000000000000000000000000000111111111111111111111111111111111111111111111111111111111111111111110
11111111100000000000000111111111111111111111111111111111111111100001100000000000000000000000000000000000000000000000000000000000000111111111111111111111111111111111111111111111111111111111111111111110
11111111100000000000000011111111111111111111111111111111111111000000000000000000000000000000000000000000000000000000000000000000000111111111111111111111111111111111111111111111111111111111111111111110
11111111100000000000000000111111111111111111111111111111111100000000000000000000000000000000000000000000000000000000000000000000000111111111111111111111111111111111111111111111111111111111111111111110
11111111100000000000000000111111111111111111111111111111111100000000000000000000000000000000000000000000000000000000000000000000000111111111111111111111111111111111111111111111111111111111111111111110
11111111100000000000000000111111111111111111111111111111111100000000000000000000000000000000000000000000000000000000000000000000000111111111111111111111111111111111111111111111111111111111111111111110
11111111111000000000000001111111111111111111111111111111111100000000000000000000000000000000000000000000000000000000000000000000000111111111111111111111111111111111111111111111111111111111111111111110
11111111111000000000000001111111111111111111111111111111111100000000000000000000000000000000000000000000000000000000000000000000000111111111111111111111111111111111111111111111111111111111111111111110
11111111111111000000000000111111111111111111111111111111111000000000000000000000000000000000000000000000000000000000000000000000000111111111111111111111111111111111111111111111111111111111111111111110
11111111111111100000000000111111111111111111111111111111110000000000000000000000000000000000000000000000000000000000000000000000110111111111111111111111111111111111111111111111111111111111111111111110
11111111111111110000000000111111111111111111111111111111110000000000000000000000000000000000000000000000000000000000000000000000110111111111111111111111111111111111111111111111111111111111111111111110
11111111111111110000000000111111111111111111111111111111110000000000000000000000000000000000000000000000000000000000000000000000000111111111111111111111111111111111111111111111111111111111111111111110
11111111111111111000000001111111111111111111111111111111110000000000000000000000000000000000000000000000000000000000000000000000000111111111111111111111111111111111111111111111111111111111111111111110
11111111111111111000000001111111111111111111111111111111110000000000000000000000000000000000000000000000000000000001000000000110000111111111111111111111111111111111111111111111111111111111111111111110
11111111111111111000000011111111111111111111111111111111110000000000000000000000000000000000000000000000000000000001000000000110111111111111111111111111111111111111111111111111111111111111111111111110
11111111111111111000000111111111111111111111111111111111100000550000000000000000000000000000000000000000000000000000000000000111111111111111111111111111111111111111111111111111111111111111111111111110
11111111111111111000011111111111111111111111111111111111000055555000000000000000000000000000000000000000000000000000000000000111111111111111111111111111111111111111111111111111111111111111111111111110
11111111111111111000011111111111111111111111111111111111000055555500000000000000000000000000000000000000000000000000000000001111111111111111111111111111111111111111111111111111111111111111111111111110
11111111111111110000111111111111111111111111111111111111000055555500000000000000000000000000000000000000000000000000000000001111111111111111111111111111111111111111111111111111111111111111111111111110
11111111111111110011111111111111111111111111111111111111000005555000000000000000000000000000000000000000000000000000000000011111111111111111111111111111111111111111111111111111111111111111111111111110
11111111111111100011111111111111111111111111111111111111000000555000000000000000000000000000000000000000000000000000000110011111111111111111111111111111111111111111111111111111111111111111111111111110
11111111111111000011111111111111111111111111111111111111000000000000000000000000000000000000000000000000000000000000000110011111111111111111111111111111111111111111111111111111111111111111111111111110
11111111000000000011111111111111111111111111111111111111100000000000000000000000000000000000000000000000000000000000000000011111111111111111111111111111111111111111111111111111111111111111111111111110
11111111000000000011111111111111111111111111111111111111100000000000000000000000000000000000000000000000000000000000000000011111111111111111111111111111111111111111111111111111111111111111111111111110
11111111000000011111111111111111111111111111111111111111000001000000000000000000000000000000000000000000000000000000000000011111111111111111111111111111111111111111111111111111111111111111111111111110
11111111000001111111111111111111111111111111111111111111000000000000000000000000000000000000000000000000000000000000000000011111111111111111111111111111111111111111111111111111111111111111111111111110
11111111000011111111111111111111111111111111111111111111000000000000000000000000000000000000000000000000000000000110000000011111111111111111111111111111111111111111111111111111111111111111111111111110
11111111100111111111111111111111111111111111111111111111000000000000000000000000000000000000000000000000000000000000000000011111111111111111111111111111111111111111111111111111111111111111111111111110
11111111100111111111111111111111111111111111111111111111000000000000000000000000000000000000000000000000000000000000000000011111111111111111111111111111111111111111111111111111111111111111111111111110
11111111100111111111111111111111111111111111111111111111000000000000000000000000000000000000000000000000000000000000000000011111111111111111111111111111111111111111111111111111111111111111111111111110
11111111100111111111111111111111111111111111111111111111000000000000000001000000000000000000000000000000000000000000000000011111111111111111111111111111111111111111111111111111111111111111111111111110
11111111100111111111111111111111111111111111111111111111000000000000000001000000000000000000000000000000000000000000000000011111111111111111111111111111111111111111111111111111111111111111111111111110
11111111100111111111111111111111111111111111111111111111000000000000000000000000000000000000000000000000000000000000000000011111111111111111111111111111111111111111111111111111111111111111111111111110
11111111100111111111111111111111111111111111111111111111000000000000000000000000000000000000000000000000000000000000000000011111111111111111111111111111111111111111111111111111111111111111111111111110
11111111100111111111111111111111111111111111111111111111000000000000000000000000000000000000000000000000000000000000000000011111111111111111111111111111111111111111111111111111111111111111111111111110
11111111100011111111111111111111111111111111111111111111000000000000000000000000000000000000000000000000000000000000000000011111111111111111111111111111111111111111111111111111111111111111111111111110
11111111100001111111111111111111111111111111111111111111000000000000000000000000000000000000000000000000000000000000000000001111111111111111111111111111111111111111111111111111111111111111111111111110
11111111100000111111111111111111111111111111111111111111000000000000000000000000000000000000000000000000000000000000000000001111111111111111111111111111111111111111111111111111111111111111111111111110
11111111100000000111111111111111111111111111111111111111000000000000000000000000000000000000000000000000000000000000000000001111111111111111111111111111111111111111111111111111111111111111111111111110
11111111110000000011111111111111111111111111111111111111000000000000000000000000000000000000000000000000000000000000000000001111111111111111111111111111111111111111111111111111111111111111111111111110
11111111111111000001111111111111111111111111111111111111000000000000000000000000000000000000000000000000000000000000000000000011111111111111111111111111111111111111111111111111111111111111111111111110
11111111111111100001111111111111111111111111111111111111000000000000000000000000000000000000000000000000000000000000000000000000111111111111111111111111111111111111111111111111111111111111111111111110
11111111111111110001111111111111111111111111111111111111000000000000000000000000000000000000000000000000000000000000000000000000000111111111111111111111111111111111111111111111111111111111111111111110
11111111111111110001111111111111111111111111111111111111000000000000000000000000000000000000000000000000000000000000000000000000000111111111111111111111111111111111111111111111111111111111111111111110
11111111111111111001111111111111111111111111111111111111000000001100000000000000000000000000000000000000000000000000000000000000000111111111111111111111111111111111111111111111111111111111111111111110
11111111111111111001111111111111111111111111111111111111000000000000000000000000000000000000000000000000000000000000000000000000000111111111111111111111111111111111111111111111111111111111111111111110
11111111111111111001111111111111111111111111111111111111000000000000000000000000000000000000000000000000000000000000000000000000000111111111111111111111111111111111111111111111111111111111111111111110
11111111111111111001111111111111111115555555511111111111000000000000000000000000000000000000000000000000000000000000000000000000000111111111111111111111111111111111111111111111111111111111111111111110
11111111111111111001111111111111111115555555555555111111100000000000000000000000000000000000000000000000000000000010000000000000000011111111111111111111111111111111111111111111111111111111111111111110
11111111111111111001111111111111111115555555555555551111110000000000000000000000000000000000000000000000000000000000000000000000000001111111111111111111111111111111111111111111111111111111111111111110
11111111111111111001111111111111111115555555555555555111111100000000000050000000000000000000000000000000000000000000000000000000000000000000000001111111111111111111111111111111111111111111111111111110
11111111111111111001111111111111111115555555555555555111111111000000000050000000000000000000000000000000000000000000000000000000000000000000000000111111111111111111111111111111111111111111111111111110
11111111111111111001111111111111111115555555555555555111111111110000000550000000000000000000000000000000000000000000000000000000000000000000011000111111111111111111111111111111111111111111111111111110
11111111111111111001111111111111111115555555555555555111111111110000000550000000000000000000000000000000000000000000000000000000000000000000011000111111111111111111111111111111111111111111111111111110
11111111111111111001111111111111111115555555555555555555555555555555555550000000000000000000000000000000000000000000000000000000000000000000000000111111111111111111111111111111111111111111111111111110
11111111111111111001111111111111111115555555555555555555555555555555555555000000000000000000000000000011000011000000000000000000000000000000000000011111111111111111111111111111111111111111111111111110
11111111111111111001111111111111111115555555555555555555555555555555555555000000000000000000000000000011000011000000000000000000000000000000000000000111111111111111111111111111111111111111111111111110
11111111111111111111111111111111111115555555555555555555555555555555555555500000000000000000555555555550000005000000000000000000000000000000000000000011111111111111111111111111111111111111111111111110
11111111111111111111111111111111111115555555555555555555555555555555555555500000000000000005555555555550000005555555555555550000000000000000000000000000000000000001111111111111111111111111111111111110
11111111111111111111111111111111111115555555555555555555555555555555555555555000000000000555555555555550000005555555555555550000000000000000000000000000000000000001111111111111111111111111111111111110
11111111111111111111111111111111111115555555555555555555555555555555555555555555555555555555555555555550000005555555555555555000000000000000000000000110000000000001111111111111111111111111111111111110
11111111111111111111111111111111111115555555555555555555555555555555555555555555555555555555555555555550000005555555555555555000000000000000001000000110000000000001111111111111111111111111111111111110
11111111111111111111111111111111111115555555555555555555555555555555555555555555555555555555555555555550000005555555555555555000000000000000001000000000000000000001111111111111111111111111111111111110
11111111111111111111111111111111111115555555555555555555555555555555555555555555555555555555555555555550000005555555555555555000000000000000000000000000000000000001111111111111111111111111111111111110
11111111111111111111111111111111111115555555555555555555555555555555555555555555555555555555555555555550000005555555555555555500000000000000000000000000000000000001111111111111111111111111111111111110
11111111111111111111111111111111111115555555555555555555555555555555555555555555555555555555555555555550000005555555555555555550000000000000000000000000000000000001111111111111111111111111111111111110
11111111111111111111111111111111111115555555555555555555555555555555555555555555555555555555555555555550000005555555555555555555555555555555555550000000000000000001111111111111111111111111111111111110
11111111111111111111111111111111111115555555555555555555555555555555555555555555555555555555555555555550000005555555555555555555555555555555555555000000000000000001111111111111111111111111111111111110
11111111111111111111111111111111111115555555555555555555555555555555555555555555555555555555555555555550000005555555555555555555555555555555555555500000000000000001111111111111111111111111111111111110
11111111111111111111111111111111111115555555555555555555555555555555555555555555555555555555555555555550000005555555555555555555555555555555555555500000000000000001111111111111111111111111111111111110
11111111111111111111111111111111111115555555555555555555555555555555555555555555555555555555555555555550000005555555555555555555555555555555555555500000000000000001111111111111111111111111111111111110
11111111111111111111111111111111111115555555555555555555555555555555555555555555555555555555555555555550000005555555555555555555555555555555555555500000000000000001111111111111111111111111111111111110
11111111111111111111111111111111111115555555555555555555555555555555555555555555555555555555555555555550000005555555555555555555555555555555555555500000000000000001111111111111111111111111111111111110
11111111111111111111111111111111111115555555555555555555555555555555555555555555555555555555555555555550000005555555555555555555555555555555555555500000000000000001111111111111111111111111111111111110
11111111111111111111111111111111111115555555555555555555555555555555555555555555555555555555555555555550000005555555555555555555555555555555555555500000000000000001111111111111111111111111111111111110
11111111111111111111111111111111111115555555555555555555555555555555555555555555555555555555555555555550000005555555555555555555555555555555555555550000000000000001111111111111111111111111111111111110
11111111111111111111111111111111111115555555555555555555555555555555555555555555555555555555555555555550000005555555555555555555555555555555555555555555555555555551111111111111111111111111111111111110
11111111111111111111111111111111111115555555555555555555555555555555555555555555555555555555555555555550000005555555555555555555555555555555555555555555555555555551111111111111111111111111111111111110
11111111111111111111111111111111111115555555555555555555555555555555555555555555555555555555555555555550000005555555555555555555555555555555555555555555555555555551111111111111111111111111111111111110
11111111111111111111111111111111111115555555555555555555555555555555555555555555555555555555555555555550000005555555555555555555555555555555555555555555555555555551111111111111111111111111111111111110
11111111111111111111111111111111111115555555555555555555555555555555555555555555555555555555555555555550000005555555555555555555555555555555555555555555555555555551111111111111111111111111111111111110
11111111111111111111111111111111111115555555555555555555555555555555555555555555555555555555555555555550000005555555555555555555555555555555555555555555555555555551111111111111111111111111111111111110
11111111111111111111111111111111111115555555555555555555555555555555555555555555555555555555555555555550000005555555555555555555555555555555555555555555555555555551111111111111111111111111111111111110
11111111111111111111111111111111111115555555555555555555555555555555555555555555555555555555555555555550000005555555555555555555555555555555555555555555555555555551111111111111111111111111111111111110
11111111111111111111111111111111111115555555555555555555555555555555555555555555555555555555555555555550000005555555555555555555555555555555555555555555555555555551111111111111111111111111111111111110
11111111111111111111111111111111111115555555555555555555555555555555555555555555555555555555555555555550000005555555555555555555555555555555555555555555555555555551111111111111111111111111111111111110
11111111111111111111111111111111111115555555555555555555555555555555555555555555555555555555555555555550000005555555555555555555555555555555555555555555555555555551111111111111111111111111111111111110
11111111111111111111111111111111111115555555555555555555555555555555555555555555555555555555555555555550000005555555555555555555555555555555555555555555555555555551111111111111111111111111111111111110
11111111111111111111111111111111111115555555555555555555555555555555555555555555555555555555555555555550000005555555555555555555555555555555555555555555555555555551111111111111111111111111111111111110
11111111111111111111111111111111111115555555555555555555555555555555555555555555555555555555555555555550000005555555555555555555555555555555555555555555555555555551111111111111111111111111111111111110
11111111111111111111111111111111111115555555555555555555555555555555555555555555555555555555555555555550000005555555555555555555555555555555555555555555555555555551111111111111111111111111111111111110
11111111111111111111111111111111111115555555555555555555555555555555555555555555555555555555555555555550000005555555555555555555555555555555555555555555555555555551111111111111111111111111111111111110
11111111111111111111111111111111111110000000000000055555555555555555555555555555555555555555555555555550000005555555555555555555555555555555555555555555555555555551111111111111111111111111111111111110
11111111111111111111111111111111111110000000000000000555555555555555555555555555555555555555555555555550000005555555555555555555555555555555555555555555555555555551111111111111111111111111111111111110
11111111111111111111111111111111111110000000000000000555555555555555555555555555500555555555555555555550000005555555555555555555555555555555555555555555555555555551111111111111111111111111111111111110
11111111111111111111111111111111111110000000000000000555555555555555555555555555500555555555555555555550000005555555555555555555555555555555555555555555555555555551111111111111111111111111111111111110
11111111111111111111111111111111111110000000000000000555555555555555555555555555500555555555555555555550000005555555555555555555555555555555555555555555555555555551111111111111111111111111111111111110
11111111111111111111111111111111111110000000000000000555555555555555555555555555500555555555555555555550000005555555555555555555555555555555555555555555555555555551111111111111111111111111111111111110
11111111111111111111111111111111111111111111111000000555555555555555555555555555500555555555555555555550000005555555555555555555555555555555555555555555555555555551111111111111111111111111111111111110
11111111111111111111111111111111111111111111111000000555555555555555555555555555000555555555555555555550000005555555555555555555555555555555555555555555555555555551111111111111111111111111111111111110
11111111111111111111111111111111111111111111111100000005555555555555555555555555000055555555555555555550000005555555555555555555555555555555555555555555555555555551111111111111111111111111111111111110
11111111111111111111111111111111111111111111111110000005555555555555555555555550000005555555555555555550000005555555555555555555555555555555555555555555555555555551111111111111111111111111111111111110
11111111111111111111111111111111111111111111111110000000000000000000000000000000000000000005555555555550000005555555555555555555555555555555555555555555555555555551111111111111111111111111111111111110
11111111111111111111111111111111111111111111111110000000000000000000000000000000000000000000055555555550000005555555555555555555555555555555555555555555555555555551111111111111111111111111111111111110
11111111111111111111111111111111111111111111111110000000000000000000000000000000000000000000055555555550000005555555555555555555555555555555555555500000000000000001111111111111111111111111111111111110
11111111111111111111111111111111111111111111111111000000000000000000000000000000000000000000005555555550000005555555555555555555555555555555555550000000000000000001111111111111111111111111111111111110
11111111111111111111111111111111111111111111111111111110000000100000000000000000000000000000005555555550000005555555555555555555555555555555555550000000000000000001111111111111111111111111111111111110
11111111111111111111111111111111111111111111111111111111000000100000000000000000000000000000000555555550000005555555555555555555555555555555555550001100000011000001111111111111111111111111111111111110
11111111111111111111111111111111111111111111111111111111100000000000000000000000000000000000000000000050000005005555555555555555555555555555555500001100000011000001111111111111111111111111111111111110
11111111111111111111111111111111111111111111111111111111100000000000000000000000000000000000000000000011000011000055555555555555555555555555555000000000000000000001111111111111111111111111111111111110
11111111111111111111111111111111111111111111111111111111100000000000000000000000000000000000000000000011000011000000000000000000000000000000000000001111111111111111111111111111111111111111111111111110
11111111111111111111111111111111111111111111111111111111100000000000000000000000000000000000000000000000000000000000000000000000000000000000000000111111111111111111111111111111111111111111111111111110
11111111111111111111111111111111111111111111111111111111100000000000000000000000000000000000000000000000000000000000000000000000000000000000000001111111111111111111111111111111111111111111111111111110
11111111111111111111111111111111111111111111111111111111100000000000000000000000000000000000000000000000000000000000000000000000000000000000000001111111111111111111111111111111111111111111111111111110
11111111111111111111111111111111111111111111111111111111100000000000000000000000000000000000000000000000000000000000000000000000000000000000100011111111111111111111111111111111111111111111111111111110
11111111111111111111111111111111111111111111111111111111100000000000000000000000000000000000000000000000000000000000000000000000000000000001110011111111111111111111111111111111111111111111111111111110
11111111111111111111111111111111111111111111111111111111100000000000000000000000000000000000000000000000000000000000000000000000000000000000100011111111111111111111111111111111111111111111111111111110
11111111111111111111111111111111111111111111111111111111100000000000000000000000000000000000000000000000000000000000000000000000000000000000000011111111111111111111111111111111111111111111111111111110
11111111111111111111111111111111111111111111111111111111100000000000000000000000000000000000000000000000000000000000000000000000000000000000011111111111111111111111111111111111111111111111111111111110
11111111111111111111111111111111111111111111111111111111100000000000000000000000000000000000000000000000000000000000000000000000000000000011111111111111111111111111111111111111111111111111111111111110
11111111111111111111111111111111111111111111111111111111100000000000000000000000000000000000000000000000000000000000000000000000000000000011111111111111111111111111111111111111111111111111111111111110
11111111111111111111111111111111111111111111111111111111100000000000000000000000000000000000000000000000000000000000000000000000000000000111111111111111111111111111111111111111111111111111111111111110
11111111111111111111111111111111111111111111111111111111100000000000000000000000000000000000000000000000000000000000000000000000000000001111111111111111111111111111111111111111111111111111111111111110
11111111111111111111111111111111111111111111111111111111100000000000000000000000000000000000000000000000000000000000000000000000000000001111111111111111111111111111111111111111111111111111111111111110
11111111111111111111111111111111111111111111111111111111100000000000000000000000000000000000000000000000000000000000000000000000000000001111111111111111111111111111111111111111111111111111111111111110
11111111111111111111111111111111111111111111111111111111100000000000000000000000000000000000000000000000000000000000000000000000000000001111111111111111111111111111111111111111111111111111111111111110
11111111111111111111111111111111111111111111111111111111100000000000000000000000000000000000000000000000000000000000000000000000000000001111111111111111111111111111111111111111111111111111111111111110
11111111111111111111111111111111111111111111111111111111100000000000000000000000000000000000000000000000000000000000000000000000000000001111111111111111111111111111111111111111111111111111111111111110
11111111111111111111111111111111111111111111111111111111100000000000000000000000000000000000000000000000000000000000000000000000000000001111111111111111111111111111111111111111111111111111111111111110
11111111111111111111111111111111111111111111111111111111100000000000000000000000000000000000000000000000000000000000000001100000000000001111111111111111111111111111111111111111111111111111111111111110
11111111111111111111111111111111111111111111111111111111100000000000000000000000000000000000000000000000000000000000000011110000000000001111111111111111111111111111111111111111111111111111111111111110
11111111111111111111111111111111111111111111111111111111100000000000000000000000000000000000000000000000000000000000000011110000000000001111111111111111111111111111111111111111111111111111111111111110
11111111111111111111111111111111111111111111111111111111100000000000000000000000000000000000000000000000000000000000000111111000000000001111111111111111111111111111111111111111111111111111111111111110
11111111111111111111111111111111111111111111111111111111100000000000000000000000000000000000000000000000000000000000000111110000000000001111111111111111111111111111111111111111111111111111111111111110
11111111111111111111111111111111111111111111111111111111100001100000000000000000000000000000000000000000000000000000000011100000001100001111111111111111111111111111111111111111111111111111111111111110
11111111111111111111111111111111111111111111111111111111100001100000000000000000000000000000000000000000000000000000000000000000000000001111111111111111111111111111111111111111111111111111111111111110
11111111111111111111111111111111111111111111111111111111100000000000000000000000000000000000000000000000000000000000000000000000000000001111111111111111111111111111111111111111111111111111111111111110
11111111111111111111111111111111111111111111111111111111100000000000000000000000001000000000000000000000000000000000000000000000000000001111111111111111111111111111111111111111111111111111111111111110
11111111111111111111111111111111111111111111111111111111100010000000000000000000001000000000000000000000000000000000000000000000000000111111111111111111111111111111111111111111111111111111111111111110
11111111111111111111111111111111111111111111111111111111100000000000000000000000011100000000000000000000000000000000000000000011000011111111111111111111111111111111111111111111111111111111111111111110
11111111111111111111111111111111111111111111111111111111100000000000000000001100011100000000000000000000000000000000000000000011001111111111111111111111111111111111111111111111111111111111111111111110
11111111111111111111111111111111111111111111111111111111111000000000000000011110011110000000000000000000000000000000000000000000111111111111111111111111111111111111111111111111111111111111111111111110
11111111111111111111111111111111111111111111111111111111111111100000000000111111111111100000000000000000000000000000000000000000111111111111111111111111111111111111111111111111111111111111111111111110
11111111111111111111111111111111111111111111111111111111111111110000000000011111111111111000000000000000000000000000000000000001111111111111111111111111111111111111111111111111111111111111111111111110
11111111111111111111111111111111111111111111111111111111111111111000000000011111111111111000000000000000000000000000000000000001111111111111111111111111111111111111111111111111111111111111111111111110
11111111111111111111111111111111111111111111111111111111111111111000000000001101110011000000000000000000000000000000000000000001111111111111111111111111111111111111111111111111111111111111111111111110
11111111111111111111111111111111111111111111111111111111111111111000000000000000000000000000000000000000000000000000000000000001111111111111111111111111111111111111111111111111111111111111111111111110
11111111111111111111111111111111111111111111111111111111111111111000000000000000000000000000000000000000000000000000000000000001111111111111111111111111111111111111111111111111111111111111111111111110
11111111111111111111111111111111111111111111111111111111111111111000000000000000000000000000000000000000000000000000000000000001111111111111111111111111111111111111111111111111111111111111111111111110
11111111111111111111111111111111111111111111111111111111111111111000000000000000000000000000000000000000000000000000000000000001111111111111111111111111111111111111111111111111111111111111111111111110
11111111111111111111111111111111111111111111111111111111111111111000000000000000000000000000000000000000000000000000000000000001111111111111111111111111111111111111111111111111111111111111111111111110
11111111111111111111111111111111111111111111111111111111111111111000000000000000000000000000000000000000000000000000000000000001111111111111111111111111111111111111111111111111111111111111111111111110
11111111111111111111111111111111111111111111111111111111111111111000000000000000000000000000000000000000000000000000000000000001111111111111111111111111111111111111111111111111111111111111111111111110
11111111111111111111111111111111111111111111111111111111111111111000000000000000000000000000000000000000000000000000000000000001111111111111111111111111111111111111111111111111111111111111111111111110
11111111111111111111111111111111111111111111111111111111111111111000000000000000000000000000000000000000000000000000000000110001111111111111111111111111111111111111111111111111111111111111111111111110
11111111111111111111111111111111111111111111111111111111111111111000000000000000000000000000000000000000000000000000000000110001111111111111111111111111111111111111111111111111111111111111111111111110
11111111111111111111111111111111111111111111111111111111111111111000000000000000000000000000000000000000000000000000000000000001111111111111111111111111111111111111111111111111111111111111111111111110
11111111111111111111111111111111111111111111111111111111111111111000000000000000000000000000000000000000000000000000000000000001111111111111111111111111111111111111111111111111111111111111111111111110
11111111111111111111111111111111111111111111111111111111111111111000000000000000000000000000000000000000000000000000011000000001111111111111111111111111111111111111111111111111111111111111111111111110
11111111111111111111111111111111111111111111111111111111111111111000000000000000000000000000000000000000000000000000001000000001111111111111111111111111111111111111111111111111111111111111111111111110
11111111111111111111111111111111111111111111111111111111111111111000000000000000000000000000000000000000000000000000000000010001111111111111111111111111111111111111111111111111111111111111111111111110
11111111111111111111111111111111111111111111111111111111111111111000000000000000000000000000000000000000000000000000000000011001111111111111111111111111111111111111111111111111111111111111111111111110
11111111111111111111111111111111111111111111111111111111111111111000000000000000000000000000000000000000000000000000000000000001111111111111111111111111111111111111111111111111111111111111111111111110
11111111111111111111111111111111111111111111111111111111111111111000000000000000000000000000000000000000000000000000000000000001111111111111111111111111111111111111111111111111111111111111111111111110
11111111111111111111111111111111111111111111111111111111111111111000000000000000000000000000000000000000000000000000000000000001111111111111111111111111111111111111111111111111111111111111111111111110
11111111111111111111111111111111111111111111111111111111111111111000000000000000000000000000000000000000000000000000000000000001111111111111111111111111111111111111111111111111111111111111111111111110
11111111111111111111111111111111111111111111111111111111111111111000000000000000000000000000000000000000000000000000000000000001111111111111111111111111111111111111111111111111111111111111111111111110
11111111111111111111111111111111111111111111111111111111111111111000000000000000000000000000000000000000000000011100000000000001111111111111111111111111111111111111111111111111111111111111111111111110
11111111111111111111111111111111111111111111111111111111111111111111111111111111111111111111111111111111111111111111111111111111111111111111111111111111111111111111111111111111111111111111111111111110
11111111111111111111111111111111111111111111111111111111111111111111111111111111111111111111111111111111111111111111111111111111111111111111111111111111111111111111111111111111111111111111111111111110
11111111111111111111111111111111111111111111111111111111111111111111111111111111111111111111111111111111111111111111111111111111111111111111111111111111111111111111111111111111111111111111111111111110
11111111111111111111111111111111111111111111111111111111111111111111111111111111111111111111111111111111111111111111111111111111111111111111111111111111111111111111111111111111111111111111111111111110
11111111111111111111111111111111111111111111111111111111111111111111111111111111111111111111111111111111111111111111111111111111111111111111111111111111111111111111111111111111111111111111111111111110
11111111111111111111111111111111111111111111111111111111111111111111111111111111111111111111111111111111111111111111111111111111111111111111111111111111111111111111111111111111111111111111111111111110
11111111111111111111111111111111111111111111111111111111111111111111111111111111111111111111111111111111111111111111111111111111111111111111111111111111111111111111111111111111111111111111111111111110
11111111111111111111111111111111111111111111111111111111111111111111111111111111111111111111111111111111111111111111111111111111111111111111111111111111111111111111111111111111111111111111111111111110
11111111111111111111111111111111111111111111111111111111111111111111111111111111111111111111111111111111111111111111111111111111111111111111111111111111111111111111111111111111111111111111111111111110
11111111111111111111111111111111111111111111111111111111111111111111111111111111111111111111111111111111111111111111111111111111111111111111111111111111111111111111111111111111111111111111111111111110
11111111111111111111111111111111111111111111111111111111111111111111111111111111111111111111111111111111111111111111111111111111111111111111111111111111111111111111111111111111111111111111111111111110
11111111111111111111111111111111111111111111111111111111111111111111111111111111111111111111111111111111111111111111111111111111111111111111111111111111111111111111111111111111111111111111111111111110
11111111111111111111111111111111111111111111111111111111111111111111111111111111111111111111111111111111111111111111111111111111111111111111111111111111111111111111111111111111111111111111111111111110
11111111111111111111111111111111111111111111111111111111111111111111111111111111111111111111111111111111111111111111111111111111111111111111111111111111111111111111111111111111111111111111111111111110
11111111111111111111111111111111111111111111111111111111111111111111111111111111111111111111111111111111111111111111111111111111111111111111111111111111111111111111111111111111111111111111111111111110
