00000000000000000000000000000000000000000000000000000000000000000000000000000000000000000000000000000000000000000000000000000000000000000000000000000000000000000000000000000000000000000000000000000000
11111111111111111111111111111111111111111111111111111111111111111111111111111111111111111111111111111111111111111111111111111111111111111111111111111111111111111111111111111111111111111111111111111110
11111111111111111111111111111111111111111111111111111111111111111111111111111111111111111111111111111111111111111111111111111111111111111111111111111111111111111111111111111111111111111111111111111110
11111111111111111111111111111111111111111111111111111111111111111111111111111111111111111111111111111111111111111111111111111111111111111111111111111111111111111111111111111111111111111111111111111110
11111111111111111111111111111111111111111111111111111111111111111111111111111111111111111111111111111111111111111111111111111111111111111111111111111111111111111111111111111111111111111111111111111110
11111111111111111111111111111111111111111111111111111111111111111111111111111111111111111111111111111111111111111111111111111111111111111111111111111111111111111111111111111111111111111111111111111110
11111111111111111111111111111111111111111111111111111111111111111111111111111111111111111111111111111111111111111111111111111111111111111111111111111111111111111111111111111111111111111111111111111110
11111111111111111111111111111111111111111111111111111111111111111111111111111111111111111111111111111111111111111111111111111111111111111111111111111111111111111111111111111111111111111111111111111110
11111111111111111111111111111111111111111111111111111111111111111111111111111111111111111111111111111111111111111111111111111111111111111111111111111111111111111111111111111111111111111111111111111110
11111111111111111111111111111111111111111111111111111111111111111111111111111111111111111111111111111111111111111111111111111111111111111111111111111111111111111111111111111111111111111111111111111110
11111111111111111111111111111111111111111111111111111111111111111111111111111111111111111111111111111111111111111111111111111111111111111111111111111111111111111111111111111111111111111111111111111110
11111111111111111111111111111111111111111111111111111111111111111111111111111111111111111111111111111111111111111111111111111111111111111111111111111111111111111111111111111111111111111111111111111110
11111111111111111111111111111111111111111111111111111111111111111111111111111111111111111111111111111111111111111111111111111111111111111111111111111111111111111111111111111111111111111111111111111110
11111111111111111111111111111111111111111111111111111111111111111111111111111111111111111111111111111111111111111111111111111111111111111111111111111111111111111111111111111111111111111111111111111110
11111111111111111111111111111111111111111111111111111111111111111111111111111111111111111111111111111111111111111111111111111111111111111111111111111111111111111111111111111100001111000011111111111110
11111111111111111111111111111111111111111111111111111111111111111111111111111111111111111111111111111111111111111111111111111111111111111111111111111111111111111111111111111100001111000011111111111110
11111111111111111111111111111111111111111111111111111111111111111111111111111111111111111111111111111111111111111111111111111111111111100000000001111110000000000111111111111100000000000011111111111110
11111111111111111111111111111111111111111111111111111111111111111111111111111111111111111111111111111111111111111111111111111111111111100000000001111110000000000111111111111100000000000011111111111110
11111111111111111111111111111111111111111111111111111111111111111111111111111111111111111111111111111111111111111111111111111111111111100000000001111110000000000111111111111100000000000011111111111110
11111111111111111111111111111111111111111111111111111111111111111111111111111111111111111111111111111111111111111111111111111111111111100000000001111110000000000111111111111100000000000011111111111110
11111111111111111111111111111111111111111111111111111111111111111111111111111111111111111111111111111111111111111111111111111111111111100000000001111110000000000111111111111100000000000011111111111110
11111111111111111111111111111111111111111111111111111111111111111111111111111111111111111111111111111111111111111111111111111111111111100000000001111110000000000111111111111100000000000011111111111110
11111111111111111111111111111111111111111111111111111111111111111111111111111111111111111111111111111111111111111111111111111111111111100000000001111110000000000111111111111100000000000011111111111110
11111111111111111111111111111111111111111111111111111111111111111111111111111111111111111111111000000000111111111111111111111111111111100000000001111110000000000111111111111100000000000011111111111110
11111111111111100000000001111111111111111111111111111111111111111111111111111111111111111111111000000000111111111111111111111111111111100000000001111110000000000111111111111100000000000011111111111110
11111111111111100000000001111111111111111111111111111111111111111111111111111111111111111111111000000000111111111111111111111111111111100000000001111110000000000111111111111100000000000011111111111110
11111111111111100000000001111111111111111111111111111111111111111111111111111111111111111111111000000000111111111111111111111111111111100000000001111110000000000111111111111100000000000011111111111110
11111111111111100000000001111111111111111111111111111111111111111111111111111111111111111111111000000000111111111111111111111111111111100000000001111110000000000111111111111100000000000011111111111110
11111111111111100000000001111111111111111111111111111111111111111111111111111111111111111111111000000000111111111111111111111111111111100000000001111110000000000111111111111100000000000011111111111110
11111111111111100000000001111111111111111111111111111111111111111111111111111111111111111111111000000000111111111111111111111111111111100000000001111110000000000111111111111100000000000011111111111110
11111111111111100000000001111111111111111111111111111111111111111111111111111111111111111111111000000000111111111111111111111111111111100000000001111110000000000111111111111100000000000011111111111110
11111111111111100000000001111111111111111111111111111111111111111111111111111111111111111111111000000000111111111111111111111111111111100000000001111110000000000111111111111100000000000011111111111110
11111111111111100000000001111111111111111111111111111111111111111111111111111111111111111111111000000000111111111111111111111111111111100000000001111110000000000111111111111100000000000011111111111110
11111111111111100000000001111111111111111111111111111111111111111111111111111111111111111111111000000000111111111111111111111111111111100000000001111110000000000111111111111100000000000011111111111110
11111111111111100000000001111111111111111111111111111111111111111111111111111111111111111111111000000000111111111111111111111111111111100000000001111110000000000111111111111100000000000011111111111110
11111111111111100000000001111111111111111111111111111111111111111111111111111111111111111111111000000000111111111111111111111111111111100000000001111110000000000111111111111100000000000011111111111110
11111111111111100000000001111111111111111111111111111111111111111111111111111111111111111111111000000000111111111111111111111111111111100000000001111110000000000111111111111100000000000011111111111110
11111111111111100000000001111111111111111111111111111111111111111111111111111111111111111111111000000000111111111111111111111111111111100000000001111110000000000111111111111100000000000011111111111110
11111111111111100000000001111111111111111111111111111111111111111111111111111111111111111111111000000000111111111111111111111111111111100000000001111110000000000111111111111100000000000011111111111110
11111111111111100000000001111111111111111111111111111111111111111111111111111111111111111111111000000000111111111111111111111111111111100000000001111110000000000111111111111100000000000011111111111110
11111111111111100000000001111111111111111111111111111111111111111111111111111111111111111111111000000000111111111111111111111111111111100000000001111110000000000111111111111100000000000011111111111110
11111111111111100000000001111111111111111111111111111111111111111111111111111111111111111111111000000000111111111111111111111111111111100000000001111110000000000111111111111100000000000011111111111110
11111111111111100000000001111111111111111111111111111111111111111111111111111111111111111111111000000000111111111111111111111111111111100000000001111110000000000111111111111100000000000011111111111110
11111111111111100000000001111111111111111111111111111111111111111111111111111111111111111111111000000000111111111111111111111111111111100000000001111110000000000111111111111100000000000011111111111110
11111111111111100000000001111111111111111111111111111111111111111111111111111111111111111111111000000000111111111111111111111111111111100000000001111110000000000111111111111100000000000011111111111110
11111111111111100000000001111111111111111111111111111111111111111111111111111111111111111111111000000000111111111111111111111111111111100000000001111110000000000111111111111100000000000011111111111110
11111111111111100000000001111111111111111111111111111111111111111111111111111111111111111111111000000000111111111111111111111111111111100000000001111110000000000111111111111100000000000011111111111110
11111111111111100000000001111111111111111111111111111111111111111111111111111111111111111111111000000000111111111111111111111111111111100000000001111110000000000111111111111100000000000011111111111110
11111111111111100000000001111111111111111111111111111111111111111111111111111111111111111111111000000000111111111111111111111111111111100000000001111110000000000111111111111100000000000011111111111110
11111111111111100000000001111111111111111111111111111111111111111111111111111111111111111111111000000000111111111111111111111111111111100000000001111110000000000111111111111100000000000011111111111110
11111111111111100000000001111111111111111111111111111111111111111111111111111111111111111111111000000000111111111111111111111111111111100000000001111110000000000111111111111100000000000011111111111110
11111111111111100000000001111111111111111111111111111111111111111111111111111111111111111111111000000000111111111111111111111111111111100000000001111110000000000111111111111100000000000011111111111110
11111111111111100000000001111111111111111111111111111111111111111111111111111111111111111111111000000000111111111111111111111111111111100000000001111110000000000111111111111100000000000011111111111110
11111111111111100000000001111111111111111111111111111111111111111111111111111111111111111111111000000000111111111111111111111111111111100000000001111110000000000111111111111100000000000011111111111110
11111111111111100000000001111111111111111111111111111111111111111111111111111111111111111111111000000000111111111111111111111111111111100000000001111110000000000111111111111100000000000011111111111110
11111111111111100000000001111111111111111111111111111111111111111111111111111111111111111111111000000000111111111111111111111111111111100000000001111110000000000111111111111100000000000011111111111110
11111111111111100000000001111111111111111111111111111111111111111111111111111111111111111111111000000000111111111111111111111111111111100000000001111110000000000111111111111100000000000011111111111110
11111111111111100000000001111111111111111111111111111111111111111111111111111111111111111111111000000000111111111111111111111111111111100000000001111110000000000111111111111100000000000011111111111110
11111111111111100000000001111111111111111111111111111111111111111111111111111111111111111111111000000000111111111111111111111111111111100000000001111110000000000111111111111100000000000011111111111110
11111111111111100000000001111111111111111111111111111111111111111111111111111111111111111111111000000000111111111111111111111111111111100000000001111110000000000111111111111100000000000011111111111110
11111111111111100000000001111111111111111111111111111111111111111111111111111111111111111111111000000000111111111111111111111111111111100000000001111110000000000111111111111100000000000011111111111110
11111111111111100000000001111111111111111111111111111111111111111111111111111111111111111111111000000000111111111111111111111111111111100000000001111110000000000111111111111100000000000011111111111110
11111111111111100000000001111111111111111111111111111111111111111111111111111111111111111111111000000000111111111111111111111111111111100000000001111110000000000111111111111100000000000011111111111110
11111111111111100000000001111111111111111111111111111111111111111111111111111111111111111111111000000000111111111111111111111111111111100000000001111110000000000111111111111100000000000011111111111110
11111111111111100000000001111111111111111111111111111111111111111111111111111111111111111111111000000000111111111111111111111111111111100000000001111110000000000111111111111100000000000011111111111110
11111111111111100000000001111111111111111111111111111111111111111111111111111111111111111111111000000000111111111111111111111111111111100000000001111110000000000111111111111100000000000011111111111110
11111111111111100000000001111111111111111111111111111111111111111111111111111111111111111111111000000000111111111111111111111111111111100000000001111110000000000111111111111100000000000011111111111110
11111111111111100000000001111111111111111111111111111111111111111111111111111111111111111111111000000000111111111111111111111111111111100000000001111110000000000111111111111100000000000011111111111110
11111111111111100000000001111111111111111111111111111111111111111111111111111111111111111111111000000000111111111111111111111111111111100000000001111110000000000111111111111100000000000011111111111110
11111111111111100000000001111111111111111111111111111111111111111111111111111111111111111111111000000000111111111111111111111111111111100000000001111110000000000111111111111100000000000011111111111110
11111111111111100000000001111111111111111111111111111111111111111111111111111111111111111111111000000000111111111111111111111111111111100000000001111110000000000111111111111100000000000011111111111110
11111111111111100000000001111111111111111111111111111111111111111111111111111111111111111111111000000000111111111111111111111111111111100000000001111110000000000111111111111100000000000011111111111110
11111111111111100000000001111111111111111111111111111111111111111111111111111111111111111111111000000000111111111111111111111111111111100000000001111110000000001111000000001111000000000011111111111110
11111111111111100000000001111111111111111111111111111111111111111111111111111111111111111111111000000000111111111111111111111111111111100000000001111110000000001111000000001111000000000011111111111110
11111111111111100000000001111111111111111111111111111111111111111111111111111111111111111111111000000000111111111111111111111111111111100000000001111110000000000000000000000000000000000011111111111110
11111111111111100000000001111111111111111111111111111111111111111111111111111111111111111111111000000000111111111111111111111111111111100000000001111110000000000000000000000000000000000011111111111110
11111111111111100000000001111111111111111111111111111111111111111111111111111111111111111111111000000000111111111111111111111111111111100000000001111110000000000000000000000000000000000011111111111110
11111111111111100000000001111111111111111111111111111111111111111111111111111111111111111111111000000000111111111111111111111111111111100000000001111110000000000000000000000000000000000011111111111110
11111111111111100000000001111111111111111111111111111111111111111111111111111111111111111111111000000000111111111111111111111111111111100000000001111110000000001111000000001111000000000011111111111110
11111111111111100000000001111111111111111111111111111111111111111111111111111111111111111111111000000000111111111111111111111111111111100000000001111110000000001111000000001111000000000011111111111110
11111111111111100000000001111111111111111111111111111111111111111111111111111111111111111111111000000000111111111111111111111111111111100000000001111110000000001111111111111100000000000011111111111110
11111111111111100000000001111111111111111111111111111111111111111111111111111111111111111111111000000000111111111111111111111111111111100000000001111110000000000111111111111100000000000011111111111110
11111111111111100000000001111111111111111111111111111111111111111111111111111111111111111111111000000000111111111111111111111111111111100000000001111110000000000111111111111100000000000011111111111110
11111111111111100000000001111111111111111111111111111111111111111111111111111111111111111111111000000000111111111111111111111111111111100000000001111110000000000111111111111100000000000011111111111110
11111111111111100000000001111111111111111111111111111111111111111111111111111111111111111111111000000000111111111111111111111111111111100000000001111110000000000111111111111100000000000011111111111110
11111111111111100000000001111111111111111111111111111111111111111111111111111111111111111111111000000000111111111111111111111111111111100000000001111110000000000111111111111100000000000011111111111110
11111111111111100000000001111111111111111111111111111111111111111111111111111111111111111111111000000000111111111111111111111111111111100000000001111110000000000111111111111100000000000011111111111110
11111111111111100000000001111111111111111111111111111111111111111111111111111111111111111111111000000000111111111111111111111111111111100000000001111110000000000111111111111100000000000011111111111110
11111111111111100000000001111111111111111111111111111111111111111111111111111111111111111111111000000000111111111111111111111111111111100000000001111110000000000111111111111100000000000011111111111110
11111111111111100000000001111111111111111111111111111111111111111111111111111111111111111111111000000000111111111111111111111111111111100000000001111110000000000111111111111100000000000011111111111110
11111111111111100000000001111111111111111111111111111111111111111111111111111111111111111111111100000000111111111111111111111111111111100000000001111110000000000111111111111100000000000011111111111110
11111111111111100000000001111111111111111111111111111111111111111111111111111111111111111111111100000000111111111111111111111111111111100000000001111110000000000111111111111100000000000011111111111110
11111111111111100000000001111111111111111111111111111111111111111111111111111111111111111111110000000000111111111111111111111111111111100000000001111110000000000111111111111100000000000011111111111110
11111111111111100000000001111111111111111111111111111111111111111111111111111111111111111111110550000000111111111111111111111111111111100000000001111110000000000111111111111100000000000011111111111110
11111111111111100000000001111111111111111111111111111111111111111111111111111111111111111111110550000000111111111111111111111111111111100000000001111110000000000111111111111100000000000011111111111110
11111111111111100000000001111111111111111111111111111111111111111500000000000000000000000000150000000000111111111111111111111111111111100000000001111110000000000111111111111100000000000011111111111110
11111111111111100000000001111111111111111111111111111111000000000000000000000000000000000000000000000000111111111111111111111111111111100000000001111110000000000111111111111100000000000011111111111110
11111111111111100000000001111111111111111111111111111111000000000000000000000000000000000000000000000000111111111111111111111111111111100000000001111110000000000111111111111100000000000011111111111110
11111111111111100000000001111111111111111111111111111111000000000000000000000000000000000000000000000000111111111111111111111111111111100000000001111110000000000111111111111100000000000011111111111110
11111111111111100000000001111111111111111111111111111111000000000000000000000000000000000000000000000000111111111111111111111111111111100000000001111110000000000111111111111100000000000011111111111110
11111111111111100000000001111111111111111111111111111111000000000000000000000000000000000000000000000000111111111111111111111111111111100000000001111110000000000111111111111100000000000011111111111110
11111111111111100000000001111111111111111111111111111111000000000000000000000000000000000000000000000000111111111111111111111111111111100000000001111110000000000111111111111100000000000011111111111110
11111111111111100000000001111111111111111111111111111111000000000000000000000000000000000000000000000000111111111111111111111111111111100000000001111110000000000111111111111100000000000011111111111110
11111111111111100000000001111111111111111111111111111111000000000000000000000000000000000000000000000000111111111111111111111111111111100000000001111110000000000111111111111100000000000011111111111110
11111111111111100000000001111111111111111111111111111111000000001500000000000000000000000000150000000000111111111111111111111111111111100000000001111110000000000111111111111100000000000011111111111110
11111111111111100000000001111111111111111111111111111111000000001111111111111111111111111111110550000000111111111111111111111111111111100000000001111110000000000111111111111100000000000011111111111110
11111111111111100000000001111111111111111111111111111111000000001111111111111111111111111111110550000000111111111111111111111111111111100000000001111110000000000111111111111100000000000011111111111110
11111111111111100000000001111111111111111111111111111111000000001111111111111111111111111111110000000000111111111111111111111111111111100000000001111110000000000111111111111100000000000011111111111110
11111111111111100000000001111111111111111111111111111111000000001111111111111111111111111111111110000000111111111111111111111111111111100000000001111110000000000111111111111100000000000011111111111110
11111111111111100000000001111111111111111111111111111111000000001111111111111111111111111111111110000000111111111111111111111111111111100000000001111110000000000111111111111100000000000011111111111110
11111111111111100000000001111111111111111111111111111111000000001111111111111111111111111111111000000000111111111111111111111111111111100000000001111110000000000111111111111100000000000011111111111110
11111111111111100000000001111111111111111111111111111111000000001111111111111111111111111111111000000000111111111111111111111111111111100000000001111110000000000111111111111100000000000011111111111110
11111111111111100000000001111111111111111111111111111111000000001111111111111111111111111111111000000000111111111111111111111111111111100000000001111110000000000111111111111100000000000011111111111110
11111111111111100000000001111111111111111111111111111111000000001111111111111111111111111111111000000000111111111111111111111111111111100000000001111110000000000111111111111100000000000011111111111110
11111111111111100000000001111111111111111111111111111111000000001111111111111111111111111111111000000000111111111111111111111111111111100000000001111110000000000111111111111100000000000011111111111110
11111111111111100000000001111111111111111111111111111111000000001111111111111111111111111111111000000000111111111111111111111111111111100000000001111110000000000111111111111100000000000011111111111110
11111111111111100000000001111111111111111111111111111111000000001111111111111111111111111111111000000000111111111111111111111111111111100000000001111110000000000111111111111100000000000011111111111110
11111111111111100000000001111111111111111111111111111111000000001111111111111111111111111111111000000000111111111111111111111111111111100000000001111110000000000111111111111100000000000011111111111110
11111111111111100000000001111111111111111111111111111111000000001111111111111111111111111111111000000000111111111111111111111111111111100000000001111110000000000111111111111100000000000011111111111110
11111111111111100000000001111111111111111111111111111111000000001111111111111111111111111111111000000000111111111111111111111111111111100000000001111110000000000111111111111100000000000011111111111110
11111111111111100000000001111111111111111111111111111111000000001111111111111111111111111111111000000000111111111111111111111111111111100000000001111110000000000111111111111100000000000011111111111110
11111111111111100000000001111111111111111111111111111111000000001111111111111111111111111111111000000000111111111111111111111111111111100000000001111110000000000111111111111100000000000011111111111110
11111111111111100000000001111111111111111111111111111111000000001111111111111111111111111111111000000000111111111111111111111111111111100000000001111110000000000111111111111100000000000011111111111110
11111111111111100000000001111111111111111111111111111111000000001111111111111111111111111111111000000000111111111111111111111111111111100000000001111110000000000111111111111100000000000011111111111110
11111111111111100000000001111111111111111111111111111111000000001111111111111111111111111111111000000000111111111111111111111111111111100000000011111111000000000111111111111100000000000011111111111110
11111111111111100000000001111111111111111111111111111111000000001111111111111111111111111111111000000000111111111111111111111111111111100000000011111111000000000111111111111100000000000011111111111110
11111111111111100000000001111111111111111111111111111111000000001111111111111111111111111111111000000000111111111111111111111111111111100000000000000000000000000111111111111100000000000011111111111110
11111111111111100000000001111111111111111111111111111111000000001111111111111111111111111111111000000000111111111111111111111111111111100000000000055000000000000111111111111100000000000011111111111110
11111111111111100000000001111111111111111111111111111111000000001111111111111111111111111111111000000000111111111111111111111111111111100000000000055000000000000111111111111100000000000011111111111110
11111111111111100000000001111111111111111111111111111111000000001111111111111111111111111111111000000000111111111111111111111111111111100000000000000000000000000111111111111100000000000011111111111110
11111111111111100000000001111111111111111111111111111111000000001111111111111111111111111111111000000000111111111111111111111111111111100000000000000000000000000111111111111100000000000011111111111110
11111111111111100000000001111111111111111111111111111111000000001111111111111111111111111111111000000000111111111111111111111111111111100000000000000000000000000111111111111100000000000011111111111110
11111111111111100000000001111111111111111111111111111111000000001111111111111111111111111111111000000000111111111111111111111111111111100000000000000000000000000111111111111100000000000011111111111110
11111111111111100000000001111111111111111111111111111111000000001111111111111111111111111111111000000000111111111111111111111111111111100000000000000000000000000111111111111100000000000011111111111110
11111111111111100000000001111111111111111111111111111111000000001111111111111111111111111111111000000000111111111111111111111111111111100000000000000000000000000111111111111100000000000011111111111110
11111111111111100000000001111111111111111111111111111111000000001111111111111111111111111111111000000000111111111111111111111111111111100000000000055000000000000111111111111100000000000011111111111110
11111111111111100000000001111111111111111111111111111111000000001111111111111111111111111111111000000000111111111111111111111111111111100000000000055000000000000111111111111100000000000011111111111110
11111111111111100000000001111111111111111111111111111111000000001111111111111111111111111111111000000000111111111111111111111111111111100000000000000000000000000111111111111100000000000011111111111110
11111111111111100000000001111111111111111111111111111111000000001111111111111111111111111111111000000000111111111111111111111111111111100000000011111111000000000111111111111100000000000011111111111110
11111111111111100000000001111111111111111111111111111111000000001111111111111111111111111111111000000000111111111111111111111111111111100000000011111111000000000111111111111100000000000011111111111110
11111111111111100000000001111111111111111111111111111111000000001111111111111111111111111111111000000000111111111111111111111111111111100000000011111111000000000111111111111100000000000011111111111110
11111111111111100000000001111111111111111111111111111111000000001111111111111111111111111111111000000000111111111111111111111111111111100000000011111111000000000111111111111100000000000011111111111110
11111111111111100000000001111111111111111111111111111111000000001111111111111111111111111111111000000000111111111111111111111111111111100000000011111111000000000111111111111100000000000011111111111110
11111111111111100000000001111111111111111111111111111111000000001111111111111111111111111111111000000000111111111111111111111111111111100000000011111111000000000111111111111100000000000011111111111110
11111111111111100000000001111111111111111111111111111111000000001111111111111111111111111111111000000000111111111111111111111111111111100000000011111111000000000111111111111100000000000011111111111110
11111111111111100000000001111111111111111111111111111111000000001111111111111111111111111111111000000000111111111111111111111111111111100000000011111111000000000111111111111100000000000011111111111110
11111111111111100000000001111111111111111111111111111111000000001111111111111111111111111111111000000000111111111111111111111111111111100000000011111111000000000111111111111100000000000011111111111110
11111111111111100000000001111111111111111111111111111111000000001111111111111111111111111111111000000000111111111111111111111111111111100000000011111111000000000111111111111100000000000011111111111110
11111111111111100000000001111111111111111111111111111111000000001111111111111111111111111111111000000000111111111111111111111111111111100000000011111111000000000111111111111100000000000011111111111110
11111111111111100000000001111111111111111111111111111111000000001111111111111111111111111111111000000000111111111111111111111111111111100000000011111111000000000111111111111100000000000011111111111110
11111111111111100000000001111111111111111111111111111111000000001111111111111111111111111111111000000000111111111111111111111111111111100000000011111111000000000111111111111100000000000011111111111110
11111111111111100000000001111111111111111111111111111111000000001111111111111111111111111111111000000000111111111111111111111111111111100000000011111111000000000111111111111100000000000011111111111110
11111111111111100000000001111111111111111111111111111111000000001111111111111111111111111111111000000000111111111111111111111111111111100000000011111111000000000111111111111100000000000011111111111110
11111111111111100000000001111111111111111111111111111111000000001111111111111111111111111111111000000000111111111111111111111111111111100000000011111111000000000111111111111100000000000011111111111110
11111111111111100000000001111111111111111111111111111111000000001111111111111111111111111111111000000000111111111111111111111111111111100000000011111111000000000111111111111100000000000011111111111110
11111111111111100000000001111111111111111111111111111111000000001111111111111111111111111111111000000000111111111111111111111111111111100000000011111111000000000111111111111100000000000011111111111110
11111111111111100000000001111111111111111111111111111111000000001111111111111111111111111111111000000000111111111111111111111111111111100000000011111111000000000111111111111100000000000011111111111110
11111111111111100000000001111111111111111111111111111111000000001111111111111111111111111111111000000000111111111111111111111111111111100000000011111111000000000111111111111100000000000011111111111110
11111111111111100000000001111111111111111111111111111111000000001111111111111111111111111111111000000000111111111111111111111111111111100000000011111111000000000111111111111100000000000011111111111110
11111111111111100000000001111111111111111111111111111111000000001111111111111111111111111111111000000000111111111111111111111111111111100000000011111111000000000111111111111100000000000011111111111110
11111111111111100000000001111111111111111111111111111111000000001111111111111111111111111111111000000000111111111111111111111111111111100000000011111111000000000111111111111100000000000011111111111110
11111111111111100000000001111111111111111111111111111111000000001111111111111111111111111111111000000000111111111111111111111111111111100000000011111111000000000111111111111100000000000011111111111110
11111111111111100000000001111111111111111111111111111111000000001111111111111111111111111111111000000000111111111111111111111111111111100000000011111111000000000111111111111100000000000011111111111110
11111111111111100000000001111111111111111111111111111111000000001111111111111111111111111111111000000000111111111111111111111111111111100000000011111111000000000111111111111100000000000011111111111110
11111111111111100000000001111111111111111111111111111111000000001111111111111111111111111111111000000000111111111111111111111111111111100000000011111111000000000111111111111100000000000011111111111110
11111111111111100000000001111111111111111111111111111111000000001111111111111111111111111111111000000000111111111111111111111111111111100000000011111111000000000111111111111100000000000011111111111110
11111111111111100000000001111111111111111111111111111111000000001111111111111111111111111111111000000000111111111111111111111111111111100000000011111111000000000111111111111100000000000011111111111110
11111111111111100000000001111111111111111111111111111111000000001111111111111111111111111111111000000000111111111111111111111111111111100000000011111111000000000111111111111100000000000011111111111110
11111111111111100000000001111111111111111111111111111111000000001111111111111111111111111111111000000000111111111111111111111111111111100000000011111111000000000111111111111100000000000011111111111110
11111111111111100000000001111111111111111111111111111111000000001111111111111111111111111111111000000000111111111111111111111111111111100000000011111111000000000111111111111100000000000011111111111110
11111111111111100000000001111111111111111111111111111111000000001111111111111111111111111111111000000000111111111111111111111111111111100000000011111111000000000111111111111100000000000011111111111110
11111111111111100000000001111111111111111111111111111111000000001111111111111111111111111111111000000000111111111111111111111111111111100000000011111111000000000111111111111100000000000011111111111110
11111111111111100000000001111111111111111111111111111111000000001111111111111111111111111111111000000000111111111111111111111111111111100000000011111111000000000111111111111100000000000011111111111110
11111111111111100000000001111111111111111111111111111111000000001111111111111111111111111111111000000000111111111111111111111111111111100000000011111111000000000111111111111100000000000011111111111110
11111111111111100000000001111111111111111111111111111111000000001111111111111111111111111111111000000000111111111111111111111111111111100000000011111111000000000111111111111100000000000011111111111110
11111111111111100000000001111111111111111111111111111111000000001111111111111111111111111111111000000000111111111111111111111111111111100000000011111111000000000111111111111100000000000011111111111110
11111111111111100000000001111111111111111111111111111111111111111111111111111111111111111111111000000000111111111111111111111111111111111111111111111111000000000111111111111111111111111111111111111110
11111111111111155000000551111111111111111111111111111111111111111111111111111111111111111111111000000000111111111111111111111111111111111111111111111111000000000111111111111111111111111111111111111110
11111111111111155000000551111111111111111111111111111111111111111111111111111111111111111111111000000000111111111111111111111111111111111111111111111111000000000111111111111111111111111111111111111110
11111111111111100000000001111111111111111111111111111111111111111111111111111111111111111111111000000000111111111111111111111111111111111111111111111111000000000111111111111111111111111111111111111110
11111111111111100000000001111111111111111111111111111111111111111111111111111111111111111111111000000000111111111111111111111111111111111111111111111111000000000111111111111111111111111111111111111110
11111111111111100000000001111111111111111111111111111111111111111111111111111111111111111111111000000000111111111111111111111111111111111111111111111111000000000111111111111111111111111111111111111110
11111111111111100100001001111111111111111111111111111111111111111111111111111111111111111111111000000000111111111111111111111111111111111111111111111111000000000111111111111111111111111111111111111110
11111111111111100100001001111111111111111111111111111111111111111111111111111111111111111111111000000000111111111111111111111111111111111111111111111111000000000111111111111111111111111111111111111110
11111111111111100100001001111111111111111111111111111111111111111111111111111111111111111111111111111111111111111111111111111111111111111111111111111111000000000111111111111111111111111111111111111110
11111111111111100100001001111111111111111111111111111111111111111111111111111111111111111111111111111111111111111111111111111111111111111111111111111111111111111111111111111111111111111111111111111110
11111111111111100100001001111111111111111111111111111111111111111111111111111111111111111111111111111111111111111111111111111111111111111111111111111111111111111111111111111111111111111111111111111110
11111111111111100100001001111111111111111111111111111111111111111111111111111111111111111111111111111111111111111111111111111111111111111111111111111111111111111111111111111111111111111111111111111110
11111111111111111111111111111111111111111111111111111111111111111111111111111111111111111111111111111111111111111111111111111111111111111111111111111111111111111111111111111111111111111111111111111110
11111111111111111111111111111111111111111111111111111111111111111111111111111111111111111111111111111111111111111111111111111111111111111111111111111111111111111111111111111111111111111111111111111110
11111111111111111111111111111111111111111111111111111111111111111111111111111111111111111111111111111111111111111111111111111111111111111111111111111111111111111111111111111111111111111111111111111110
11111111111111111111111111111111111111111111111111111111111111111111111111111111111111111111111111111111111111111111111111111111111111111111111111111111111111111111111111111111111111111111111111111110
11111111111111111111111111111111111111111111111111111111111111111111111111111111111111111111111111111111111111111111111111111111111111111111111111111111111111111111111111111111111111111111111111111110
11111111111111111111111111111111111111111111111111111111111111111111111111111111111111111111111111111111111111111111111111111111111111111111111111111111111111111111111111111111111111111111111111111110
11111111111111111111111111111111111111111111111111111111111111111111111111111111111111111111111111111111111111111111111111111111111111111111111111111111111111111111111111111111111111111111111111111110
11111111111111111111111111111111111111111111111111111111111111111111111111111111111111111111111111111111111111111111111111111111111111111111111111111111111111111111111111111111111111111111111111111110
11111111111111111111111111111111111111111111111111111111111111111111111111111111111111111111111111111111111111111111111111111111111111111111111111111111111111111111111111111111111111111111111111111110
11111111111111111111111111111111111111111111111111111111111111111111111111111111111111111111111111111111111111111111111111111111111111111111111111111111111111111111111111111111111111111111111111111110
11111111111111111111111111111111111111111111111111111111111111111111111111111111111111111111111111111111111111111111111111111111111111111111111111111111111111111111111111111111111111111111111111111110
11111111111111111111111111111111111111111111111111111111111111111111111111111111111111111111111111111111111111111111111111111111111111111111111111111111111111111111111111111111111111111111111111111110
