00000000000000000000000000000000000000000000000000000000000000000000000000000000000000000000000000000000000000000000000000000000000000000000000000000000000000000000000000000000000000000000000000000000
11111111111111111111111111111111111111111111111111111111111111111111111111111111111111111111111111111111111111111111111111111111111111111111111111111111111111111111111111111111111111111111111111111110
11111111111111111111111111111111111111111111111111111111111111111111111111111111111111111111111111111111111111111111111111111111111111111111111111111111111111111111111111111111111111111111111111111110
11111111111111111111111111111111111111111111111111111111111111111111111111111111111111111111111111111111111111111111111111111111111111111111111111111111111111111111111111111111111111111111111111111110
11115555555000000000000000011111111111111111000000000000000000000000000011111111111111111111111111111111111111111111111111111111111111111111111111111111111111111111111111111111111111111111111111111110
11115555555500000000000000011111111111111111000000000000000000000000000011111111111111111111111111111111111111111111111111111111111111111111111111111111111111111111111111111111111111111111111111111110
11115555555555550000000000011111111111111111000000000000000000000000000011111111111111111111111111111111111111111111111111111111111111111111111111111111111111111111111111111111111111111111111111111110
11115555555555555000000000001111111111111111000000000000000000000000000011111111111111111111111111111111111111111111111111111111111111111111111111111111111111111111111111111111111111111111111111111110
11115555555555555500000000001111111111111111100000000000000000000000000011111111111111111111111111111111111111111111111111111111111111111111111111111111111111111111111111111111111111111111111111111110
11110000000000555500000000001111111111111111110000000000000000000000000011111111111111111111111111111111111111111111111111111111111111111111111111111111111111111111111111111111111111111111111111111110
11110000000110555500000000000111111111111111111100000000000000000000000011111111111111111111111111111111111111111111111111111111111111111111111111111111111111111111111111111111111111111111111111111110
11110000000000055500000000001101111111111111111100000000000000000000110011111111111111111111111111111111111111111111111111111111111111111111111111111111111111111111111111100000000000000001111111111110
11110000000000055500000000001101111111111111111100000000000000000000000111111111111111111111111111111111111111111111111111111111111111111111111111111111111111111111111111110000000000005501111111111110
11110000000000055500000000000001111111111111111100000000000000000000000111111111111111111111111110000000001111111111111111111111111111111111111111111111111111111111111111110000000000551501111111111110
11110000000000005500000000000001111111111111111110000000000000000000001111111111111111111111111110000001101111111111111111111111111111111111111111111111111111111111111111110000000000511151111111111110
11110000000000000500000000000001111111111111111110000000000000000111111111111111111111111111111000000000001111111111111111111111000000000000000000000000000011111111111110110000000000511115111111111110
11110000000000000000000000000001111111111111111111111000000000001111111111111111111111111111111000000000001111111111111111111111011000000000000000000000000011111111111110000000000055511115111111111110
11110000000000000000000000000001111111111111111111111100000000011111111111111111111111111111000000000001101111111111111111111111100000000000000000000000000011111111111110000000000000511115111111111110
11110000000000000000000000500001111111111111111111111111000000011111111111111111111111111111110000000000001111111111111111111111100000000000000000000000000011111111111110000000000000005555001111111110
11110000000000000000000000550001111111111111111111111111000005511111111111111111111111111111110000000000001111111111111111111111000000000000000000000000000011111111111110000000000000000500000111111110
11111555500000000000000000555001111111111111111111111111000005511111111111111111111111111111100000000000001111111111111111111111000000000000000011000000000011111111111110000000000000000000000000001110
11111155555000000000000500555001111111111111111111111111555055511111111111111111111111111111000000000000001111111111111111111110000000000000000000000000000011111111111110000000000000000000000000001110
11111115555500000000000505555001111111111111111111111111555555511111111111111111111100000000000000000000001111111111111111111110000000000011111111111111111111111111111110000000000000000000000000001110
11111111555000000000005555555001111111111111111111111111555555511111111111111111111100000000000000000000001111111111111111111100000000000011111111111111111111111111111110000000000000000000000000001110
11111111555500000055555555555001111111111111111111111111115555511111111111111111111100000000000000000000001111111111111111110000000000000111111111111111111111111111111110000000000000000000000000001110
11111111555500000555555555550001111111111111111111111111115511111111111111111111111100000000000000000000001111111111111111110000000000000111111111111111111111111111111110000000000000000000000000001110
11111111555500005555555555000001111111111111111111111111111111111111111111111111111100000000000000000000001111111111111111110000000000001111111111111111111111111111111110011000000000000000000000001110
11111111155500555555500000000011111111111111111111111111111111111111111111111111111100000000000000000000001111111111111111110000000000011111111111111111111111111111111110000000000000000000000000001110
11111111155555555555000000000111111111111111111111111111111111111111111111111111111100000000000000000000001111111111111111110000000001111111111111111111111111111111111110000000000000000000000000001110
11111111115555555550000000000111111111111111111111111111111111111111111111111111111100000000000010000000001111111111111111110000000000111111111111111111111111111111111110000000000000000011111111111110
11111111115555555550110001111111111111111111111111111111111111111111111111111111111111111111111110000000001111111111111111110000111111111111111111111111111111111111111110100000000000001111111111111110
11111111111555555550000011111111111111111111111111111111111111111111111111111111111111111111111110000000001111111111111111110000111111111111111111111111111111111111111110100000000000011111111111111110
11111111111555555550000111111111111111111111111111111111111111111111111111111111111111111111111111000000001111111111111111110001111111111111111111111111111111111111111110000000000000011111111111111110
11111111111555555500001111111111111111111111111111111111111111111111111111111111111111111111111111000000001111111111111111110011111111111111111111111111111111111111111110000000000000111111111111111110
11111111111155550000001111111111111111111111111111111111111111111111111111111111111111111111111111000000001111111111111111110111111111111111111111111111111111111111111110000000000000111111111111111110
11111111111155550000011111111111111111111111111111111111111111111111111111111111111111111111111111000000001111111111111111110111111111111111111111111111111111111111111110000000000000111111111111111110
11111111111111111111111111111111111111111111111111111111111111111111111111111111111111111111111111111111111111111111111111111111111111111111111111111111111111111111111111111111111111111111111111111110
11111111111111111111111111111111111111111111111111111111111111111111111111111111111111111111111111111111111111111111111111111111111111111111111111111111111111111111111111111111111111111111111111111110
11111111111111111111111111111111111111111111111111111111111111111111111111111111111111111111111111111111111111111111111111111111111111111111111111111111111111111111111111111111111111111111111111111110
11111111111111111111111111111111111111111111111111111111111111111111111111111111111111111111111111111111111111111111111111111111111111111111111111111111111111111111111111111111111111111111111111111110
11111111111111111111111111111111111111111111111111111111111111111111111111111111111111111111111111111111111111111111111111111111111111111111111111111111111111111111111111111111111111111111111111111110
11111111111111111111111111111111111111111111111111111111111111111111111111111111111111111111111111111111111111111111111111111111111111111111111111111111111111111111111111111111111111111111111111111110
11111111111111111111111111111111111111111111111111111111111111111111111111111111111111111111111111111111111111111111111111111111111111111111111111111111111111111111111111111111111111111111111111111110
11111111111111111111111111111111111111111111111111111111111111111111111111111111111111111111111111111111111111111111111111111111111111111111111111111111111111111111111111111111111111111111111111111110
11111111111111000000001111111111111111111111111110000000000011111111111111111111111111111111110000000011111111111111111111111111111111111110000055551111111111111111111111111111111111111111111111111110
11111111111111000000001111111111111111111111111110000000000011111111111111111111111111111111110000000011111111111111111111111111111111111110000555551111111111111111111111111111111111111111111111111110
11111111111111000000001111111111111111111111111110000000000011111111111111111111111111111111110000000011111111111111111111111111111111111100005555551111111111111111111111111111111111111111111111111110
11111111111111000000001111111111111111111111111110000000000011111111111111111111111111111111110000000001111111111111111111111111111111111000055555555111111111111111111111111111111111111111111111111110
11111111111111000000001111111111111111111111111110000000000011111111111111111111111111111111100000000000111111111111111111111111111111110000055555555111111111111111111111111111111111111111111111111110
11111111111111000000001111111111111111111111111110000000000001111111111111111111111111111111110000000000011111111111111111111111111111100110055550005511111111111111111111111111111111111111111111111110
11111111111111000000001111111111111111111111111110000000000000111111111111111111111100000000110000000001000000000000111111111111110000000110055551105551111111111111000000011000001110000001100000001110
11111111111111000000001111111111111111111111111110000000000000011111111111111111111100000000000000000000000000000000111111111111100000000000555551105551111111111111000000000000001110000000000000001110
11111111111111000000001111111111111111111111111110000000000000000011111111111111111100000000000000000000000000000000111111111111101100000055555555505555111111111111000000000000000000000000000000001110
11111111111110000000001111111111111111111111111110000000000000000000111111111111111100000000000000000000000000000000111111111111100005555555555055505555111111111111000000000000000000000000000000001110
11111111111110000000001111111111111111111111111110000000000000000110011111111111111100000000000000000000000000000000111111111111100055555555555000005555111111111111000000000000000000000000000000001110
11111111111000000000001111111111111111111111111110000000000000000000001111111111111100000000000000000000000000000000111111111111100555555555550000005555511111111111000000000000000000000000000000001110
11110000000000000000001111111111111111111111111110000000000000000000001111111111111100000000000000000000000000000000111111111111100555555000000000005555511111111111000000000000000000000000000000001110
11110000000000000000001111111111111111111111111110000000000000000001001111111111111111001000000000000000000000000000111111111111100555511000000000005555551111111111000000000000000000000000000000001110
11110000000000000000001111111111111111111111111110000000000000000001001111111111111111111111000000000000000000111111111111111111100555511000000000000055555111111111000000000000000000000000000000001110
11110000000000000000001111111111111111111111111111100000000000000000001111111111111111111111100000000000000011111111111111111111100555000000000000000000555511111111000000000000000000000000000000001110
11110000000000000000001111111111111111111111111111100000000000000000001111111111111111111111105511000000000011111111111111111111100055000000000000000000000011111111000000000000000000000000000000001110
11110000000000000000000111111111111111111111111111110000000000000000001111111111111111111111115511115000000111111111111111111111100005000000000000000000000011111111000000000000000000000000000000001110
11110000000000000000000011111111111111111111111111111100000000000000001111111111111111111111111511115550011111111111111111111111100000000000000000000000000011111111000000000000000000000055000000001110
11110000000000000000000001111111111111111111111111111110000000000000001111111111111111111111115511115550011111111111111111111111100000000000000000000000000011111111000000000000000000000555500000001110
11111111111110000000000000001111111111111111111111111110000000000000001111111111111111111111111511115000011111111111111111111111100000000000005000000000000011111111000000000000000000000555500000001110
11111111111111000000000000000111111111111111111111111111000000000000001111111111111111111111111551000011011111111111111111111111100000000000005500000000000011111111000000000000000000000055000000001110
11111111111111100000000000110011111111111111111111111111000000000000001111111111111111111111111550000011011111111111111111111111100000000000005550000000000011111111000000000000000000000000000000001110
11111111111111110000000000110011111111111111111111111111000000000000001111111111111111111111111110001111111111111111111111111111100000000000005550000000000011111111000000000000000000000000000000001110
11111111111111110000000000000011111111111111111111111111000000000000001111111111111111111111111111111111111111111111111111111111110000000000005550000000000011111111000000000000000000000000000000001110
11111111111111110000000000000011111111111111111111111111000000000000001111111111111111111111111111111111111111111111111111111111111000000000005555000000000011111111001100000011000000000000000001101110
11111111111111110000000000000011111111111111111111111111000000000001001111111111111111111111111111111111111111111111111111111111111100000000005555500000000011111111001100000011000000000000000001101110
11111111111111110000000000000011111111111111111111111111000000000001001111111111111111111111111111111111111111111111111111111111111100000000005555555555555511111111111111111111111111111111111111111110
11111111111111110000000000000011111111111111111111111111000000000000001111111111111111111111111111111111111111111111111111111111111100000000000555555555555511111111111111111111111111111111111111111110
11111111111111110000000000000011111111111111111111111111000000000000001111111111111111111111111111111111111111111111111111111111111100000000000055555555555511111111111111111111111111111111111111111110
11111111111111110000000000000011111111111111111111111111000000000000001111111111111111111111111111111111111111111111111111111111111100000000000000055555555511111111111111111111111111111111111111111110
11111111111111110000000000000011111111111111111111111111000000000000001111111111111111111111111111111111111111111111111111111111111100000000000000055555555511111111111111111111111111111111111111111110
11111111111111111111111111111111111111111111111111111111111111111111111111111111111111111111111111111111111111111111111111111111111111111111111111111111111111111111111111111111111111111111111111111110
11111111111111111111111111111111111111111111111111111111111111111111111111111111111111111111111111111111111111111111111111111111111111111111111111111111111111111111111111111111111111111111111111111110
11111111111111111111111111111111111111111111111111111111111111111111111111111111111111111111111111111111111111111111111111111111111111111111111111111111111111111111111111111111111111111111111111111110
11111111111111111111111111111111111111111111111111111111111111111111111111111111111111111111111111111111111111111111111111111111111111111111111111111111111111111111111111111111111111111111111111111110
11111111111111111111111111111111111111111111111111111111111111111111111111111111111111111111111111111111111111111111111111111111111111111111111111111111111111111111111111111111111111111111111111111110
11111111111111111111111111111111111111111111111111111111111111111111111111111111111111111111111111111111111111111111111111111111111111111111111111111111111111111111111111111111111111111111111111111110
11111111111111111111111111111111111111111111111111111111111111111111111111111111111111111111111111111111111111111111111111111111111111111111111111111111111111111111111111111111111111111111111111111110
11111111111111111111111111111111111111111111111111111111111111111111111111111111111111111111111111111111111111111111111111111111111111111111111111111111111111111111111111111111111111111111111111111110
11111111110000000000000011111111111111111111111111111111110000000000001111111111111111111111111111111000000000111111111111111111111111111100000000001111111111111111111111111111111111111111111111111110
11111111110000000000000011111111111111111111111111111111110000000000001111111111111111111111111111111000000000111111111111111111111111111100000000001111111111111111111111111111111111111111111111111110
11111111110000000000000011111111111111111111111111111111110000000001101111111111111111111111111111111000000000111111111111111111111111111100000000001111111111111111111111111111111111111111111111111110
11111111110000000000000011111111111111111111111111111111100000000001101111111111111111111111111111110000000000111111111111111111111111111100000000001111111111111111111111111111111111111111111111111110
11111111110000000000000011111111111111111111111111111111100000000000001111111111111111111111111111110000000000111111111111111111111111111100000000001111111111111111111111111111111111111111111111111110
11111111110000000000000011111111111111111111111111111111000000000000001111111111111111111111111111110000000000111111111111110000000005511100000000001111111111111111111111111111111111111111111111111110
11111111110000000000000011111111111111111111000000000000000000000000001111111111111111111111111111000000000000111111111111110000005555511100000000000111111111111111111111111111111111111111111111111110
11111111110000000000000011111111111111111111001000000000000000000000001111111111111111111111111110000000000000111111111111110000055555011100000000000111111111111111111111111111111111111111111111111110
11111111110000000000000011111111111111111111001000000000000000000000001111111111111111111111110000000000000000111111111111110000055555011100000000000111111111111111111111111111111111111111111111111110
11111111110110000000000001111111111111111111000000000000000000000000001111111111111111111111100111000000000000111111111111110000055555011100000000000001111111111111111111111111100000000011111111111110
11111111110110000000000000111111111111111111000000000000000010000000001111111111111111111111001110000000000000111111111111110000005550001100000000000001111111111111111111111111000000010011111111111110
11111111111000000000000000011111111111111111000000000000000111000000000111111111111111111111001100000000000110011111111111110000000000000100000000000001111111111111111111111110000000010011111111111110
11111111111111100000000000000111111111111111000000000000000010000000000011111111111111111111000000000000000110001111111111110000000000000000000000000001111111111111111111111110000000000011111111111110
11111111111111111000000000500111111111111111000000000000000000000000000001111111111111111100000000000000000055550111111111110000000000000000000000000001111111111111111111111110000000000011111111111110
11111111111111111100000000555111111111111111000000000000001000010000000000001111111111111000000000000000000055555000111111110000000000000000000000500001111111111111111111111100000000000011111111111110
11111111111111111100000000551111111111111111110000000000011100111000000000001111111100000000000000000000000055555000111111115555000000000000000000550001111111111111111111111000000000000001111111111110
11111111111111111100000000051111111111111111111110000000001000010000000000001111111100000000000000000000000005550000111111115555550000000000000000555001111111111111111111111000000000000001111111111110
11111111111111111100000000051111111111111111111111000000000000000000000000001111111100000000000000000000000000500000111111115555555000000000000000555001111111111111111111110000000000000000111111111110
11111111111111111100000000005111111111111111111111110000000000000000000000001111111100000000000000000000000000000000111111111115555500000000000000005001111111111111000000000010000000000000000000001110
11111111111111111100000000000111111111111111111111110000000000000000000000001111111100000000000000000000000000000000111111111111555500000000000555500001111111111111000000000010000000000000000000001110
11111111111111111100000000000111111111111111111111110000000000000000000000001111111100000000000000000000000000000000111111111111155500000055555555555001111111111111000000000000000000000000000000001110
11111111111111111100000000001111111111111111111111111100000000000000000000001111111100000000000000000000000000000000111111111111155555550555555555550001111111111111000000000000000000000000000000001110
11111111111111111100000000011111111111111111111111111110000000000000000000001111111100000000000000000000000000000000111111111111155555555555555555000001111111111111000000000000000000000000000000001110
11111111111111111100000000111111111111111111111111111110000000000000000000001111111111100000000000000000110000000000111111111111155555555555500000000001111111111111000000000000000000000000000000001110
11111111111111111100000000111111111111111111111111111111000000000000001111111111111111111000000000000000110000000000111111111111155555555555000000000001111111111111000000000000000000000000000000001110
11111111111111111100000000111111111111111111111111111111100000000000011111111111111111111100000000000000000000000000111111111111155555555550011000000011111111111111111111111100000000000000000000001110
11111111111111111100000000111111111111111111111111111111110000000000111111111111111111111111111111111111111111111111111111111111155555555550011011111111111111111111111111111111000000000000111111111110
11111111111111111100000000111111111111111111111111111111111000000000111111111111111111111111111111111111111111111111111111111111155555555550011111111111111111111111111111111111100000000001111111111110
11111111111111111100000000111111111111111111111111111111111000000000111111111111111111111111111111111111111111111111111111111111155555555550001111111111111111111111111111111111110000000011111111111110
11111111111111111100000000111111111111111111111111111111111000000000111111111111111111111111111111111111111111111111111111111111155555555550001111111111111111111111111111111111110000000011111111111110
11111111111111111100000000111111111111111111111111111111111000000000111111111111111111111111111111111111111111111111111111111111155555555500011111111111111111111111111111111111110000000011111111111110
11111111111111111100000000111111111111111111111111111111111000000000111111111111111111111111111111111111111111111111111111111111111111111111111111111111111111111111111111111111110000000011111111111110
11111111111111111111111111111111111111111111111111111111111111111111111111111111111111111111111111111111111111111111111111111111111111111111111111111111111111111111111111111111111111111111111111111110
11111111111111111111111111111111111111111111111111111111111111111111111111111111111111111111111111111111111111111111111111111111111111111111111111111111111111111111111111111111111111111111111111111110
11111111111111111111111111111111111111111111111111111111111111111111111111111111111111111111111111111111111111111111111111111111111111111111111111111111111111111111111111111111111111111111111111111110
11111111111111111111111111111111111111111111111111111111111111111111111111111111111111111111111111111111111111111111111111111111111111111111111111111111111111111111111111111111111111111111111111111110
11111111111111111111111111111111111111111111111111111111111111111111111111111111111111111111111111111111111111111111111111111111111111111111111111111111111111111111111111111111111111111111111111111110
11111111111111111111111111111111111111111111111111111111111111111111111111111111111111111111111111111111111111111111111111111111111111111111111111111111111111111111111111111111111111111111111111111110
11111111111111111111111111111111111111111111111111111111111111111111111111111111111111111111111111111111111111111111111111111111111111111111111111111111111111111111111111111111111111111111111111111110
11111111111111111111111111111111111111111111111111111111111111111111111111111111111111111111111111111111111111111111111111111111111111111111111111111111111111111111111111111111111111111111111111111110
11111111110000000011111111111111111111111111111111111111111111111000000000001111111111111111111111110000000000111111111111111111100000000000000000000001111111111111111111111100000001111111111111111110
11111111110000000011111111111111111111111111111111111111111111111000000000001111111111111111111111110000000000111111111111111111100000000000000000000001111111111111111111111100000001111111111111111110
11111111110110000011111111111111111111111111111111111111111111111000000000001111111111111111111111110000000110111111111111111111100000000000000000000001111111111111111111111100000001111111111111111110
11111111110000000011111111111111111111111111111111111111111111110000000000001111111111111111111111110000000110111111111111111111100000000000000000000001111111111111111111111000000001111111111111111110
11111111110000000011111111111111111111111111111111111111111111110000000000001111111111111111111111110000000000111111111111111111100000000000000000000001111111111111111111111000000001111111111111111110
11111111110000000011111111111111111111111111111111111111111111110000000000001111111111111111111111100000000000111111111111111111100000011000000000000001111111111111111111110000000001111111111111111110
11111111110000000011111111111111111111111111111111111111111111100000000000001111111111111111111111000000000000111111111111111111100000011000000000000001111111111111111100000000000000111111111111111110
11111111110000000001111111111111111111111111111111111111111111000000000000001111111111111111111110000000000000111111111111111111100000000000000000000001111111111111111111100000000000011111111111111110
11111111110000000000111111111111111111111111111111111111000000000000000000001111111111111111110000000000000000111111111111111111100000000000000000000001111111111111111111111110000000001111111111111110
11111111110000005550011111111111111111111111111111111111100000000000000000001111111111111111100000000000000000111111111111111111100000000000000000000001111111111111110111111110000000000001111111111110
11111111110000055555001111111111111111111111111111111111100000000000000000001111111111111111100000000000000000111111111111111111100000000000000000000001111111111111110011111100000000000111111111111110
11111111110000005555000000011111111111111111111111111100000000000000000000001111111111111111100000000000000000111111111111111111100000000000000000000001111111111111110001111000000000000001111111111110
11111111100000005550000011011111111111111111111111111100000000000000000000001111111111111111000000000000000000011111111111111111100000000000000550000001111111111111110001100000000000000000111111111110
11111111000000000000000011011111111111111111111111111000000000000000000000001111111111111110000000000000000000000111111111111111100000000000005555000001111111111111110000000000000005555550111111111110
11110000000000000000000000011111111111111111111111111000000000000000000000001111111100000000000000000000000000000000111111111111100000000000005555000001111111111111110000000000000005555550011111111110
11110000000000000000000000011111111111111111111111110000001111100000000000001111111100000000000005511555500000000000111111111111100000000000000550000001111111111111110000000000000005555550001111111110
11110000000000000000000000011111111111111111111100000000011111110000000000001111111100000000000005111155500000000000111111111111100000000000000000000001111111111111110111000000000000555550000000001110
11110000000000000000000000011111111111111111111000000000111111111000000000001111111100000000000055111150000000000000111111111111100000000000000000000001111111111111110111000000000001555500000000001110
11110000000000000000000000011111111111111111110000000000000111111000000000001111111100000000000055111155000000000000111111111111100000000000000000000001111111111111110000000000000001100000000000001110
11110000000000000000000000011111111111111111110000000000001101111011000001101111111100000000000000555000000000000000111111111111100000000000000000000001111111111111110000000000000000000000000000001110
11110000000000000000000000011111111111111111110000000000011100111011000001101111111100000000000000000000000000000000111111111111100000000000000000000001111111111111110000000000000000000000000000001110
11110000000000000000011111111111111111111111110000000001111110111100000000001111111100000000000000000000000000000000111111111111100000000000000000000001111111111111110000000000000000000000000000001110
11111111000000000000111111111111111111111111110000000001111100111110000000001111111100000000000000000000000000000000111111111111100000000000000000000001111111111111110000000000000000000000000000001110
11111111100000000001111111111111111111111111110000000000001110111111111111111111111100000011000000000000000000000000111111111111100000000000000000000001111111111111111110000000000000000000000000001110
11111111100000000011111111111111111111111111110000000000000010011111111111111111111111111011000000000000000001100000111111111111100000000000000000000101111111111111111110000000000000000000000000001110
11111111110000000011111111111111111111111111110000000000000000000111111111111111111111111100000000000000000000000000111111111111100000000000000000000111111111111111111110000000000000000000000000001110
11111111110000000011111111111111111111111111110000000000000000055001111111111111111111111110000000000000111111111111111111111111100000000000000000000111111111111111111111000000000000001111111111111110
11111111110000000011111111111111111111111111110000000000000000555500000000001111111111111111000000000001111111111111111111111111100000000000000000000111111111111111111111000000000000011111111111111110
11111111110000000011111111111111111111111111110000000000000000555501110000001111111111111111000000000001111111111111111111111111100000000000000110000001111111111111111111000000000000111111111111111110
11111111110000000011111111111111111111111111110000000000000000555511100000001111111111111111000000000011111111111111111111111111100000000000000110000001111111111111111111000000000000111111111111111110
11111111110000000011111111111111111111111111110000000000000000055000000000001111111111111111000000000111111111111111111111111111100000000000000000000001111111111111111111000000000000111111111111111110
11111111110000000011111111111111111111111111110000000000000000000000000000001111111111111111000000000111111111111111111111111111100000000000000000000001111111111111111111000000000000111111111111111110
11111111111111111111111111111111111111111111111111111111111111111111111111111111111111111111111111111111111111111111111111111111111111111111111111111111111111111111111111111111111111111111111111111110
11111111111111111111111111111111111111111111111111111111111111111111111111111111111111111111111111111111111111111111111111111111111111111111111111111111111111111111111111111111111111111111111111111110
11111111111111111111111111111111111111111111111111111111111111111111111111111111111111111111111111111111111111111111111111111111111111111111111111111111111111111111111111111111111111111111111111111110
11111111111111111111111111111111111111111111111111111111111111111111111111111111111111111111111111111111111111111111111111111111111111111111111111111111111111111111111111111111111111111111111111111110
11111111111111111111111111111111111111111111111111111111111111111111111111111111111111111111111111111111111111111111111111111111111111111111111111111111111111111111111111111111111111111111111111111110
11111111111111111111111111111111111111111111111111111111111111111111111111111111111111111111111111111111111111111111111111111111111111111111111111111111111111111111111111111111111111111111111111111110
11111111111111111111111111111111111111111111111111111111111111111111111111111111111111111111111111111111111111111111111111111111111111111111111111111111111111111111111111111111111111111111111111111110
11111111111111111111111111111111111111111111111111111111111111111111111111111111111111111111111111111111111111111111111111111111111111111111111111111111111111111111111111111111111111111111111111111110
11111111110000000000000011111111111111111111111111111111111111111111111111111111111111111111111100000000111111111111111111111111111111111111111111111110000011111111111111110000000001111111111111111110
11111111110000000000000011111111111111111111111111111111111111111111111111111111111111111111111100000000111111111111111111111111111111111111111111111110000011111111111111110000000001111111111111111110
11111111110000000000000011111111111111111111111111111111111111111111111111111111111111111111111100000000111111111111111111111111111111111111111111111110000011111111111111110000000001111111111111111110
11111111110000000000000011111111111111111111111111111111111111111111111111111111111111111111111100000000111111111111111111111111111111111111111111111000000011111111111111110000000001111111111111111110
11111111110000000000000011111111111111111111111111111111111111111111111111111111111111111111111100000000111111111111111111111111111111111111111111100000000011111111111111110000000001111111111111111110
11111111110000000000000011111111111111111111111111101000000000000000001111111111111111111111111100000000111111111111111111111111111111111111111110100000000011111111111111100000000000111111111111111110
11111111110110000000000011111111111111111111111111101000000000000000001111111111111111111111111100000000111111111111111111111111111111111111111100100000000011111111111111111000000000111111111111111110
11111111110110000000000011111111111111111111111111000000000055550000001111111111111111111111111100000000011111111111111111111111111111111111111100000000000011111111111115511000000000011111111111111110
11111111110000000000000011111111111111111111100000000000000555555500001111111111111111111111111100000000011111111111111111111111111111111111111100000000000011111110000005550000000000001111111111111110
11111111110000000000000011111111111111111111000000000000005555555500001111111111111111111111111000000001101111111111111111111111111111111111111000000000000011111110000005550000000000000111111111111110
11111111110000000000000011111111111111111111000000000000000005555550001111111111111111111111111000000000000000000000111111111111111111111111110000000000000011111110000005500000000000000001111111111110
11111111110000000000000001111111111111111111000000000000000005555550001111111111111111111111110000000000000000000000111111111111111111111111100000000000000011111110000000000000000000000001111111111110
11111111110000000000000000111111111111111111000000000000000055555550000011111111111111111111000000000000000000000000111111111111111111111000000000000000000011111110000000000000000000000000111111111110
11111111110000000000000000011111111111111111000000000000000055555550000005551111111111111110000000000000000000000000111111111111111111100000000000000000000011111110000000000000000000000000111111111110
11111111110000000000000000001111111111111111000000000000000055555550110005551111111111110110000000000000000000000000111111111111111111100000000000000000000011111110000000000000000000000000011111111110
11111111110000000000000000000111111111111111000000000000000055005555000055551111111111110000000000000000000000000000111111111111111111000000000000000000000011111110000000000000000500500000000111111110
11111111110000000000000000000111111111111111000000000000000000005555500055551111111111110000000000000000000000000011111111111111111111000000000000000000000011111110000000000000000555550000000001111110
11111111110000000000000000000001111111111111000000000000000000005555555555551111111111100000000000000000000000000011111111111111111110000000000000000000000011111110000000000000000511150000000000001110
11111111110000000000000000000001111111111111000055555555000000000555555555551111111111000000000001111111111111111111111111111111111100000000000000000000000011111111111100000000055111150000000000001110
11111111110000000000000000000001111111111111000555555550000000000055555555551111111100000000000001111111111111111111111111111111111100000011111000000000000011111111111110000000005111500000000000001110
11111111111000000000000000000001111111111111000555555500000000000005555500001111111100000000000001111111111111111111111111110000000000000111111100000000000011111111111110000000000511500000000000001110
11111111111100100000000000000001111111111111005555555000000000000000000000001111111100000000000011111111111111111111111111110000555000000111111110000000000011111111111110000000000055500000000000001110
11111111111110000000000000000001111111111111005555555500000000000000000000001111111100000000000011111111111111111111111111110005555500000000011110000000000011111111111110000000000005000000000000001110
11111111111111100000000000000001111111111111055555555500000000000000000000001111111100000000011111111111111111111111111111110005555500000000001110000000000011111111111111000000000000000000010000111110
11111111111111111000000000000001111111111111055555055000000000000000000000001111111100000000011111111111111111111111111111110000555000000001101110000000000011111111111111100000000000000000010000111110
11111111111111111100000000000001111111111111555550000000000000000000000000001111111100000000011111111111111111111111111111110000000000000001101110110000000011111111111111100000000000000000000000001110
11111111111111111110000000055551111111111111555550000000000000000000000000001111111100001111111111111111111111111111111111110000000000000000001111110000000011111111111111110000000000001111111111111110
11111111111111111111000000555551111111111111555550000000000000000000000000001111111100011111111111111111111111111111111111110000000000110000001111111111111111111111111111110000000000011111111111111110
11111111111111111111000000555551111111111111555550000000000000111111111111111111111100011111111111111111111111111111111111110000000000110000000011111111111111111111111111110000000000011111111111111110
11111111111111111111000000055551111111111111555550000000000000111111111111111111111100111111111111111111111111111111111111110000011000000001100001111111111111111111111111010000000000111111111111111110
11111111111111111111000000055551111111111111555550000000000011111111111111111111111100111111111111111111111111111111111111110000011000000001100000111111111111111111111111000000000000111111111111111110
11111111111111111111000000000001111111111111555550000000000011111111111111111111111100111111111111111111111111111111111111110000000000000000000000011111111111111111111111000000000000111111111111111110
11111111111111111111111111111111111111111111111111111111111111111111111111111111111111111111111111111111111111111111111111111111111111111111111111111111111111111111111111111111111111111111111111111110
11111111111111111111111111111111111111111111111111111111111111111111111111111111111111111111111111111111111111111111111111111111111111111111111111111111111111111111111111111111111111111111111111111110
11111111111111111111111111111111111111111111111111111111111111111111111111111111111111111111111111111111111111111111111111111111111111111111111111111111111111111111111111111111111111111111111111111110
11111111111111111111111111111111111111111111111111111111111111111111111111111111111111111111111111111111111111111111111111111111111111111111111111111111111111111111111111111111111111111111111111111110
