00000000000000000000000000000000000000000000000000000000000000000000000000000000000000000000000000000000000000000000000000000000000000000000000000000000000000000000000000000000000000000000000000000000
11111111111111111111111111111111111111111111111111111111111111111111111111111111111111111111111111111111111111111111111111111111111111111111111111111111111111111111111111111111111111111111111111111110
11111111111111111111111111111111111111111111111111111111111111111111111111111111111111111111111111111111111111111111111111111111111111111111111111111111111111111111111111111111111111111111111111111110
11111111111111111111111111111111111111111111111111111111111111111111111111111111111111111111111111111111111111111111111111111111111111111111111111111111111111111111111111111111111111111111111111111110
11111111111111111111111111111111111111111111111111111111111111111111111111111111111111111111111111111111111111111111111111111111111111111111111111111111111111111111111111111111111111111111111111111110
11111111111111111111111111111111111111111111111111111111111111111111111111111111111111111111111111111111111111111111111111111111111111111111111111111111111111111111111111111111111111111111111111111110
11111111111111111111111111111111111111111111111111111111111111111111111111111111111111111111111111111111111111111111111111111111111111111111111111111111111111111111111111111111111111111111111111111110
11111111111111111111111111111111111111111111111111111111111111111111111111111111111111111111111111111111111111111111111111111111111111111111111111111111111111111111111111111111111111111111111111111110
11111111111111111111111111111111111111111111111111111111111111111111111111111111111111111111111111111111111111111111111111111111111111111111111111111111111111111111111111111111111111111111111111111110
11111111111111111111111111111111111111111111111111111111111111111111111111111111111111111111111111111111111111111111111111111111111111111111111111111111111111111111111111111111111111111111111111111110
11111111110000000011111111111111111111111111111111111111111111111111111111111111111111111111111100000000000000111111000000001111111111111111111111111111111111111111111111111111111111111111111111111110
11111111110000000011111111111111111111111111111111111111111111111111111111111111111111111111111100000000000000111111000000001111111111111111111111111111111111111111111111111111111111111111111111111110
11111111110000000011111111111111111111111111111111111111111111111111111111111111111111111111000000000000000000000000000000000011111111111111111111111111111111111111111111111111111111111111111111111110
11111111110000000011111111111111111111111111111111111111111111111111111111111111111111111111000000000000000000000000000000000011111111111111111111111111111111111111111111111111111111111111111111111110
11111111110000000011111111111111111111111111111111111111111111111111111111110000000000000000000000001100000000000000000000000011111111111111111111111111111111111111111111111111111111111111111111111110
11111111110000000011111111111111111111111111111111111111111111111111111111110000000000000000000000001100000000000000000000000011111111111111111111111111111111111111111111111111111111111111111111111110
11111111110000000011111111111111111111111111111111111111111111111111111111000000000000000000000011111111111100000000000000000011111111111111110000000011111111111111111111111111111111111111111111111110
11111111110000000011111111111111111111111111111111111111111111111111111111000000000000000000000011111111111100000000000000000011111111111111110000000011111111111111111111111111111111111111111111111110
11111111110000000011111111111111111111111111111111111111111111111111111111000000111111111111111111111111111111111111110000000000111111111111110000000000001111111111111111111111111111111111111111111110
11111111110000000011111111111111111111111111111111111111111111111111111111000000111111111111111111111111111111111111110000000000111111111111110000000000001111111111111111111111111111111111111111111110
11111111110000000011111111111111111111111111111111111111111111111111111111000000111111111111111111111111111111111111111100000000001111111111000000000000000000001111111111111111111111111111111111111110
11111111110000000011111111111111111111111111111111111111111111111111111111000000111111111111111111111111111111111111111100000000001111111111000000000000000000001111111111111111111111111111111111111110
11111111110000000011111111111111111111111111111111111111111111111111111111000000001111111111111111111111111111111111111111000000000000111111000000111100000000000000111111111111111111111111111111111110
11111111110000000011111111111111111111111111111111111111111111111111111111000000001111111111111111111111111111111111111111000000000000111111000000111100000000000000111111111111111111111111111111111110
11111111110000000011111111111111111111111111111111111111111111111111111111000000000011111111111111111111111111111111111111110000000000000000000011111111110000000000001111111111111111111111111111111110
11111111110000000011111111111111111111111111111111111111111111111111111111000000000011111111111111111111111111111111111111110000000000000000000011111111110000000000001111111111111111111111111111111110
11111111110000000011111111111111111111111111111111111111111111111111111111110000000000001111111111111111111111111111111111111111000000000000000011111111111111000000000011111111111111111111111111111110
11111111110000000011111111111111111111111111111111111111111111111111111111110000000000001111111111111111111111111111111111111111000000000000000011111111111111000000000011111111111111111111111111111110
11111111110000000011111111111111111111111111111111111111111111111111111111111100000000001111111111111111111111111111111111111111111100000000001111111111111111110000000011111111111111111111111111111110
11111111110000000011111111111111111111111111111111111111111111111111111111111100000000001111111111111111111111111111111111111111111100000000001111111111111111110000000011111111111111111111111111111110
11111111110000000011111111111111111111111111111111111111111111111111111111111111000000000011111111111111111111111111111111111111111111111111111111111111111111111100000011111111111111111111111111111110
11111111110000000011111111111111111111111111111111111111111111111111111111111111000000000011111111111111111111111111111111111111111111111111111111111111111111111100000011111111111111111111111111111110
11111111110000000011111111111111111111111111111111111111111111111111111111111111110000000011111111111111111111111111111111111111111111111111111111111111111111111111000000111111111111111111111111111110
11111111110000000011111111111111111111111111111111111111111111111111111111111111110000000011111111111111111111111111111111111111111111111111111111111111111111111111000000111111111111111111111111111110
11111111110000000011111111111111111111111111111111111111111111111111111111111111111111000011111111111111111111111111111111111111111111111111111111111111111111111111000000111111111111111111111111111110
11111111110000000011111111111111111111111111111111111111111111111111111111111111111111000011111111111111111111111111111111111111111111111111111111111111111111111111000000111111111111111111111111111110
11111111110000000011111111111111111111111111111111111111111111111111111111111111110000000011111111111111111111111111111111111111111111111111111111111111111111111111000000111111111111111111111111111110
11111111110000000011111111111111111111111111111111111111111111111111111111111111110000000011111111111111111111111111111111111111111111111111111111111111111111111111000000111111111111111111111111111110
11111111110000000011111111111111111111111111111111111111111111111111111111111100000000000011111111111111111111111111111111111111111111111111111111111111111111111100000011111111111111111111111111111110
11111111110000000011111111111111111111111111111111111111111111111111111111111100000000000011111111111111111111111111111111111111111111111111111111111111111111111100000011111111111111111111111111111110
11111111110000000011111111111111111111111111111111111111111111111111111111110000000000000011111111111111111111111111111111111111111111111111111111111111111111111100000011111111111111111111111111111110
11111111110000000011111111111111111111111111111111111111111111111111111111110000000000000011111111111111111111111111111111111111111111111111111111111111111111111100000011111111111111111111111111111110
11111111111100000011111111111111111111111111111111111111111111111111111111110000000000111111111111111111111111111111111111111111111111111111111111111111111111110000000011111111111111111111111111111110
11111111111100000011111111111111111111111111111111111111111111111111111111110000000000111111111111111111111111111111111111111111111111111111111111111111111111110000000011111111111111111111111111111110
11111111111100000011111111111111111111111111111111111111111111111111111100000000000011111111111111111111111111111111111111111111111111111111111111111111111111110000001111111111111111111111111111111110
11111111111100000011111111111111111111111111111111111111111111111111111100000000000011111111111111111111111111111111111111111111111111111111111111111111111111110000001111111111111111111111111111111110
11111111111111000000111111111111111111111111111111111111111111111111110000000000111111111111111111111111111111111111111111111111111111111111111111111111111111000000001111111111111111111111111111111110
11111111111111000000111111111111111111111111111111111111111111111111110000000000111111111111111111111111111111111111111111111111111111111111111111111111111111000000001111111111111111111111111111111110
11111111111111000000111111111111111111111111111111111111111111111111110000000000111111111111111111111111111111111111111111111111111111111111111111111111111111000000000011111111111111111111111111111110
11111111111111000000111111111111111111111111111111111111111111111111110000000000111111111111111111111111111111111111111111111111111111111111111111111111111111000000000011111111111111111111111111111110
11111111111111110000111111111111111111111111111111111111111111111111110000000011111111111111111111111111111111111111111111111111111111111111111111111111111111110000000011111111111111111111111111111110
11111111111111110000111111111111111111111111111111111111111111111111110000000011111111111111111111111111111111111111111111111111111111111111111111111111111111110000000011111111111111111111111111111110
11111111111111110000001111111111111111111111111111111111111111111111110000001111111111111111111111111111111111111111111111111111111111111111111111111111111111110000000000111111110000000000111111111110
11111111111111110000001111111111111111111111111111111111111111111111110000001111111111111111111111111111111111111111111111111111111111111111111111111111111111110000000000111111110000000000111111111110
11111111111111110000001111111111111111111111111111111111111111111111110000111111111111111111111111111111111111111111111111111111111111111111111111111111111111111100000000000011000000000000001111111110
11111111111111110000001111111111111111111111111111111111111111111111110000111111111111111111111111111111111111111111111111111111111111111111111111111111111111111100000000000011000000000000001111111110
11111111111111110000001111111111111111111111111111111111111111111111000000111111111111111111111111111111111111111111111111111111111111111111111111111111111111111111000000000000000000111100000011111110
11111111111111110000001111111111111111111111111111111111111111111111000000111111111111111111111111111111111111111111111111111111111111111111111111111111111111111111000000000000000000111100000011111110
11111111111111110000000011111111111111111111111111111111111111111111000011111111111111111111111111111111111111111111111111111111111111111111111111111111111111111111110000000000001111111100000011111110
11111111111111110000000011111111111111111111111111111111111111111111000011111111111111111111111111111111111111111111111111111111111111111111111111111111111111111111110000000000001111111100000011111110
11111111111111111100000011111111111111111111111111111111111111110000000011111111111111111111111111111111111111111111111111111111111111111111111111111111111111111111111111111111111111111111000011111110
11111111111111111100000011111111111111111111111111111111111111110000000011111111111111111111111111111111111111111111111111111111111111111111111111111111111111111111111111111111111111111111000011111110
11111111111111111100000011111111111111111111111111111111111111000000001111111111111111111111111111111111111111111111111111111111111111111111111111111111111111111111111111111111111111111111000000111110
11111111111111111100000011111111111111111111111111111111111111000000001111111111111111111111111111111111111111111111111111111111111111111111111111111111111111111111111111111111111111111111000000111110
11111111111111111100000011111111111111111111111111111111111100000000111111111111111111111111111111111111111111111111111111111111111111111111111111111111111111111111111111111111111111111111110000111110
11111111111111111100000011111111111111111111111111111111111100000000111111111111111111111111111111111111111111111111111111111111111111111111111111111111111111111111111111111111111111111111110000111110
11111111111111111100000011111111111111111111111111111111110000000011111111111111111111111111111111111111111111111111111111111111111111111111111111111111111111111111111111111111111111111111110000111110
11111111111111111100000011111111111111111111111111111111110000000011111111111111111111111111111111111111111111111111111111111111111111111111111111111111111111111111111111111111111111111111110000111110
11111111111111111100001111111111111111111111111111111111000000111111111111111111111111111111111111111111111111111111111111111111111111111111111111111111111111111111111111111111111111111111000000111110
11111111111111111100001111111111111111111111111111111111000000111111111111111111111111111111111111111111111111111111111111111111111111111111111111111111111111111111111111111111111111111111000000111110
11111111111111111100000011111111111111111111111111111111000000111111111111111111111111111111111111111111111111111111111111111111111111111111111111111111111111111111111111111111111111111111000011111110
11111111111111111100000011111111111111111111111111111111000000111111111111111111111111111111111111111111111111111111111111111111111111111111111111111111111111111111111111111111111111111111000011111110
11111111111111111100000011111111111111111111111111111111000011111111111111111111111111111111111111111111111111111111111111111111111111111111111111111111111111111111111111111111111111111111000011111110
11111111111111111100000011111111111111111111111111111111000011111111111111111111111111111111111111111111111111111111111111111111111111111111111111111111111111111111111111111111111111111111000011111110
11111111111111111100000011111111111111111111111111111100000011111111111111111111111111111111111111111111111111111111111111111111111111111111111111111111111111111111111111111111111111111100000011111110
11111111111111111100000011111111111111111111111111111100000011111111111111111111111111111111111111111111111111111111111111111111111111111111111111111111111111111111111111111111111111111100000011111110
11111111111111111100000011111111111111111111111111111100001111111111111111111111111111111111111111111111111111111111111111111111111111111111111111111111111111111111111111111111111111110000001111111110
11111111111111111100000011111111111111111111111111111100001111111111111111111111111111111111111111111111111111111111111111111111111111111111111111111111111111111111111111111111111111110000001111111110
11111111111111110000000011111111111111111111111111111100001111111111111111111111111111111111111111111111111111111111111111111111111111111111111111111111111111111111111111111111111111000000111111111110
11111111111111110000000011111111111111111111111111111100001111111111111111111111111111111111111111111111111111111111111110011111111111111111111111111111111111111111111111111111111111000000111111111110
11111111111111110000001111111111111111111111111111111100001111111111111111111111111111111111111111111111111111111111111110011111111111111111111111111111111111111111111111111111111100000011111111111110
11111111111111110000001111111111111111111111111111111100001111111111111111111111111111111111111111111111111111111111111110011111111111111111111111111111111111111111111111111111111100000011111111111110
11111111111111110000001111111111111111111111111111111100001111111111111111111111111111111111111111111111111111111111111110011111111111111111111111111111111111111111111111111111111100000011111111111110
11111111111111110000001111111111111111111111111111111100001111111111111111111111111111111111111111111111111111111111111110011111111111111111111111111111111111111111111111111111111100000011111111111110
11111111111111110000001111111111111111111111111111111100001111111111111111111111111111111111111111111111111111111111111110011111111111111111111111111111111111111111111111111111110000001111111111111110
11111111111111110000001111111111111111111111111111111100001111111111111111111111111111111111111111111111111111111111111100001111111111111111111111111111111111111111111111111111110000001111111111111110
11111111111111110000001111111111111111111111111111111100001111111111111111111111111111111111111111111111111111111111111100001111111111111111111111111111111111111111111111111111110000001111111111111110
11111111111111110000001111111111111111111111111111111100001111111111111111111111111111111111111111111111111111111111111100001111111111111111111111111111111111111111111111111111110000001111111111111110
11111111111111110000001111111111111111111111111111111100001111111111111111111111111111111111111111111111111111111111000000000000111111111111111111111111111111111111111111111111110000111111111111111110
11111111111111110000001111111111111111111111111111111100001111111111111111111111111111111111111111111111111111111111000000000000111111111111111111111111111111111111111111111111110000111111111111111110
11111111111111110000001111111111111111111111111111111100001111111111111111111111111111111111111111111111111111111111000000000000111111111111111111111111111111111111111111111111000000111111111111111110
11111111111111110000001111111111111111111111111111111100001111111111111111111111111111111111111111111111111111111111000000000000111111111111111111111111111111111111111111111111000000111111111111111110
11111111111111110000001111111111111111111111111111111100001111111111111111111111111111111111111111111111111111111000000000000000000111111111111111111111111111111111111111111111000011111111111111111110
11111111111111110000001111111111111111111111111111111100001111111111111111111111111111111111111111111111111000000000000000000000000000000111111111111111111111111111111111111111000011111111111111111110
11111111111111110000001111111111111111111111111111111100000011111111111111111111111111111111111111111111111000000000000000000000000000000111111111111111111111111111111111111111000011111111111111111110
11111111111111110000001111111111111111111111111111111100000011111111111111111111111111111111111111111111111111111000000000000000000111111111111111111111111111111111111111111111000011111111111111111110
11111111111111000000001111111111111111111111111111111111000011111111111111111111111111111111111111111111111111111111000000000000111111111111111111111111111111111111111111111111000011111111111111111110
11111111111111000000001111111111111111111111111111111111000011111111111111111111111111111111111111111111111111111111000000000000111111111111111111111111111111111111111111111111000011111111111111111110
11111111111111000000001111111111111111111111111111111111000011111111111111111111111111111111111111111111111111111111000000000000111111111111111111111111111111111111111111111111000000111111111111111110
11111111111111000000001111111111111111111111111111111111000011111111111111111111111111111111111111111111111111111111000000000000111111111111111111111111111111111111111111111111000000111111111111111110
11111111111111000000001111111111111111111111111111111111000011111111111111111111111111111111111111111111111111111111001100001111111111111111111111111111111111111111111111111111000000111111111111111110
11111111111111000000001111111111111111111111111111111111000011111111111111111111111111111111111111111111111111111111001100001111111111111111111111111111111111111111111111111111000000111111111111111110
11111111111111000000111111111111111111111111111111111111000000111111111111111111111111111111111111111111111111111100001100001111111111111111111111111111111111111111111111111111110000001111111111111110
11111111111111000000111111111111111111111111111111111111000000111111111111111111111111111111111111111111111111111100001110011111111111111111111111111111111111111111111111111111110000001111111111111110
11111111111100000000111111111111111111111111111111111111000000111111111111111111111111111111111111111111111111110000111110011111111111111111111111111111111111111111111111111111111100001111111111111110
11111111111100000000111111111111111111111111111111111111000000111111111111111111111111111111111111111111111111110000111110011111111111111111111111111111111111111111111111111111111100001111111111111110
11111111110000000011111111111111111111111111111111111111110000001111111111111111111111111111111111111111111111000011111110011111111111111111111111111111111111111111111111111111111100000011111111111110
11111111110000000011111111111111111111111111111111111111110000001111111111111111111111111111111111111111111111000011111110011111111111111111111111111111111111111111111111111111111100000011111111111110
11111111110000001111111111111111111111111111111111111111110000000011111111111111111111111111111111111111111100001111111110011111111111111111111111111111111111111111111111111111111100000000111111111110
11111111110000001111111111111111111111111111111111111111110000000011111111111111111111111111111111111111111100001111111111111111111111111111111111111111111111111111111111111111111100000000111111111110
11111111110000001111111111111111111111111111111111111111111100000000111111111111111111111111111111111111110000111111111111111111111111111111111111111111111111111111111111111111111111000000111111111110
11111111110000001111111111111111111111111111111111111111111100000000111111111111111111111111111111111111110000111111111111111111111111111111111111111111111111111111111111111111111111000000111111111110
11111111110000001111111111111111111111111111111111111111111111000000111111111111111111111111111111111111000011111111111111111111111111111111111111111111111111111111111111111111111111110000111111111110
11111111110000001111111111111111111111111111111111111111111111000000111111111111111111111111111111111111000011111111111111111111111111111111111111111111111111111111111111111111111111110000111111111110
11111111110000001111111111111111111111111111111111111111111111110000000000000000000000001111111111111100001111111111111111111111111111111111111111111111111111111111111111111111111111110000111111111110
11111111110000001111111111111111111111111111111111111111111111110000000000000000000000000000000011111100001111111111111111111111111111111111111111111111111111111111111111111111111111110000111111111110
11111111110000001111111111111111111111111111111111111111111111110000000000000000000000000000000000000000111111111111111111111111111111111111111111111111111111111111111111111111111111000000111111111110
11111111110000001111111111111111111111111111111111111111111111110000000000000000000000000000000000000000111111111111111111111111111111111111111111111111111111111111111111111111111111000000111111111110
11111111110000001111111111111111111111111111111111111111111111111100000000000000000000000000000011111111111111111111111111111111111111111111111111111111111111111111111111111111111111000011111111111110
11111111110000001111111111111111111111111111111111111111111111111100000000000000000000001111111111111111111111111111111111111111111111111111111111111111111111111111111111111111111111000011111111111110
11111111110000001111111111111111111111111111111111111111111111111111111111111111111111111111111111111111111111111111111111111111111111111111111111111111111111111111111111111111111100000011111111111110
11111111110000001111111111111111111111111111111111111111111111111111111111111111111111111111111111111111111111111111111111111111111111111111111111111111111111111111111111111111111100000011111111111110
11111111110000000011111111111111111111111111111111111111111111111111111111111111111111111111111111111111111111111111111111111111111111111111111111111111111111111111111111111111111100001111111111111110
11111111110000000011111111111111111111111111111111111111111111111111111111111111111111111111111111111111111111111111111111111111111111111111111111111111111111111111111111111111111100001111111111111110
11111111111100000000111111111111111111111111111111111111111111111111111111111111111111111111111111111111111111111111111111111111111111111111111111111111111111111111111111111111111100001111111111111110
11111111111100000000111111111111111111111111111111111111111111111111111111111111111111111111111111111111111111111111111111111111111111111111111111111111111111111111111111111111111100001111111111111110
11111111111100000000111111111111111111111111111111111111111111111111111111111111111111111111111111111111111111111111111111111111111111111111111111111111111111111111111111111111111100001111111111111110
11111111111100000000111111111111111111111111111111111111111111111111111111111111111111111111111111111111111111111111111111111111111111111111111111111111111111111111111111111111111100001111111111111110
11111111111111000000111111111111111111111111111111111111111111111111111111111111111111111111111111111111111111111111111111111111111111111111111111111111111111111111111111111111111100001111111111111110
11111111111111000000111111111111111111111111111111111111111111111111111111111111111111111111111111111111111111111111111111111111111111111111111111111111111111111111111111111111111100001111111111111110
11111111111111000000111111111111111111111111111111111111111111111111111111111111111111111111111111111111111111111111111111111111111111111111111111111111111111111111111111111111111100001111111111111110
11111111111111000000111111111111111111111111111111111111111111111111111111111111111111111111111111111111111111111111111111111111111111111111111111111111111111111111111111111111111100001111111111111110
11111111111111110000111111111111111111111111111111111111111111111111111111111111111111111111111111111111111111111111111111111111111111111111111111111111111111111111111111111111111100001111111111111110
11111111111111110000111111111111111111111111111111111111111111111111111111111111111111111111111111111111111111111111111111111111111111111111111111111111111111111111111111111111111100001111111111111110
11111111111111110000111111111111111111111111111111111111111111111111111111111111111111111111111111111111111111111111111111111111111111111111111111111111111111111111111111111111111100001111111111111110
11111111111111110000111111111111111111111111111111111111111111111111111111111111111111111111111111111111111111111111111111111111111111111111111111111111111111111111111111111111111100001111111111111110
11111111111111110000111111111111111111111111111111111111111111111111111111111111111111111111111111111111111111111111111111111111111111111111111111111111111111111111111111111111110000001111111111111110
11111111111111110000111111111111111111111111111111111111111111111111111111111111111111111111111111111111111111111111111111111111111111111111111111111111111111111111111111111111110000001111111111111110
11111111111111110000001111111111111111111111111111111111111111111111111111111111111111111111111111111111111111111111111111111111111111111111111111111111111111111111110000000000000000111111111111111110
11111111111111110000001111111111111111111111111111111111111111111111111111111111111111111111111111111111111111111111111111111111111111111111111111111111111111111111110000000000000000111111111111111110
11111111111111110000001111111111111111111111111111111111111111111111111111111111111111111111111111111111111111111111111111111111111111111111111111111111111111000000000000000000000011111111111111111110
11111111111111110000001111111111111111111111111111111111111111111111111111111111111111111111111111111111111111111111111111111111111111111111111111111111111111000000000000000000000011111111111111111110
11111111111111110000001111111111111111111111111111111111111111111111111111111111111111111111111111111111111111111111111111111111111111111111111111111111110000000000000011000000111111111111111111111110
11111111111111110000001111111111111111111111111111111111111111111111111111111111111111111111111111111111111111111111111111111111111111111111111111111111110000000000000011000000111111111111111111111110
11111111111111110000000011111111111111111111111111111111111111111111111111111111111111111111111111111111111111111111111111111111111111111111111111111111000000001111111111111111111111111111111111111110
11111111111111110000000011111111111111111111111111111111111111111111111111111111111111111111111111111111111111111111111111111111111111111111111111111111000000001111111111111111111111111111111111111110
11111111111111110000000011111111111111111111111111111111111111111111111111111111111111111111111111111111111111111111111111111111111111111111111111111100000011111111111111111111111111111111111111111110
11111111111111110000000011111111111111111111111111111111111111111111111111111111111111111111111111111111111111111111111111111111111111111111111111111100000011111111111111111111111111111111111111111110
11111111111111111100000000111111111111111111111111111111111111111111111111111111111111111111111111111111111111111111111111111111111111111111111111111100001111111111111111111111111111111111111111111110
11111111111111111100000000111111111111111111111111111111111111111111111111111111111111111111111111111111111111111111111111111111111111111111111111111100001111111111111111111111111111111111111111111110
11111111111111111100000000111111111111111111111111111111111111111111111111111111111111111111111111111111111111111111111111111111111111111111111111110000001111111111111111111111111111111111111111111110
11111111111111111100000000111111111111111111111111111111111111111111111111111111111111111111111111111111111111111111111111111111111111111111111111110000001111111111111111111111111111111111111111111110
11111111111111111111000000001111111111111111111111111111111111111111111111111111111111111111111111111111111111111111111111111111111111111111111111110000001111111111111111111111111111111111111111111110
11111111111111111111000000001111111111111111111111111111111111111111111111111111111111111111111111111111111111111111111111111111111111111111111111110000001111111111111111111111111111111111111111111110
11111111111111111111000000000011111111111111111111111111111111111111111111111111111111111111111111111111111111111111111111111111111111111111111111110000111111111111111111111111111111111111111111111110
11111111111111111111000000000011111111111111111111111111111111111111111111111111111111111111111111111111111111111111111111111111111111111111111111110000111111111111111111111111111111111111111111111110
11111111111111111111110000000000111111111111111111111111111111111111111111111111111111111111111111111111111111111111111100000000001111111111111111110000111111111111111111111111111111111111111111111110
11111111111111111111110000000000111111111111111111111111111111111111111111111111111111111111111111111111111111111111111100000000001111111111111111110000111111111111111111111111111111111111111111111110
11111111111111111111111100000000000011111111111111111111111111111111111111111111111111111111111111111111111111111111110000000000000011111111111111110000111111111111111111111111111111111111111111111110
11111111111111111111111100000000000011111111111111111111111111111111111111111111111111111111111111111111111111111111110000000000000011111111111111110000111111111111111111111111111111111111111111111110
11111111111111111111111111000000000000111111111111111111111111111111111111111111111111111111111111111111111111111111000000001100000000111111111111110000111111111111111111111111111111111111111111111110
11111111111111111111111111000000000000111111111111111111111111111111111111111111111111111111111111111111111111111111000000001100000000111111111111110000111111111111111111111111111111111111111111111110
11111111111111111111111111110000000000001111110000000000111111111111111111111111111111111111111111111111111111000000000000111111110000000011111111000000111111111111111111111111111111111111111111111110
11111111111111111111111111110000000000001111110000000000111111111111111111111111111111111111111111111111111111000000000000111111110000000011111111000000111111111111111111111111111111111111111111111110
11111111111111111111111111111111000000000000000000000000000011111111111111111111111111111111111111111100000000000000000011111111111100000000001100000011111111111111111111111111111111111111111111111110
11111111111111111111111111111111000000000000000000000000000011111111111111111111111111111111111111111100000000000000000011111111111100000000001100000011111111111111111111111111111111111111111111111110
11111111111111111111111111111111110000000000000000000000000011111111111111111111111111111111111111111100000000000000111111111111111111000000000000000011111111111111111111111111111111111111111111111110
11111111111111111111111111111111110000000000000000000000000011111111111111111111111111111111111111111100000000000000111111111111111111000000000000000011111111111111111111111111111111111111111111111110
11111111111111111111111111111111111111111111111111111100000000111100000000000000001111111111111111110000001111111111111111111111111111111100000000001111111111111111111111111111111111111111111111111110
11111111111111111111111111111111111111111111111111111100000000111100000000000000001111111111111111110000001111111111111111111111111111111100000000001111111111111111111111111111111111111111111111111110
11111111111111111111111111111111111111111111111111111111000000000000000000000000000011111111111111110000001111111111111111111111111111111111111111111111111111111111111111111111111111111111111111111110
11111111111111111111111111111111111111111111111111111111000000000000000000000000000011111111111111110000001111111111111111111111111111111111111111111111111111111111111111111111111111111111111111111110
11111111111111111111111111111111111111111111111111111111111100000000111111111100000000111111111111000000111111111111111111111111111111111111111111111111111111111111111111111111111111111111111111111110
11111111111111111111111111111111111111111111111111111111111100000000111111111100000000111111111111000000111111111111111111111111111111111111111111111111111111111111111111111111111111111111111111111110
11111111111111111111111111111111111111111111111111111111111111111111111111111111000000001111110000000000111111111111111111111111111111111111111111111111111111111111111111111111111111111111111111111110
11111111111111111111111111111111111111111111111111111111111111111111111111111111000000001111110000000000111111111111111111111111111111111111111111111111111111111111111111111111111111111111111111111110
11111111111111111111111111111111111111111111111111111111111111111111111111111111110000000000000000001111111111111111111111111111111111111111111111111111111111111111111111111111111111111111111111111110
11111111111111111111111111111111111111111111111111111111111111111111111111111111110000000000000000001111111111111111111111111111111111111111111111111111111111111111111111111111111111111111111111111110
11111111111111111111111111111111111111111111111111111111111111111111111111111111111100000000000000111111111111111111111111111111111111111111111111111111111111111111111111111111111111111111111111111110
11111111111111111111111111111111111111111111111111111111111111111111111111111111111100000000000000111111111111111111111111111111111111111111111111111111111111111111111111111111111111111111111111111110
11111111111111111111111111111111111111111111111111111111111111111111111111111111111111111111111111111111111111111111111111111111111111111111111111111111111111111111111111111111111111111111111111111110
11111111111111111111111111111111111111111111111111111111111111111111111111111111111111111111111111111111111111111111111111111111111111111111111111111111111111111111111111111111111111111111111111111110
11111111111111111111111111111111111111111111111111111111111111111111111111111111111111111111111111111111111111111111111111111111111111111111111111111111111111111111111111111111111111111111111111111110
11111111111111111111111111111111111111111111111111111111111111111111111111111111111111111111111111111111111111111111111111111111111111111111111111111111111111111111111111111111111111111111111111111110
11111111111111111111111111111111111111111111111111111111111111111111111111111111111111111111111111111111111111111111111111111111111111111111111111111111111111111111111111111111111111111111111111111110
11111111111111111111111111111111111111111111111111111111111111111111111111111111111111111111111111111111111111111111111111111111111111111111111111111111111111111111111111111111111111111111111111111110
11111111111111111111111111111111111111111111111111111111111111111111111111111111111111111111111111111111111111111111111111111111111111111111111111111111111111111111111111111111111111111111111111111110
11111111111111111111111111111111111111111111111111111111111111111111111111111111111111111111111111111111111111111111111111111111111111111111111111111111111111111111111111111111111111111111111111111110
11111111111111111111111111111111111111111111111111111111111111111111111111111111111111111111111111111111111111111111111111111111111111111111111111111111111111111111111111111111111111111111111111111110
11111111111111111111111111111111111111111111111111111111111111111111111111111111111111111111111111111111111111111111111111111111111111111111111111111111111111111111111111111111111111111111111111111110
11111111111111111111111111111111111111111111111111111111111111111111111111111111111111111111111111111111111111111111111111111111111111111111111111111111111111111111111111111111111111111111111111111110
11111111111111111111111111111111111111111111111111111111111111111111111111111111111111111111111111111111111111111111111111111111111111111111111111111111111111111111111111111111111111111111111111111110
11111111111111111111111111111111111111111111111111111111111111111111111111111111111111111111111111111111111111111111111111111111111111111111111111111111111111111111111111111111111111111111111111111110
11111111111111111111111111111111111111111111111111111111111111111111111111111111111111111111111111111111111111111111111111111111111111111111111111111111111111111111111111111111111111111111111111111110
11111111111111111111111111111111111111111111111111111111111111111111111111111111111111111111111111111111111111111111111111111111111111111111111111111111111111111111111111111111111111111111111111111110
11111111111111111111111111111111111111111111111111111111111111111111111111111111111111111111111111111111111111111111111111111111111111111111111111111111111111111111111111111111111111111111111111111110
11111111111111111111111111111111111111111111111111111111111111111111111111111111111111111111111111111111111111111111111111111111111111111111111111111111111111111111111111111111111111111111111111111110
11111111111111111111111111111111111111111111111111111111111111111111111111111111111111111111111111111111111111111111111111111111111111111111111111111111111111111111111111111111111111111111111111111110
11111111111111111111111111111111111111111111111111111111111111111111111111111111111111111111111111111111111111111111111111111111111111111111111111111111111111111111111111111111111111111111111111111110
11111111111111111111111111111111111111111111111111111111111111111111111111111111111111111111111111111111111111111111111111111111111111111111111111111111111111111111111111111111111111111111111111111110
