000000000000000000000000000000000000000000000000000000000000000000000000000000000000000000000000000000000000000000000000000000000000000000000000000000000000000000000000000000000000000000000000000000000000000000000000000000000000000000000000000000000000000000000000000000000000000000000000000000000000
111111111111111111111111111111111111111111111111111111111111111111111111111111111111111111111111111111111111111111111111111111111111111111111111111111111111111111111111111111111111111111111111111111111111111111111111111111111111111111111111111111111111111111111111111111111111111111111111111111111110
111111111111111111111111111111111111111111111111111111111111111111111111111111111111111111111111111111111111111111111111111111111111111111111111111111111111111111111111111111111111111111111111111111111111111111111111111111111111111111111111111111111111111111111111111111111111111111111111111111111110
111111111111111111111111111111111111111111111111111111111111111111111111111111111111111111111111111111111111111111111111111111111111111111111111111111111111111111111111111111111111111111111111111111111111111111111111111111111111111111111111111111111111111111111111111111111111111111111111111111111110
111111111111111111111111111111111111111111111111111111111111111111111111111111111111111111111111111111111111111111111111111111111111111111111111111111111111111111111111111111111111111111111111111111111111111111111111111111111111111111111111111111111111111111111111111111111111111111111111111111111110
111111111111111111111111111111111111111111111111111111111111111111111111111111111111111111111111111111111111111111111111111111111111111111111111111111111111111111111111111111111111111111111111111111111111111111111111111111111111111111111111111111111111111111111111111111111111111111111111111111111110
111111111111111111111111111111111111111111111111111111111111111111111111111111111111111111111111111111111111111111111111111111111111111111111111111111111111111111111111111111111111111111111111111111111111111111111111111111111111111111111111111111111111111111111111111111111111111111111111111111111110
111111111111111111111111111111111111111111111111111111111111111111111111111111111111111111111111111111111111111111111111111111111111111111111111111111111111111111111111111111111111111111111111111111111111111111111111111111111111111111111111111111111111111111111111111111111111111111111111111111111110
111111111111111111111111111111111111111111111111111111111111111111111111111111111111111111111111111111111111111111111111111111111111111111111111111111111111111111111111111111111111111111111111111111111111111111111111111111111111000000001111111111111111111111111111111111111111111111110000000011111110
111111111111111111111111111111111111111111111111111111111111111111111111111111111111111111111111111111111111111111111111111111111111111111111111111111111111111111111111111111111111111111111111111111111111111111111111111111111111000000001111111111111111111111111111111111111111111111110000000011111110
111111110000000000000000111111000000000000000011111100000000000000001111110000000000000000111111000000000000000011111100000000000000001111110000000000000000111111000000000000000011111100000000000000001111111111111111111111111111000000000000001111111111111111111111111111111111110000000000000011111110
111111110000000000000000111111000000000000000011111100000000000000001111110000000000000000111111000000000000000011111100000000000000001111110000000000000000111111000000000000000011111100000000000000001111111111111111111111111111000000000000001111111111111111111111111111111111110000000000000011111110
111111110000000000000000111111000000000000000011111100000000000000001111110000000000000000111111000000000000000011111100000000000000001111110000000000000000111111000000000000000011111100000000000000001111111111111111111111111111000000000000000011001111111111111111111111110011000000000000000011111110
111111110000000000000000111111000000000000000011111100000000000000001111110000000000000000111111000000000000000011111100000000000000001111110000000000000000111111000000000000000011111100000000000000001111111111111111111111111111000000000000000011001111111111111111111111110011000000000000000011111110
111111110000111111110000111111000011111111000011111100001111111100001111110000111111110000111111000011111111000011111100001111111100001111110000111111110000111111000011111111000011111100001111111100001111111111111111111111111111000000000000000000000000000000000000000000000000000000000000000011111110
111111110000111111110000111111000011111111000011111100001111111100001111110000111111110000111111000011111111000011111100001111111100001111110000111111110000111111000011111111000011111100001111111100001111111111111111111111111111000000000000000000000000000000000000000000000000000000000000000011111110
111111110000111111110000111111000011111111000011111100001111111100001111110000111111110000111111000011111111000011111100001111111100001111110000111111110000111111000011111111000011111100001111111100001111111111111111111111111111000000000000000000000000000000000000000000000000000000000000000011111110
111111110000111111110000111111000011111111000011111100001111111100001111110000111111110000111111000011111111000011111100001111111100001111110000111111110000111111000011111111000011111100001111111100001111111111111111111111111111000000000000000000000000000000000000000000000000000000000000000011111110
111111110000001111000000111111000000111100000011111100000011110000001111110000001111000000111111000000111100000011111100000011110000001111110000001111000000111111000000111100000011111100000011110000001111111100000000000011111111000000000000000000000011110000000000001111000000000000000000000011111110
111111110000001111000000111111000000111100000011111100000011110000001111110000001111000000111111000000111100000011111100000011110000001111110000001111000000111111000000111100000011111100000011110000001111111100000000000011111111000000000000000000000011110000000000001111000000000000000000000011111110
111111110000000000000000111111000000000000000011111100000000000000001111110000000000000000111111000000000000000011111100000000000000001111110000000000000000111111000000000000000011111100000000000000001111111100000000000011111111000000000000000000000011110001100110001111000000000000000000000011111110
111111110005500000055000111111000550000005500011111100055000000550001111110005500000055000111111000550000005500011111100055000000550001111110005500000055000111111000550000005500011111100055000000550001111111100000000000011111111000000000000000000000011110001100110001111000000000000000000000011111110
111111110005500000055000111111000550000005500011111100055000000550001111110005500000055000111111000550000005500011111100055000000550001111110005500000055000111111000550000005500011111100055000000550001111111100000000000011111111000000000000000000000000000001111110000000000000000000000000000011111110
111111110000000000000000111111000000000000000011111100000000000000001111110000000000000000111111000000000000000011111100000000000000001111110000000000000000111111000000000000000011111100000000000000001111111100000000000011111111000000000000000000000000000000111100000000000000000000000000000011111110
111111110000000000000000111111000000000000000011111100000000000000001111110000000000000000111111000000000000000011111100000000000000001111110000000000000000111111000000000000000011111100000000000000001111111100000000000011111111000000000000000000000000000000000000000000000000000000000000000011111110
111111110000000000000000111111000000000000000011111100000000000000001111110000000000000000111111000000000000000011111100000000000000001111110000000000000000111111000000000000000011111100000000000000001111111100000000000011111111000000000000000000000000000000000000000000000000000000000000000011111110
111111111111110000111111111111111111000011111111111111111100001111111111111111110000111111111111111111000011111111111111111100001111111111111111110000111111111111111111000011111111111111111100001111111111111100000000000011111111000000000000000000000000000000000000000000000000000000000000000011111110
111111111111110000111111111111111111000011111111111111111100001111111111111111110000111111111111111111000011111111111111111100001111111111111111110000111111111111111111000011111111111111111100001111111111111100000000000011111111000000000000000000000000000000000000000000000000000000000000000011111110
111111111111110000111111111111111111000011111111111111111100001111111111111111110000111111111111111111000011111111111111111100001111111111111111110000111111111111111111000011111111111111111100001111111111111100000000000011111111000000000000000000000000000000000000000000000000000000000000000011111110
111111111111110000111111111111111111000011111111111111111100001111111111111111110000111111111111111111000011111111111111111100001111111111111111110000111111111111111111000011111111111111111100001111111111111100000000000011111111000000000000000000000000000000000000000000000000000000000000000011111110
111111111111110000111111111111111111000011111111111111111100001111111111111111110000111111111111111111000011111111111111111100001111111111111111110000111111111111111111000011111111111111111100001111111111111100000000000011111111000000000000000000000000000000000000000000000000000000000000000011111110
111111111111110000111111111111111111000011111111111111111100001111111111111111110000111111111111111111000011111111111111111100001111111111111111110000111111111111111111000011111111111111111100001111111111111100000000000011111111000000000000000000000000000000000000000000000000000000000000000011111110
111100000000000000000000000000000000000000000000000000000000000000000000000000000000000000000000000000000000000000000000000000000000000000000000000000000000000000000000000000000000000000000000000000000000000000000000000011111111000000000000000000000000000000000000000000000000000000000000000011111110
111100000000000000000000000000000000000000000000000000000000000000000000000000000000000000000000000000000000000000000000000000000000000000000000000000000000000000000000000000000000000000000000000000000000000000000000000011111111000000000000000000000000000000000000000000000000000000000000000011111110
111100000000000000000000000000000000000000000000000000000000000000000000000000000000000000000000000000000000000000000000000000000000000000000000000000000000000000000000000000000000000000000000000000000000000000000000000011111111000000000000000000000000000000000000000000000000000000000000000011111110
111100000000000000000000000000000000000000000000000000000000000000000000000000000000000000000000000000000000000000000000000000000000000000000000000000000000000000000000000000000000000000000000000000000000000000000000000011111111000000000000000000000000000000000000000000000000000000000000000011111110
111100000000000000000000000000000000000000000000000000000000000000000000000000000000000000000000000000000000000000000000000000000000000000000000000000000000000000000000000000000000000000000000000000000000000000000000000011111111000000000000000000000000000000000000000000000000000000000000000011111110
111100000000000000000000000000000000000000000000000000000000000000000000000000000000000000000000000000000000000000000000000000000000000000000000000000000000000000000000000000000000000000000000000000000000000000000000000011111111000000010000110000110000100000000000000100001100001100001000000011111110
111100000000000000000000000000000000000000000000000000000000000000000000000000000000000000000000000000000000000000000000000000000000000000000000000000000000000000000000000000000000000000000000000000000000000000000000000011111111000000011111111111111111100000000000000111111111111111111000000011111110
111100000000000000000000000000000000000000000000000000000000000000000000000000000000000000000000000000000000000000000000000000000000000000000000000000000000000000000000000000000000000000000000000000000000000000000000000011111111000000000000000000000000000000000000000000000000000000000000000011111110
111111111111111111000000111111111111111111111111111111111100000011111111111111111100000000000000000000000000000000000000000000000000000000000000000000000000000011111111111111111111111111111111111111111111111100000000000011111111000000000000000000000000000000000000000000000000000000000000000011111110
111111111111111111000000111111111111111111111111111111111100000011111111111111111100000000000000000000000000000000000000000000000000000000000000000000000000000011111111111111111111111111111111111111111111111100000000000011111111000000000000000000000000000000000000000000000000000000000000000011111110
111111111111111111000000111111111111111111111111111111111100000011111111111111111100000000100000000000000000000000000000000000000000000000000000000000010000000011111100000000000000000000000000000000000000111100000000000011111111000000000000000000000000000000000000000000000000000000000000000011111110
111111111111111111000000111111111111111111111111111111111100000011111111111111111100000000100000000000000000000000000000000000000000000000000000000000010000000011111100000000000000000000000000000000000000111100000000000011111111000000010000110000110000100000000000000100001100001100001000000011111110
111111111111111111000000111111111111111111111111111111111100000011111111111111111100000000100011110000000000000000000000000000000000000000000000111100010000000011111100000000000000000000000000000000000000111100000000000011111111000000011111111111111111100000000000000111111111111111111000000011111110
111111111111111111000000111111111111111111111111111111111100000011111111111111111100000000100011110000000000000000000000000000000000000000000000111100010000000011111100000000000000000000000000000000000000111100000000000011111111000000000000000000000000000000000000000000000000000000000000000011111110
111111111111111111000000111111111100000000000000111111111100000011111111111111111100000000100011110000000000000000000000000000000000000000000000111100010000000011111100000550000000000000000000000000000000000000000000000000000000000000000000000000000000000000000000000000000000000000000000000011111110
111111111111111111000000111111111100000000000000111111111100000011111111111111111100000000100011110000000000000000000000000000000000000000000000111100010000000011111100000550000000000000000000000550000000000000000000000000000000000000000000000000000000000000000000000000000000000000000000000011111110
111111111111000000000000111111111100000000000000111111111100000000000011111111111100000000100000111100000000000000000000000000000000000000000011110000010000000011111100000000000000000000000000000550000000000000000000000000000000000000000000000000000000000000000000000000000000000000000000000011111110
111111111111000000000000111111111100000000000000111111111100000000000011111111111100000000100000111100000000000000000000000000000000000000000011110000010000000011111100000000000000000000000000000000000000000000000000000000000000000000000000000000000000000000000000000000000000000000000000000011111110
111111111111000000000000111111111100000000000000111111111100000000000011111111111100000000100000111100000000000000000000000000000000000000000011110000010000000011111111111111000000000000000000000000000000000000000000000000000000000000000000000000000000000000000000000000000000000000000000000011111110
111111111111000000000000111111111100000000000000111111111100000000000011111111111100000000100000111100000550055000000000000000000005500550000011110000010000000011111111111111000000000000000000000000000000000000000000000000000000000000000000000000000000000000000000000000000000000000000000000011111110
111111111111000000000000111111111100000000000000111111111100000000000011111111111100000000100000000000000550055000000000000000000005500550000000000000010000000011111111111111000000000000000000000000000000000000000000000000000000000000000000000000000000000000000000000000000000000000000000000011111110
111111111111000000000000111111111100000000000000111111111100000000000011111111111100000000100000000000000000000000000110000110000000000000000000000000010000000011111111111111000000000000000000000000000000000000000000000000000000000000000000000000000000000000000000000000000000000000000000000011111110
111111111111000000000000111111111100001111110000111111111100000000000011111111111100000000100000000000000000000000000110110110000000000000000000000000010000000011111100000000000000000000000000000000000000111100000000000011111111000000000000000000000000000000000000000000000000000000000000000011111110
111111111111000000000000111111111100001111110000111111111100000000000011111111111100000000100000000000000550055000000000110000000005500550000000000000010000000011111100000000000000000000000000000550000000111100000000000011111111000000000000000000000000000000000000000000000000000000000000000011111110
111111111111000000000000111111111100001111110000111111111100000000000011111111111100000000100000000000000550055000000001111000000005500550000000000000010000000011111100000550000000000000000000000550000000111100000000000011111111000000000000000000000000000000000000000000000000000000000000000011111110
111111111111000000000000111111111100001111110000111111111100000000000011111111111100000000100000000000000000000000000011111100000000000000000000000000010000000011111100000550000000000000000000000000000000111100000000000011111111000000000000000000000000000000000000000000000000000000000000000011111110
111111111111000000000000111111111100000000000000111111111100000000000011111111111100000000100000000000000000000000000111111110000000000000000000000000010000000011111100000000000000000000000000000000000000111100000000000011111111000000000000000000000000000000000000000000000000000000000000000011111110
111111111111000000000000111111111100011000011000111111111100000000000011111111111100000000100000000000000550055000000100000010000005500550000000000000010000000011111100000000000000000000000000000000000000111100000000000011111111000000010000110000110000100000000000000100001100001100001000000011111110
111111111111000000000000111111111100011000011000111111111100000000000011111111111100000000100000000000000550055000000000000000000005500550000000000000010000000011111100000000000000000000000000000000000000000000000000000011111111000000011111111111111111100000000000000111111111111111111000000011111110
111111111111000000000000111111111100000000000000111111111100000000000011111111111100000000100000000000000000000000000000000000000000000000000000000000010000000011111100000000000000000000000000000000000000000000000000000011111111000000000000000000000000000000000000000000000000000000000000000011111110
111111111111000000000000111111111100000000000000111111111100000000000011111111111100000000100000000000000000000000000000000000000000000000000000000000010000000011111111111111000000000000000000000000000000000000000000000011111111000000000000000000000000000000000000000000000000000000000000000011111110
111111111111100000000000111111111100000000000000111111111100000000000111111111111100000000100000000000000000000000000000000000000000000000000000000000010000000011111111111111000000000000000000000550000000000000000000000011111111000000000000000000000000000000000000000000000000000000000000000011111110
111111111111100000001111111111111100000000000000111111111111110000000111111111111100000000100000000000000000000000000000000000000000000000000000000000010000000011111111111111000000000000000000000550000000000000000000000011111111000000000000000000000000000000000000000000000000000000000000000011111110
111111111111000000001000000000000000000000000000000000000000010000000011111111111100000000100000000000000000000000000000000000000000000000000000000000010000000011111111111111000000000000000000000000000000000000000000000011111111000000010000110000110000100000000000000100001100001100001000000011111110
111111111111000000001000000000000000000000000000000000000000010000000011111111111100000000111111111111111111111111111110000111111111111111111111111111110000000011111100000000000000000000000000000000000000000000000000000011111111000000011111111111111111100000000000000111111111111111111000000011111110
111111111111000000001000000000000000000000000000000000000000010000000011111111111100000000111111111111111111111111111110000111111111111111111111111111110000000011111100000000000000000000000000000000000000000000000000000011111111000000000000000000000000000000000000000000000000000000000000000011111110
111111111111000000001000000000000000000000000000000000000000010000000011111111111100000000111111111111111111111111111110000111111111111111111111111111110000000011111100000000000000000000000000000000000000111100000000000011111111000000000000000000000000000000000000000000000000000000000000000011111110
111111111111000000001000000000000000000000000000000000000000010000000011111111111100000000111111111111111111111111111110000111111111111111111111111111110000000011111100000000000000000000000000000000000000111100000000000011111111000000000000000000000000000000000000000000000000000000000000000011111110
111111111111000000001000000000000000000000000000000000000000010000000011111111111100000000111111111111111111111111111110000111111111111111111111111111110000000011111100000000000000000000000000000000000000111100000000000011111111000000000000000000000000000000000000000000000000000000000000000011111110
111111111111000000001000000000000000000000000000000000000000010000000011111111111100000000111111111111111111111111111110000111111111111111111111111111110000000011111100000000000000000000000000000000000000111100000000000011111111000000010000110000110000100000000000000100001100001100001000000011111110
111111111111000000001000000000000000000000000000000000000000010000000011111111111100000000111111111111111111111111111110000111111111111111111111111111110000000011111100000000000000000000000000000000000000111100000000000011111111000000011111111111111111100000000000000111111111111111111000000011111110
111111111111000000001000000000000000000000000000000000000000010000000011111111111100000000111111111111111111111111111110000111111111111111111111111111110000000011111100000000000000000000000000000000000000111100000000000011111111000000000000000000000000000000000000000000000000000000000000000011111110
111111111111000000001000000000000000000000000000000000000000010000000011111111111100000000111111111111111111111111111111111111111111111111111111111111110000000011111100000000000000000000000000000000000000000000000000000000000000000000000000000000000000000000000000000000000000000000000000000011111110
111111111111000000001000000550055000000000000000055005500000010000000011111111111100000000111111111111111111111111111111111111111111111111111111111111110000000011111100000000000000000000000000000000000000000000000000000000000000000000000000000000000000000000000000000000000000000000000000000011111110
111111111111000000001000000550055000000000000000055005500000010000000011111111111100000000100000000000000000001111111111111111111111000000000000000000010000000011111111111111000000000000000000000000000000000000000000000000000000000000000000000000000000000000000000000000000000000000000000000011111110
111111111111000000001000000000000000000000000000000000000000010000000011111111111100000000100000000000000000001111111111111111111111000000000000000000010000000011111111111111000000000000000000000550000000000000000000000000000000000000000000000000000000000000000000000000000000000000000000000011111110
111111111111000000001000000000000000000000000000000000000000010000000011111111111100000000100000000000000000000000000000000000000000000000000000000000010000000011111111111111000000000000000000000550000000000000000000000000000000000000000000000000000000000000000000000000000000000000000000000011111110
111111111111000000001000000000000000000000000000000000000000010000000011111111111100000000100000000000000000000000000000000000000000000000000000000000010000000011111111111111000000000000000000000000000000000000000000000000000000000000000000000000000000000000000000000000000000000000000000000011111110
111111111111000000001000000000000000000000000000000000000000010000000011111111111100000000100000000000000000000000000000000000000000000000000000000000010000000011111100000000000000000000000000000000000000000000000000000000000000000000000000000000000000000000000000000000000000000000000000000011111110
111111111111000000001000000000000000000000000000000000000000010000000011111111111100000000100000000000000000000000000000000000000000000000000000000000010000000011111100000000000000000000000000000000000000000000000000000000000000000000000000000000000000000000000000000000000000000000000000000011111110
111111111100000000000000000000000000000000000000000000000000010000000000111111111100000000000000000000000000001111111111111111111111000000000000000000000000000011111100000000000000000000000000000000000000111100000000000011111111000000000000000000000000000000000000000000000000000000000000000011111110
111111111100000000000000000000000000000000000000000000000000010000000000111111111100000000000000000000000000001111111111111111111111000000000000000000000000000011111100000000000000000000000000000000000000111100000000000011111111000000000000000000000000000000000000000000000000000000000000000011111110
111111111100000000000000000000000000000000000000000000000000000000000000111111111100000000000000000000000000000000000000000000000000000000000000000000000000000011111100000550000000000000000000000000000000111100000000000011111111000000000000000000000000000000000000000000000000000000000000000011111110
111111111100000000000000000000000000000000000000000000000000000000000000111111111100000000000000000000000000000000000000000000000000000000000000000000000000000011111100000550000000000000000000000550000000111100000000000011111111000000000000000000000000000000000000000000000000000000000000000011111110
111111111100000000000000000000000000000000000000000000000000000000000000111111111100000000000000000000000000000000000000000000000000000000000000000000000000000011111100000000000000000000000000000550000000111100000000000011111111000000000000000000000000000000000000000000000000000000000000000011111110
111111111100000000000000000000000000000000000000000000000000000000000000111111111100000000000000000000000000000000000000000000000000000000000000000000000000000011111100000000000000000000000000000000000000111100000000000011111111000000010000110000110000100000000000000100001100001100001000000011111110
111111111100000000000000000000000000000000000000000000000000000000000000111111111100000000000000000000000000000000000000550000000000000000000000000000000000000011111111111111000000000000000000000000000000000000000000000011111111000000011111111111111111100000000000000111111111111111111000000011111110
111111111100000000000000000000000000000000000000000000000000000000000000111111111100000000000000000000000000000000000000550000000000000000000000000000000000000011111111111111000000000000000000000000000000000000000000000011111111000000000000000000000000000000000000000000000000000000000000000011111110
111111111111111111111111111111111111111111111111111111111111111111111111111111111100000000000000000000000000000000000000000000000000000000000000000000000000000011111111111111000000000000000000000000000000000000000000000011111111000000000000000000000000000000000000000000000000000000000000000011111110
111111111111111111111111111111111111111111111111111111111111111111111111111111111100000000000001100000000000000000000000000000000000000000000000011000000000000011111111111111000000000000000000000000000000000000000000000011111111000000000000000000000000000000000000000000000000000000000000000011111110
111111111111111111111111111111111111111111111111111111111111111111111111111111111100000000000001100000000000000000000000000000000000000000000000011000000000000011111100000000000000000000000000000000000000000000000000000011111111000000000000000000000000000000000000000000000000000000000000000011111110
111111111111111111111111111111111111111111111111111111111111111111111111111111111100000000000000000000000000000000000000000000000000000000000000000000000000000011111100000000000000000000000000000550000000000000000000000011111111000000010000110000110000100000000000000100001100001100001000000011111110
111111111111111111111111111111111111111111111111111111111111111111111111111111111100000000000000000000000000000000000000550000000000000000000000000000000000000011111100000550000000000000000000000550000000000000000000000011111111000000011111111111111111100000000000000111111111111111111000000011111110
111111111111111111111111111111111111111111111111111111111111111111111111111111111100000000000000000000000000000000000000550000000000000000000000000000000000000011111100000550000000000000000000000000000000000000000000000011111111000000000000000000000000000000000000000000000000000000000000000011111110
111111111111111111111111111111111111111111111111111111111111111111111111111111111100000000000000000000000000000000000000000000000000000000000000000000000000000011111100000000000000000000000000000000000000111100000000000011111111000000000000000000000000000000000000000000000000000000000000000011111110
111111111111111111111111111111111111111111111111111111111111111111111111111111111100000000000000000000000000000000000000000000000000000000000000000000000000000011111100000000000000000000000000000000000000111100000000000011111111000000000000000000000000000000000000000000000000000000000000000011111110
111111111111111111111111111111111111111111111111111111111111111111111111111111111100000000000000000000000000000000000000000000000000000000000000000000000000000011111100000000000000000000000000000000000000111100000000000011111111000000000000000000000000000000000000000000000000000000000000000011111110
111111111111111111111111111111111111111111111111111111111111111111111111111111111100000000000000000000000000000000000000000000000000000000000000000000000000000011111100000000000000000000000000000000000000111100000000000011111111000000010000110000110000100000000000000100001100001100001000000011111110
111111111111111111111111111111111111111111111111111111111111111111111111111111111100000000000000000000000000001111111111111111111111000000000000000000000000000011111111111111111111111111111111111111111111111100000000000011111111000000011111111111111111100000000000000111111111111111111000000011111110
111111111111111111111111111111111111111111111111111111111111111111111111111111111100000000000000000000000000001111111111111111111111000000000000000000000000000011111111111111111111111111111111111111111111111100000000000011111111000000000000000000000000000000000000000000000000000000000000000011111110
111111111111111111111111111111111111111111111111111111111111111111111111111111111100000000100000000000000000000000000000000000000000000000000000000000010000000011111100000000000000000000000000000000000011111100000000000000000000000000000000000000000000000000000000000000000000000000000000000011111110
111111111111111111111111111111111111111111111111111111111111111111111111111111111100000000100000000000000000000000000000000000000000000000000000000000010000000011111101100000000110000000000110000000011011111100000000000000000000000000000000000000000000000000000000000000000000000000000000000011111110
111111111111111111111111111111111111111111111111111111111111111111111111111111111100000000100000000000000000000000000000000000000000000000000000000000010000000011111101100000000110000000000110000000011011111100000000000000000000000000000000000000000000000000000000000000000000000000000000000011111110
111111111111111111111111111111111111111111111111111111111111111111111111111111111100000000100000000000000000000000000000000000000000000000000000000000010000000011111100000000000000000000000000000000000011111100000000000000000000000000000000000000000000000000000000000000000000000000000000000011111110
111111111111111111111111111111111111111111111111111111111111111111111111111111111100000000100000000000000000001111111111111111111111000000000000000000010000000011111100000000000000000000000000000000000011111100000000000000000000000000000000000000000000000000000000000000000000000000000000000011111110
111111111111111111111111111111111111111111111111111111111111111111111111111111111100000000100000000000000000001111111111111111111111000000000000000000010000000011111100000000000000000000000000000000000011111100000000000000000000000000000000000000000000000000000000000000000000000000000000000011111110
111111111111111111111111111111111111111111111111111111111111111111111111111111111100000000111111111111111111111111111111111111111111111111111111111111110000000011111100000000000000000000000000000000000011111100000000000000000000000000000000000000000000000000000000000000000000000000000000000011111110
111111111111111111111111111111111111111111111111111111111111111111111111111111111100000000111111111111111111111111111111111111111111111111111111111111110000000011111100000000000000000000000000000000000011111100000000000000000000000000000000000000000000000000000000000000000000000000000000000011111110
111111111111111111111111111111111111111111111111111111111111111111111111111111111100000000111111111111111111111111111111111111111111111111111111111111110000000011111100000000000000000000000000000000000011111100000000000011111111000000000000000000000000000000000000000000000000000000000000000011111110
111111111111111111111111111111111111111111111111111111111111111111111111111111111100000000111111111111111111111111111111111111111111111111111111111111110000000011111100000000011000000000000001100000000011111100000000000011111111000000000000000000000000000000000000000000000000000000000000000011111110
111111111111111111111111111111111111111111111111111111111111111111111111111111111100000000111111111111111111111111111111111111111111111111111111111111110000000011111100000000011000000000000001100000000011111100000000000011111111000000000000000000000000000000000000000000000000000000000000000011111110
111111111111111111111111111111111111111111111111111111111111111111111111111111111100000000111111111111111111111111111111111111111111111111111111111111110000000011111100000000000000000000000000000000000011111100000000000011111111000000000000000000000000000000000000000000000000000000000000000011111110
111111111111111111111111111111111111111111111111111111111111111111111111111111111100000000111100111100111100111100111100000011110011110011110011110011110000000011111100000000000000000000000000000000000011111100000000000011111111000000000000000000000000000000000000000000000000000000000000000011111110
111111111111111111111111111111111111111111111111111111111111111111111111111111111100000000111100000000000000000000000000000000000000000000000000000011110000000011111100000000000000000000000000000000000011111100000000000011111111000000010000110000110000100000000000000100001100001100001000000011111110
111111111111111111111111111111111111111111111111111111111111111111111111111111111100000000111100000000000000000000000000000000000000000000000000000011110000000011111100000000000000000000000000000000000011111100000000000011111111000000011111111111111111100000000000000111111111111111111000000011111110
111111111111111111111111111111111111111111111111111111111111111111111111111111111100000000111100000000000000000000000000000000000000000000000000000011110000000011111100000000000000000000000000000000000011111100000000000011111111000000000000000000000000000000000000000000000000000000000000000011111110
111111111111111111111111111111111111111111111111111111111111111111111111111111111100000000111100000000000000000000000000000000000000000000000000000011110000000011111100000000000000000000000000000000000011111100000000000011111111000000000000000000000000000000000000000000000000000000000000000011111110
111111111111111111111111111111111111111111111111111111111111111111111111111111111100000000111100000000000000000000000000000000000000000000000000000011110000000011111100000000000000000110000000000000000011111100000000000011111111000000000000000000000000000000000000000000000000000000000000000011111110
111111111111111111111111111111111111111111111111111111111111111111111111111111111100000000111100000000000000000000000000000000000000000000000000000011110000000011111100000000000000000110000000000000000011111100000000000011111111000000000000000000000000000000000000000000000000000000000000000011111110
111111111111111111111111111111111111111111111111111111111111111111111111111111111100000000111100111100111100111100111100000011110011110011110011110011110000000011111100000000000000000000000000000000000011111100000000000011111111000000010000110000110000100000000000000100001100001100001000000011111110
111111111111111111111111111111111111111111111111111111111111111111111111111111111100000000111100000000000000000000000000000000000000000000000000000011110000000011111100000000000000000000000000000000000011111100000000000011111111000000011111111111111111100000000000000111111111111111111000000011111110
111111111111111111111111111111111111111111111111111111111111111111111111111111111100000000111100000000000000000000000000000000000000000000000000000011110000000011111100000000000000000000000000000000000011111100000000000011111111000000000000000000000000000000000000000000000000000000000000000011111110
111111111111111111111111111111111111111111111111111111111111111111111111111111111100000000111100000011000011000011000000000000001100001100001100000011110000000011111100000000000000000000000000000000000011111100000000000011111111000000000000000000000000000000000000000000000000000000000000000011111110
111111111111111111111111111111111111111111111111111111111111111111111111111111111100000000111100000011000011000011000000000000001100001100001100000011110000000011111100000000000000000000000000000000000011111100000000000011111111000000000000000000000000000000000000000000000000000000000000000011111110
111111111111111111111111111111111111111111111111111111111111111111111111111111111100000000111100000000000000000000000000000000000000000000000000000011110000000011111100000000000000000000000000000000000011111100000000000011111111000000000000000000000000000000000000000000000000000000000000000011111110
111111111111111111111111111111111111111111111111111111111111111111111111111111111100000000111100000000000000000000000000000000000000000000000000000011110000000011111100000000011000000000000001100000000011111100000000000011111111000000010000110000110000100000000000000100001100001100001000000011111110
111111111111111111111111111111111111111111111111111111111111111111111111111111111100000000111100111100111100111100111100000011110011110011110011110011110000000011111100000000011000000000000001100000000011111100000000000011111111000000011111111111111111100000000000000111111111111111111000000011111110
111111111111111111111111111111111111111111111111111111111111111111111111111111111100000000111100000000000000000000000000000000000000000000000000000011110000000011111100000000000000000000000000000000000011111100000000000011111111000000000000000000000000000000000000000000000000000000000000000011111110
111111111111111111111111111111111111111111111111111111111111111111111111111111111100000000111100000000000000000000000000000000000000000000000000000011110000000011111100000000000000000000000000000000000011111100000000000011111111000000000000000000000000000000000000000000000000000000000000000011111110
111111111111111111111111111111111111111111111111111111111111111111111111111111111100000000111100000000000000000000000000000000000000000000000000000011110000000011111100000000000000000000000000000000000011111100000000000011111111000000000000000000000000000000000000000000000000000000000000000011111110
111111111111111111111111111111111111111111111111111111111111111111111111111111111100000000111100000000000000000000000000000000000000000000000000000011110000000011111100000000000000000000000000000000000011111100000000000011111111000000000000000000000000000000000000000000000000000000000000000011111110
111111111111111111111111111111111111111111111111111111111111111111111111111111111100000000111100000000000000000000000000000000000000000000000000000011110000000011111100000000000000000000000000000000000011111100000000000011111111000000000000000000000000000000000000000000000000000000000000000011111110
111111111111111111111111111111111111111111111111111111111111111111111111111111111100000000111100000000000000000000000000000000000000000000000000000011110000000011111100000000000000000000000000000000000011111100000000000011111111000000000000000000000000000000000000000000000000000000000000000011111110
111111111111111111111111111111111111111111111111111111111111111111111111111111111100000000111100111100111100111100111100000011110011110011110011110011110000000011111101100000000110000000000110000000011011111100000000000011111111000000000000000000000000000000000000000000000000000000000000000011111110
111111111111111111111111111111111111111111111111111111111111111111111111111111111100000000111100000000000000000000000000000000000000000000000000000011110000000011111101100000000110000000000110000000011011111100000000000011111111111111111111111111111111111111111111111111111111111111111111111111111110
111111111111111111111111111111111111111111111111111111111111111111111111111111111100000000111100000000000000000000000000000000000000000000000000000011110000000011111100000000000000000000000000000000000011111100000000000011111111111111111111111111111111111111111111111111111111111111111111111111111110
111111111111111111111111111111111111111111111111111111111111111111111111111111111100000000111100000000001111110000000011111100000000111111000000000011110000000011111111111111111111000000001111111111111111111100000000000011111111111111111111111111111111111111111111111111111111111111111111111111111110
111111111111111111111111111111111111111111111111111111111111111111111111111111111100000000111100000000001111110000000011111100000000111111000000000011110000000011111111111111111111000000001111111111111111111100000000000011111111111111111111111111111111111111111111111111111111111111111111111111111110
111111111111111111111111111111111111111111111111111111111111111111111111111111111100000000111111000000001111110000000011111100000000111111000000001111110000000011111111111111111111000000001111111111111111111100000000000011111111111111111111111111111111111111111111111111111111111111111111111111111110
111111111111111111111111111111111111111111111111111111111111111111111111111111111100000000111111000000001111110000000011111100000000111111000000001111110000000011111111111111111111000000001111111111111111111100000000000011111111111111111111111111111111111111111111111111111111111111111111111111111110
111111111111111111111111111111111111111111111111111111111111111111111111111111111100000000111111000000001111110000000011111100000000111111000000001111110000000011111111111111111111000000001111111111111111111100000000000011111111111111111111111111111111111111111111111111111111111111111111111111111110
111111111111111111111111111111111111111111111111111111111111111111111111111111111100000000111111000000001111110000000011111100000000111111000000001111110000000011111111111111111111000000001111111111111111111100000000000011111111111111111111111111111111111111111111111111111111111111111111111111111110
111111110000000000000000000000000000000000000000000000000000000000000000000000000000000000000000000000000000000000000000000000000000000000000000000000000000000000000000000000000000000000000000000000000000000000000000000000000000000000000000000000000000000000000000000000000000000000000000000011111110
111111110000000000000000000000000000000000000000000000000000000000000000000000000000000000000000000000000000000000000000000000000000000000000000000000000000000000000000000000000000000000000000000000000000000000000000000000000000000000000000000000000000000000000000000000000000000000000000000011111110
111111110000000000000000000000000000000000000000000000000000000000000000000000000000000000000000000000000000000000000000000000000000000000000000000000000000000000000000000000000000000000000000000000000000000000000000000000000000000000000000000000000000000000000000000000000000000000000000000011111110
111111110000000000000000000000000000000000000000000000000000000000000000000000000000000000000000000000000000000000000000000000000000000000000000000000000000000000000000000000000000000000000000000000000000000000000000000000000000000000000000000000000000000000000000000000000000000000000000000011111110
111111110000000000000000000000000000000000000000000000000000000000000000000000000000000000000000000000000000000000000000000000000000000000000000000000000000000000000000000000000000000000000000000000000000000000000000000000000000000000000000000000000000000000000000000000000000000000000000000011111110
111111110000000000000000000000000000000000000000000000000000000000000000000000000000000000000000000000000000000000000000000000000000000000000000000000000000000000000000000000000000000000000000000000000000000000000000000000000000000000000000000000000000000000000000000000000000000000000000000011111110
111111110000000000000000000000000000000000000000000000000000000000000000000000000000000000000000000000000000000000000000000000000000000000000000000000000000000000000000000000000000000000000000000000000000000000000000000000000000000000000000000000000000000000000000000000000000000000000000000011111110
111111110000000000000000000000000000000000000000000000000000000000000000000000000000000000000000000000000000000000000000000000000000000000000000000000000000000000000000000000000000000000000000000000000000000000000000000000000000000000000000000000000000000000000000000000000000000000000000000011111110
111111110000000000000000000000000000000000000000000000000000000000000000000000000000000000000000000000000000000000000000000000000000000000000000000000000000000000000000000000000000000000000000000000000000000000000000000000000000000000000000000000000000000000000000000000000000000000000000000011111110
111111110000000000000000000000000000000000000000000000000000000000000000000000000000000000000000000000000000000000000000000000000000000000000000000000000000000000000000000000000000000000000000000000000000000000000000000000000000000000000000000000000000000000000000000000000000000000000000000011111110
111111110000000000000000000000000000000000000000000000000000000000000000000000000000000000000000000000000000000000000000000000000000000000000000000000000000000000000000000000000000000000000000000000000000000000000000000000000000000000000000000000000000000000000000000000000000000000000000000011111110
111111110000000000000000000000000000000000000000000000000000000000000000000000000000000000000000000000000000000000000000000000000000000000000000000000000000000000000000000000000000000000000000000000000000000000000000000000000000000000000000000000000000000000000000000000000000000000000000000011111110
111111111111111111111111111111111111111111111111111111111111111111111111111111111100000000111111111111111111111111111111111100000000111111111111111111111111111111111111111111111111111111111111111111111111111100000000000011111111111111111111111111111111111111111111111111111111111111111111111111111110
111111111111111111111111111111111111111111111111111111111111111111111111111111111100000000111111111111111111111111111111111100000000111111111111111111111111111111111111111111111111111111111111111111111111111100000000000011111111111111111111111111111111111111111111111111111111111111111111111111111110
111111111111111111111111111111111111111111111111111111111111111111111111111111111100000000111111111111111111111111111111111100000000111111111111111111111111111111111111111111111111111111111111111111111111111100000000000011111111111111111111111111111111111111111111111111111111111111111111111111111110
111111111111111111111111111111111111111111111111111111111111111111111111111111111100000000111111111111111111111111111111111100000000111111111111111111111111111111111111111111111111111111111111111111111111111100000000000011111111111111111111111111111111111111111111111111111111111111111111111111111110
111111111111111111111111111111111111111111111111111111111111111111111111111111111100000000111111111111111111111111111111111100000000111111111111111111111111111111111111111111111111111111111111111111111111111100000000000011111111111111111111111111111111111111111111111111111111111111111111111111111110
111111111111111111111111111111111111111111111111111111111111111111111111111111111100000000111111111111111111111111111111111100000000111111111111111111111111111111111111111111111111111111111111111111111111111100000000000011111111111111111111111111111111111111111111111111111111111111111111111111111110
111111111111111111111111111111111111111111111111111111111111111111111111111111111100000000111111000000000000000000000011111100000000111111111111111111111111111111111111111111111111111111111111111111111111111100000000000011111111111111111111111111111111111111111111111111111111111111111111111111111110
111111111111111111111111111111111111111111111111111111111111111111111111111111111100000000111111000000000000000000000011111100000000111111111111111111111111111111111111111111111111111111111111111111111111111100000000000011111111111111111111111111111111111111111111111111111111111111111111111111111110
111111111111110000000000000000111111000000000000000011111100000000000000001111111100000000111111000000000000000000000011111100000000111111111111111111111111111111111111111111111111111111111111111111111111111100000000000011111111111111111111111111111111111111111111111111111111111111111111111111111110
111111111111110000000000000000111111000000000000000011111100000000000000001111111100000000111111000000000000000000000011111100000000111111111111111111111111111111111111111111111111111111111111111111111111111100000000000011111111111111111111111111111111111111111111111111111111111111111111111111111110
111111111111110000000000000000111111000000000000000011111100000000000000001111111100000000111111000000000011000000000011111100000000111111111111111111111111111111111111111111111111111111111111111111111111111100000000000011111111111111111111111111111111111111111111111111111111111111111111111111111110
111111111111110000000000000000111111000000000000000011111100000000000000001111111100000000111111000000000111100000000011111100000000111111111111111111111111111111111111111111111111111111111111111111111111111100000000000011111111111111111111111111111111111111111111111111111111111111111111111111111110
111111111111110000111111110000111111000011111111000011111100001111111100001111111100000000111111000000001111110000000011111100000000111111111111111111111111111111111111111111111111111111111111111111111111111100000000000011111111111111111111111111111111111111111111111111111111111111111111111111111110
111111111111110000111111110000111111000011111111000011111100001111111100001111111100000000111111000000001111110000000011111100000000111111111111111111111111111111111111111111111111111111111111111111111111111100000000000011111111111111111111111111111111111111111111111111111111111111111111111111111110
111111111111110000111111110000111111000011111111000011111100001111111100001111111100000000111111000000000111100000000011111100000000111111111111111111111111111111111111111111111111111111111111111111111111111100000000000011111111111111111111111111111111111111111111111111111111111111111111111111111110
111111111111110000111111110000111111000011111111000011111100001111111100001111111100000000111111000000000011000000000011111100000000111111111111111111111111111111111111111111111111111111111111111111111111111100000000000011111111111111111111111111111111111111111111111111111111111111111111111111111110
111111111111110000001111000000111111000000111100000011111100000011110000001111111100000000111111000000000000000000000011111100000000111111111111111100000000000000000000000000000000000000000000111111111111111100000000000011111111111111110000000000000000000000000000000000000000000011111111111111111110
111111111111110000001111000000111111000000111100000011111100000011110000001111111100000000111111000000000000000000000011111100000000111111111111111100000000000000000000000000000000000000000000111111111111111100000000000011111111111111110000000000000000000000000000000000000000000011111111111111111110
111111111111110000000000000000111111000000000000000011111100000000000000001111111100000000111111000000000000000000000011111100000000111111111111111100000000000000000000000000000000000000000000111111111111111100000000000011111111111111110000000000000000000000000000000000000000000011111111111111111110
111111111111110005500000055000111111000550000005500011111100055000000550001111111100000000111111000000000000000000000011111100000000111111111111111100000000000000000000000000000000000000000000111111111111111100000000000011111111111111110000000000000000000000000000000000000000000011111111111111111110
111111111111110005500000055000111111000550000005500011111100055000000550001111111100000000111111000000000000000000000011111100000000111111111111111100000000000000000000000000000000000000000000111111111111111100000000000011111111111111110000000000000000000000000000000000000000000011111111111111111110
111111111111110000000000000000111111000000000000000011111100000000000000001111111100000000111111000000000000000000000011111100000000111111111111111100000000000000000000000000000000000000000000111111111111111100000000000011111111111111110000000000000000000000000000000000000000000011111111111111111110
111111111111110000000000000000111111000000000000000011111100000000000000001111111100000000111111000000000000000000000011111100000000111111111111111100000000000000000000000000000000000000000000111111111111111100000000000011111111111111110000000000000000000000000000000000000000000011111111111111111110
111111111111110000000000000000111111000000000000000011111100000000000000001111111100000000111111000000000000000000000011111100000000111111111111111100000000000000000000000000000000000000000000111111111111111100000000000011111111111111110000000000000000000000000000000000000000000011111111111111111110
111111111111111111110000111111111111111111000011111111111111111100001111111111111100000000111111000000000000000000000011111100000000111111111111111100000000000000000000000000000000000000000000111111111111111100000000000011111111111111110000000000000000000000000000000000000000000011111111111111111110
111111111111111111110000111111111111111111000011111111111111111100001111111111111100000000111111000000000000000000000011111100000000111111111111111100000000000000000000000000000000000000000000111111111111111100000000000011111111111111110000000000000000000000000000000000000000000011111111111111111110
111111111111111111110000111111111111111111000011111111111111111100001111111111111100000000111111000000000011000000000011111100000000111111111111111100000000001111111111111111111111110000000000111111111111111100000000000011111111111111110000000000111111111111111111111111000000000011111111111111111110
111111111111111111110000111111111111111111000011111111111111111100001111111111111100000000111111000000000111100000000011111100000000111111111111111100000000001000000000000000000000010000000000111111111111111100000000000011111111111111110000000000100000000000000000000001000000000011111111111111111110
111111111111111111110000111111111111111111000011111111111111111100001111111111000000000000111111000000001111110000000011111100000000111111111111111100000000001000000000000000000000010000000000111111111111111100000000000011111111111111110000000000100000000000000000000001000000000011111111111111111110
111111111111111111110000111111111111111111000011111111111111111100001111111111000000000000111111000000001111110000000011111100000000111111111111111100000000001000000000000000000000010000000000111111111111111100000000000011111111111111110000000000100000000000000000000001000000000011111111111111111110
111111111100000000000000000000000000000000000000000000000000000000000000000000000000000000111111000000000111100000000011111100000000111111111111111100000000001000000000000000000000010000000000111111111111111100000000000011111111111111110000000000100000000000000000000001000000000011111111111111111110
111111111100000000000000000000000000000000000000000000000000000000000000000000000000000011111111000000000011000000000011111100000000111111111111111100000000001000000000000000000000010000000000111111111111111100000000000011111111111111110000000000100000000000000000000001000000000011111111111111111110
111111111100000000000000000000000000000000000000000000000000000000000000000000000000000000000000000000000000000000000011111100000000111111111111111100000000001000000000000000000000010000000000111111111111111100000000000011111111111111110000000000100000000000000000000001000000000011111111111111111110
111111111100000000000000000000000000000000000000000000000000000000000000000000000000000000000000000000000000000000000011111100000000111111111111111100000000001000000000000000000000010000000000111111111111111100000000000011111111111111110000000000100000000000000000000001000000000011111111111111111110
111111111100000000000000000000000000000000000000000000000000000000000000000000000000000000000000000000000000000000000011111100000000111111111111111100000000001000000000000000000000010000000000111111111111111100000000000011111111111111110000000000100000000000000000000001000000000011111111111111111110
111111111100000000000000000000000000000000000000000000000000000000000000000000000000000000000000000000000000000000000011111100000000111111111111111100000000001000000000000000000000010000000000111111111111111100000000000011111111111111110000000000100000000000000000000001000000000011111111111111111110
111111111100000000000000000000000000000000000000000000000000000000000000000000000000000000000000000000000000000000000011111100000000111111111111111100000000001000000000000000000000010000000000111111111111111100000000000011111111111111110000000000100000000000000000000001000000000011111111111111111110
111111111100000000000000000000000000000000000000000000000000000000000000000000000000000000000000000000000000000000000011111100000000111111111111111100000000001000000000000000000000010000000000111111111111111100000000000011111111111111110000000000100000000000000000000001000000000011111111111111111110
111111111100000000000000000000000000000000000000000000000000000000000000000000000000000000000000000000000000000000000011111100000000111111111111111100000000001000000000000000000000010000000000111111111111111100000000000011111111111111110000000000100000000000000000000001000000000011111111111111111110
111111111100000000000000000000000000000000000000000000000000000000000000000000000000000000000000000000000000000000000011111100000000111111111111111100000000001000000000000000000000010000000000111111111111111100000000000011111111111111110000000000100000000000000000000001000000000011111111111111111110
111111111100000000000000000000000000000000000000000000000000000000000000000000000000000011111111000000000011000000000011111100000000111111111111111100000000001000000000000000000000010000000000111111111111111100000000000011111111111111110000000000100000000000000000000001000000000011111111111111111110
111111111100000000000000000000000000000000000000000000000000000000000000000000000000000000111111000000000111100000000011111100000000111111111111111100000000001000000000000000000000010000000000111111111111111100000000000011111111111111110000000000100000000000000000000001000000000011111111111111111110
111111111111111111110000111111111111111111000011111111111111111100001111111111000000000000111111000000001111110000000011111100000000111111111111111100000000001000000000000000000000010000000000111111111111111100000000000011111111111111110000000000100000000000000000000001000000000011111111111111111110
111111111111111111110000111111111111111111000011111111111111111100001111111111000000000000111111000000001111110000000011111100000000111111111111111100000000001000000000000000000000010000000000111111111111111100000000000011111111111111110000000000100000000000000000000001000000000011111111111111111110
111111111111111111110000111111111111111111000011111111111111111100001111111111111100000000111111000000000111100000000011111100000000111111111111111100000000001000000000000000000000010000000000111111111111111100000000000011111111111111110000000000100000000000000000000001000000000011111111111111111110
111111111111111111110000111111111111111111000011111111111111111100001111111111111100000000111111000000000011000000000011111100000000111111111111111100000000001000000000000000000000010000000000111111111111111100000000000011111111111111110000000000100000000000000000000001000000000011111111111111111110
111111111111111111110000111111111111111111000011111111111111111100001111111111111100000000111111000000000000000000000011111100000000111111111111111100000000001000000000000000000000010000000000111111111111111100000000000011111111111111110000000000100000000000000000000001000000000011111111111111111110
111111111111111111110000111111111111111111000011111111111111111100001111111111111100000000111111000000000000000000000011111100000000111111111111111100000000001000000000000000000000010000000000111111111111111100000000000011111111111111110000000000100000000000000000000001000000000011111111111111111110
111111111111110000000000000000111111000000000000000011111100000000000000001111111100000000111111000000000000000000000011111100000000111111111111111100000000001000000000000000000000010000000000111111111111111100000000000011111111111111110000000000100000000000000000000001000000000011111111111111111110
111111111111110000000000000000111111000000000000000011111100000000000000001111111100000000111111000000000000000000000011111100000000111111111111111100000000001000000000000000000000010000000000111111111111111100000000000011111111111111110000000000100000000000000000000001000000000011111111111111111110
111111111111110000000000000000111111000000000000000011111100000000000000001111111100000000111111000000000000000000000011111100000000111111111111111100000000000000000000000000000000000000000000111111111111111100000000000011111111111111110000000000000000000000000000000000000000000011111111111111111110
111111111111110005500000055000111111000550000005500011111100055000000550001111111100000000111111000000000000000000000011111100000000111111111111111100000000000000000000000000000000000000000000111111111111111100000000000011111111111111110000000000000000000000000000000000000000000011111111111111111110
111111111111110005500000055000111111000550000005500011111100055000000550001111111100000000111111000000000000000000000011111100000000111111111111111100000000000000000000000000000000000000000000111111111111111100000000000011111111111111110000000000000000000000000000000000000000000011111111111111111110
111111111111110000000000000000111111000000000000000011111100000000000000001111111100000000111111000000000000000000000011111100000000111111111111111100000000000000000000000000000000000000000000111111111111111100000000000011111111111111110000000000000000000000000000000000000000000011111111111111111110
111111111111110000001111000000111111000000111100000011111100000011110000001111111100000000111111000000000000000000000011111100000000111111111111111100000000000000000000000000000000000000000000111111111111111100000000000011111111111111110000000000000000000000000000000000000000000011111111111111111110
111111111111110000001111000000111111000000111100000011111100000011110000001111111100000000111111000000000000000000000011111100000000111111111111111100000000000000000000000000000000000000000000111111111111111100000000000011111111111111110000000000000000000000000000000000000000000011111111111111111110
111111111111110000111111110000111111000011111111000011111100001111111100001111111100000000111111000000000011000000000011111100000000111111111111111100001000000000000000000000000000000000010000111111111111111100000000000011111111111111110000100000000000000000000000000000000001000011111111111111111110
111111111111110000111111110000111111000011111111000011111100001111111100001111111100000000111111000000000111100000000011111100000000111111111111111100001000000000000000000000000000000000010000111111111111111100000000000011111111111111110000100000000000000000000000000000000001000011111111111111111110
111111111111110000111111110000111111000011111111000011111100001111111100001111111100000000111111000000001111110000000011111100000000111111111111111100001000000000000000000000000000000000010000111111111111111100000000000011111111111111110000100000000000000000000000000000000001000011111111111111111110
111111111111110000111111110000111111000011111111000011111100001111111100001111111100000000111111000000001111110000000011111100000000111111111111111100001000000000000000000000000000000000010000111111111111111100000000000011111111111111110000100000000000000000000000000000000001000011111111111111111110
111111111111110000000000000000111111000000000000000011111100000000000000001111111100000000111111000000000111100000000011111100000000111111111111111100001000000000000000000000000000000000010000111111111111111100000000000011111111111111110000100000000000000000000000000000000001000011111111111111111110
111111111111110000000000000000111111000000000000000011111100000000000000001111111100000000111111000000000011000000000011111100000000111111111111111111111000000000000000000000000000000000011111111111111111111100000000000011111111111111111111100000000000000000000000000000000001111111111111111111111110
111111111111110000000000000000111111000000000000000011111100000000000000001111111100000000111111000000000000000000000011111100000000000000000000000000000000000000000000000000000000000000000000000000000000000000000000000000000000000000000000000000000000000000000000000000000000000011111111111111111110
111111111111110000000000000000111111000000000000000011111100000000000000001111111100000000111111000000000000000000000011111100000000000000000000000000000000000000000000000000000000000000000000000000000000000000000000000000000000000000000000000000000000000000000000000000000000000011111111111111111110
111111111111111111111111111111111111111111111111111111111111111111111111111111111100000000111111000000000000000000000011111100000000000000000000000000000000000000000000000000000000000000000000000000000000000000000000000000000000000000000000000000000000000000000000000000000000000011111111111111111110
111111111111111111111111111111111111111111111111111111111111111111111111111111111100000000111111000000000000000000000011111100000000000000000000000000000000000000000000000000000000000000000000000000000000000000000000000000000000000000000000000000000000000000000000000000000000000011111111111111111110
111111111111111111111111111111111111111111111111111111111111111111111111111111111100000000111111111111111111111111111111111100000000000000000000000000000000000000000000000000000000000000000000000000000000000000000000000000000000000000000000000000000000000000000000000000000000000011111111111111111110
111111111111111111111111111111111111111111111111111111111111111111111111111111111100000000111111111111111111111111111111111100000000000000000000000000000000000000000000000000000000000000000000000000000000000000000000000000000000000000000000000000000000000000000000000000000000000011111111111111111110
111111111111111111111111111111111111111111111111111111111111111111111111111111111111111111111111111111111111111111111111111100000000000000000000000000000000000000000000000000000000000000000000000000000000000000000000000000000000000000000000000000000000000000000000000000000000000011111111111111111110
111111111111111111111111111111111111111111111111111111111111111111111111111111111111111111111111111111111111111111111111111100000000000000000000000000000000000000000000000000000000000000000000000000000000000000000000000000000000000000000000000000000000000000000000000000000000000011111111111111111110
111111111111111111111111111111111111111111111111111111111111111111111111111111110000000000000000000000000000000000000000000000000000111111111111111111111000000000000000000000000000000000011111111111111111111100000000000011111111111111111111100000000000000000000000000000000001111111111111111111111110
111111111111111111111111111111111111111111111111111111111111111111111111111111110000000000000000000000000000000000000000000000000000111111111111111100001000000000000000000000000000000000010000111111111111111100000000000011111111111111110000100000000000000000000000000000000001000011111111111111111110
111111111111111111111111111111111111111111111111111111111111111111111111111111110000000000000000000000000000000000000000000000000000111111111111111100001000000000000000000000000000000000010000111111111111111100000000000011111111111111110000100000000000000000000000000000000001000011111111111111111110
111111111111111111111111111111111111111111111111111111111111111111111111111111110000000000000000000000000000000000000000000000000000111111111111111100001000000000000000000000000000000000010000111111111111111100000000000011111111111111110000100000000000000000000000000000000001000011111111111111111110
111111111111111111111111111111111111111111111111111111111111111111111111111111110000000000000000000000000000000000000000000000000000111111111111111100001000000000000000000000000000000000010000111111111111111100000000000011111111111111110000100000000000000000000000000000000001000011111111111111111110
111111111111111111111111111111111111111111111111111111111111111111111111111111110000000000000000000000000000000000000000000000000000111111111111111100001000000000000000000000000000000000010000111111111111111100000000000011111111111111110000100000000000000000000000000000000001000011111111111111111110
111111111111111111111111111111111111111111111111111111111111111111111111111111110000000000000000000000000000000000000000000000000000111111111111111100000000000000000000000000000000000000000000111111111111111100000000000011111111111111110000000000000000000000000000000000000000000011111111111111111110
111111111111111111111111111111111111111111111111111111111111111111111111111111110000000000000000000000000000000000000000000000000000111111111111111100000000000000000000000000000000000000000000111111111111111100000000000011111111111111110000000000000000000000000000000000000000000011111111111111111110
111111111111111111111111111111111111111111111111111111111111111111111111111111110000000000000000000000000000000000000000000000000000111111111111111100000000000000000000000000000000000000000000111111111111111100000000000011111111111111110000000000000000000000000000000000000000000011111111111111111110
111111111111111111111111111111111111111111111111111111111111111111111111111111110000000000000000000000000000000000000000000000000000111111111111111100000000000000000000000000000000000000000000111111111111111100000000000011111111111111110000000000000000000000000000000000000000000011111111111111111110
111111111111111111111111111111111111111111111111111111111111111111111111111111110000000000000000000000000000000000000000000000000000111111111111111100000000000000000000000000000000000000000000111111111111111100000000000011111111111111110000000000000000000000000000000000000000000011111111111111111110
111111111111111111111111111111111111111111111111111111111111111111111111111111110000000000000000000000000000000000000000000000000000111111111111111100000000000000000000000000000000000000000000111111111111111100000000000011111111111111110000000000000000000000000000000000000000000011111111111111111110
111111111111111111111111111111111111111111111111111111111111111111111111111111110000001111111111111111111111111111000000000000000000111111111111111100000000001000000000000000000000010000000000111111111111111100000000000011111111111111110000000000100000000000000000000001000000000011111111111111111110
111111111111111111111111111111111111111111111111111111111111111111111111111111110000001111111111111111111111111111000000000000000000111111111111111100000000001000000000000000000000010000000000111111111111111100000000000011111111111111110000000000100000000000000000000001000000000011111111111111111110
111111111111111111111111111111111111111111111111111111111111111111111111111111110000001111111111111111111111111111000000000000000000111111111111111100000000001000000000000000000000010000000000111111111111111100000000000011111111111111110000000000100000000000000000000001000000000011111111111111111110
111111111111111111111111111111111111111111111111111111111111111111111111111111110000001111111111111111111111111111000000000000000000111111111111111100000000001000000000000000000000010000000000111111111111111100000000000011111111111111110000000000100000000000000000000001000000000011111111111111111110
111111111111111111111111111111111111111111111111111111111111111111111111111111110000001111111111111111111111111111000000000000000000111111111111111100000000001000000000000000000000010000000000111111111111111100000000000011111111111111110000000000100000000000000000000001000000000011111111111111111110
111111111111111111111111111111111111111111111111111111111111111111111111111111110000001111111111111111111111111111000000000000000000111111111111111100000000001000000000000000000000010000000000111111111111111100000000000011111111111111110000000000100000000000000000000001000000000011111111111111111110
111111111111111111111111111111111111111111111111111111111111111111111111111111110000001111111111111111111111111111000000000000000000111111111111111100000000001000000000000000000000010000000000111111111111111100000000000011111111111111110000000000100000000000000000000001000000000011111111111111111110
111111111111111111111111111111111111111111111111111111111111111111111111111111110000001111111111111111111111111111000000000000000000111111111111111100000000001000000000000000000000010000000000111111111111111100000000000011111111111111110000000000100000000000000000000001000000000011111111111111111110
111111111111111111111111111111111111111111111111111111111111111111111111111111110000000000000000000000000000000000000000000000000000111111111111111100000000001000000000000000000000010000000000111111111111111100000000000011111111111111110000000000100000000000000000000001000000000011111111111111111110
111111111111111111111111111111111111111111111111111111111111111111111111111111110000000000000000000000000000000000000000000000000000111111111111111100000000001000000000000000000000010000000000111111111111111100000000000011111111111111110000000000100000000000000000000001000000000011111111111111111110
111111111111111111111111111111111111111111111111111111111111111111111111111111110000000000000000000000000000000000000000000000000000111111111111111100000000001000000000000000000000010000000000111111111111111100000000000011111111111111110000000000100000000000000000000001000000000011111111111111111110
111111111111111111111111111111111111111111111111111111111111111111111111111111110000000000000000000000000000000000000000000000000000111111111111111100000000001000000000000000000000010000000000111111111111111100000000000011111111111111110000000000100000000000000000000001000000000011111111111111111110
111111111111111111111111111111111111111111111111111111111111111111111111111111110000000000000000000000000000000000000000000000000000111111111111111100000000001000000000000000000000010000000000111111111111111100000000000011111111111111110000000000100000000000000000000001000000000011111111111111111110
111111111111111111111111111111111111111111111111111111111111111111111111111111110000000000000000000000000000000000000000000000000000111111111111111100000000001000000000000000000000010000000000111111111111111100000000000011111111111111110000000000100000000000000000000001000000000011111111111111111110
111111111111111111111111111111111111111111111111111111111111111111111111111111110000000000000000000000000000000000000000000000000000111111111111111100000000001000000000000000000000010000000000111111111111111100000000000011111111111111110000000000100000000000000000000001000000000011111111111111111110
111111111111111111111111111111111111111111111111111111111111111111111111111111110000000000000000000000000000000000000000000000000000111111111111111100000000001000000000000000000000010000000000111111111111111100000000000011111111111111110000000000100000000000000000000001000000000011111111111111111110
111111111111111111111111111111111111111111111111111111111111111111111111111111110000000000000000000000000000000000000000000000000000111111111111111100000000001000000000000000000000010000000000111111111111111100000000000011111111111111110000000000100000000000000000000001000000000011111111111111111110
111111111111111111111111111111111111111111111111111111111111111111111111111111110000000000000000000000000000000000000000000000000000111111111111111100000000001000000000000000000000010000000000111111111111111100000000000011111111111111110000000000100000000000000000000001000000000011111111111111111110
111111111111111111111111111111111111111111111111111111111111111111111111111111110000000000000000000000000000000000000000000000000000111111111111111100000000001000000000000000000000010000000000111111111111111100000000000011111111111111110000000000100000000000000000000001000000000011111111111111111110
111111111111111111111111111111111111111111111111111111111111111111111111111111110000000000000000000000000000000000000000000000000000111111111111111100000000001000000000000000000000010000000000111111111111111100000000000011111111111111110000000000100000000000000000000001000000000011111111111111111110
111111111111111111111111111111111111111111111111111111111111111111111111111111111111111111111111110000000000000000000000000000000000111111111111111100000000001000000000000000000000010000000000111111111111111100000000000011111111111111110000000000100000000000000000000001000000000011111111111111111110
111111111111111111111111111111111111111111111111111111111111111111111111111111111111111111111111110000000000000000000000000000000000111111111111111100000000001000000000000000000000010000000000111111111111111100000000000011111111111111110000000000100000000000000000000001000000000011111111111111111110
111111111111111111111111111111111111111111111111111111111111111111111111111111111111111111111111110000000000000000000000000000000000111111111111111100000000001000000000000000000000010000000000111111111111111100000000000011111111111111110000000000100000000000000000000001000000000011111111111111111110
111111111111111111111111111111111111111111111111111111111111111111111111111111111111111111111111110000000000000000000000000000000000111111111111111100000000001111111111111111111111110000000000111111111111111100000000000011111111111111110000000000111111111111111111111111000000000011111111111111111110
111111111111111111111111111111111111111111111111111111111111111111111111111111111111111111111111110000000000000000000000000000000000111111111111111100000000000000000000000000000000000000000000111111111111111100000000000011111111111111110000000000000000000000000000000000000000000011111111111111111110
111111111111111111111111111111111111111111111111111111111111111111111111111111111111111111111111110000000000000000000000000000000000111111111111111100000000000000000000000000000000000000000000111111111111111100000000000011111111111111110000000000000000000000000000000000000000000011111111111111111110
111111111111111111111111111111111111111111111111111111111111111111111111111111111111111111111111110000000000000000000000000000000000111111111111111100000000000000000000000000000000000000000000111111111111111100000000000011111111111111110000000000000000000000000000000000000000000011111111111111111110
111111111111111111111111111111111111111111111111111111111111111111111111111111111111111111111111110000000000000000000000000000000000111111111111111100000000000000000000000000000000000000000000111111111111111100000000000011111111111111110000000000000000000000000000000000000000000011111111111111111110
111111111111111111111111111111111111111111111111111111111111111111111111111111111111111111111111110000000000000000000000000000000000111111111111111100000000000000000000000000000000000000000000111111111111111100000000000011111111111111110000000000000000000000000000000000000000000011111111111111111110
111111111111111111111111111111111111111111111111111111111111111111111111111111111111111111111111110000000000000000000000000000000000111111111111111100000000000000000000000000000000000000000000111111111111111100000000000011111111111111110000000000000000000000000000000000000000000011111111111111111110
111111111111111111111111110000000000000000000000111111111111111111111111111111111111111111111111110000000000000000000000000000000000111111111111111100000000000000000000000000000000000000000000111111111111111100000000000011111111111111110000000000000000000000000000000000000000000011111111111111111110
111111111111111111111111110000000000000000000000111111111111111111111111111111111111111111111111110000000000000000000000000000000000111111111111111100000000000000000000000000000000000000000000111111111111111100000000000011111111111111110000000000000000000000000000000000000000000011111111111111111110
111111111111111111111100000000000000000000111100111111111111111111111111111111111111111111111111110000000000000000000000000000000000111111111111111100000000000000000000000000000000000000000000111111111111111100000000000011111111111111110000000000000000000000000000000000000000000011111111111111111110
111111111111111111111100000000000000000000111100111111111111111111111111111111111111111111111111110000000000000000000000000000000000111111111111111100000000000000000000000000000000000000000000111111111111111100000000000011111111111111110000000000000000000000000000000000000000000011111111111111111110
111111111111111111111100000000000000000000111100111111111111111111111111111111111111111111111111110000000000000000000000000000000000111111111111111111111111111111111111111111111111111111111111111111111111111100000000000011111111111111111111111111111111111111111111111111111111111111111111111111111110
111111111111111111111100000000000000000000111100111111111111111111111111111111111111111111111111110000000000000000000000000000000000111111111111111111111111111111111111111111111111111111111111111111111111111100000000000011111111111111111111111111111111111111111111111111111111111111111111111111111110
111111111111111111111100000000000000000000000000000000000000000000000000000000000000000000000000000000000000000000000000000000000000111111111111111111111111111111111111111111111111111111111111111111111111111100000000000011111111111111111111111111111111111111111111111111111111111111111111111111111110
111111111111111111111100000000000000000000000000000000000000000000000000000000000000000000000000000000000000000000000000000000000000111111111111111111111111111111111111111111111111111111111111111111111111111100000000000011111111111111111111111111111111111111111111111111111111111111111111111111111110
111111111111111111111100000000000000000000000000000000000000000000000000000000000000000000000000000000000000000000000000000000000000111111111111111111111111111111111111111111111111111111111111111111111111111100000000000011111111111111111111111111111111111111111111111111111111111111111111111111111110
111111111111111111111100000000000000000000000000000000000000000000000000000000000000000000000000000000000000000000000000000000000000111111111111111111111111111111111111111111111111111111111111111111111111111100000000000011111111111111111111111111111111111111111111111111111111111111111111111111111110
111111111111111111111100000000000000000000000000000000000000000000000000000000000000000000000000000000000000000000000000000000000000111111111111111111111111111111111111111111111111111111111111111111111111111100000000000011111111111111111111111111111111111111111111111111111111111111111111111111111110
111111111111111111111100000000000000000000000000000000000000000000000000000000000000000000000000000000000000000000000000000000000000111111111111111111111111111111111111111111111111111111111111111111111111111100000000000011111111111111111111111111111111111111111111111111111111111111111111111111111110
111111111111111111111100000000000000000000000000000000000000000000000000000000000000000000000000000000000000000000000000000000000000111111111111111111111111111111111111111111111111111111111111111111111111111100000000000011111111111111111111111111111111111111111111111111111111111111111111111111111110
111111111111111111111100000000000000000000000000000000000000000000000000000000000000000000000000000000000000000000000000000000000000111111111111111111111111111111111111111111111111111111111111111111111111111100000000000011111111111111111111111111111111111111111111111111111111111111111111111111111110
111111111111111111111100000000000000000000111100111111111111111111111111111111111111111111111111110000000000000000000000000000000000111111111111111111111111111111111111111111111111111111111111111111111111111100000000000011111111111111111111111111111111111111111111111111111111111111111111111111111110
111111111111111111111100000000000000000000111100111111111111111111111111111111111111111111111111110000000000000000000000000000000000111111111111111111111111111111111111111111111111111111111111111111111111111100000000000011111111111111111111111111111111111111111111111111111111111111111111111111111110
111111111111111111111100000000000000000000111100111111111111111111111111111111111111111111111111110000000000000000000000001111111111111111111111111111111111111111111111111111111111111111111111111111111111111100000000000011111111111111111111111111111111111111111111111111111111111111111111111111111110
111111111111111111111100000000000000000000111100111111111111111111111111111111111111111111111111110000000000000000000000001111111111111111111111111111111111111111111111111111111111111111111111111111111111111100000000000011111111111111111111111111111111111111111111111111111111111111111111111111111110
111111111111111111111111110000000000000000000000111111111111111111111111111111111111111111111111111111111111111111111111111111111111111111111111111111111111111111111111111111111111111111111111111111111111111100000000000011111111111111111111111111111111111111111111111111111111111111111111111111111110
111111111111111111111111110000000000000000000000111111111111111111111111111111111111111111111111111111111111111111111111111111111111111111111111111111111111111111111111111111111111111111111111111111111111111100000000000011111111111111111111111111111111111111111111111111111111111111111111111111111110
111111111111111111111111111111111111111111111111111111111111111111111111111111111111111111111111111111111111111111111111111111111111111111111111111111111111111111111111111111111111111111111111111111111111111100000000000011111111111111111111111111111111111111111111111111111111111111111111111111111110
111111111111111111111111111111111111111111111111111111111111111111111111111111111111111111111111111111111111111111111111111111111111111111111111111111111111111111111111111111111111111111111111111111111111111100000000000011111111111111111111111111111111111111111111111111111111111111111111111111111110
111111111111111111111111111111111111111111111111111111111111111111111111111111111111111111111111111111111111111111111111111111111111111111111111111111111111111111111111111111111111111111111111111111111111111100000000000011111111111111111111111111111111111111111111111111111111111111111111111111111110
111111111111111111111111111111111111111111111111111111111111111111111111111111111111111111111111111111111111111111111111111111111111111111111111111111111111111111111111111111111111111111111111111111111111111100000000000011111111111111111111111111111111111111111111111111111111111111111111111111111110
111111111111111111111111111111111111111111111111111111111111111111111111111111111111111111111111111111111111111111111111111111111111111111111111111111111111111111111111111111111111111111111111111111111111111100000000000011111111111111111111111111111111111111111111111111111111111111111111111111111110
111111111111111111111111111111111111111111111111111111111111111111111111111111111111111111111111111111111111111111111111111111111111111111111111111111111111111111111111111111111111111111111111111111111111111100000000000011111111111111111111111111111111111111111111111111111111111111111111111111111110
111111111111111111111111111111111111111111111111111111111111111111111111111111111111111111111111111111111111111111111111111111111111111111111111111111111111111111111111111111111111111111111111111111111111111100000000000011111111111111111111111111111111111111111111111111111111111111111111111111111110
111111111111111111111111111111111111111111111111111111111111111111111111111111111111111111111111111111111111111111111111111111111111111111111111111111111111111111111111111111111111111111111111111111111111111100000000000011111111111111111111111111111111111111111111111111111111111111111111111111111110
111111111111111111111111111111111111111111111111111111111111111111111111111111111111111111111111111111111111111111111111111111111111111111111111111111111111111111111111111111111111111111111111111111111111111100000000000011111111111111111111111111111111111111111111111111111111111111111111111111111110
111111111111111111111111111111111111111111111111111111111111111111111111111111111111111111111111111111111111111111111111111111111111111111111111111111111111111111111111111111111111111111111111111111111111111100000000000011111111111111111111111111111111111111111111111111111111111111111111111111111110
111111111111111111111111111111111111111111111111111111111111111111111111111111111111111111111111111111111111111111111111111111111111111111111111111111111111111111111111111111111111111111111111111111111111111111111111111111111111111111111111111111111111111111111111111111111111111111111111111111111110
111111111111111111111111111111111111111111111111111111111111111111111111111111111111111111111111111111111111111111111111111111111111111111111111111111111111111111111111111111111111111111111111111111111111111111111111111111111111111111111111111111111111111111111111111111111111111111111111111111111110
