0000000000000000000000000000000000000000000000000000000000000000000000000000000000000000000000000000000000000000000000000000000000000000000000000000000000000000000000000000000000000000000000000000000000000000000000000000000000000000000000000000000000000000000000000000000000000000
1111111111111111111111111111111111111111111111111111111111111111111111111111111111111111111111111111111111111111111111111111111111111111111111111111111111111111111111111111111111111111111111111111111111111111111111111111111111111111111111111111111111111111111111111111111111111110
1111111111111111111111111111111111111111111111111111111111111111111111111111111111111111111111111111111111111111111111111111111111111111111111111111111111111111111111111111111111111111111111111111111111111111111111111111111111111111111111111111111111111111111111111111111111111110
1111111111111111111111111111111111111111111111111111111111111111111111111111111111111111111111111111111111111111111111111111111111111111111111111111111111111111111111111111111111111111111111111111111111111111111111111111111111111111111111111111111111111111111111111111111111111110
1111111111111111111111111111111111111111111111111111111111111111111111111111111111111111111111111111111111111111111111111111111111111111111111111111111111111111111111111111111111111111111111111111111111111111111111111111111111111111111111111111111111111111111111111111111111111110
1111111111111111111111111111111111111111111111111111111111111111111111111111111111111111111111111111111111111111111111111111111111111111111111111111111111111111111111111111111111111111111111111111111111111111111111111111111111111111111111111111111111111111111111111111111111111110
1111111111111111111111111111111111111111111111111111111111111111111111111111111111111111111111111111111111111111111111111111111111111111111111111111111111111111111111111111111111111111111111111111111111111111111111111111111111111111111111111111111111111111111111111111111111111110
1111111111111111111111111111111111111111111111111111111111111111111111111111111111111111111111111111111111111111111111111111111111111111111111111111111111111111111111111111111111111111111111111111111111111111111111111111111111111111111111111111111111111111111111111111111111111110
1111111111111111111111111111111111111111111111111111111111111111111111111111111111111111111111111111111111111111111111111111111111111111111111111111111111111111111111111111111111111111111111111111111111111111111111111111111111111111111111111111111111111111111111111111111111111110
1111111111111111111111111111111111111111111111111111111111111111111111111111111111111111111111111111111111111111111111111111111111111111111111111111111111111111111111111111111111111111111111111111111111111111111111111111111111111111111111111111111111111111111111111111111111111110
1111111111111111111111111111111111111111111111111111111111111111111111111111111111111111111111111111111111111111111111111111111111111111111111111111111111111111111111111111111111111111111111111111111111111111111111111111111111111111111111111111111111111111111111111111111111111110
1111111111111111111111111111111111111111111111111111111111111111111111111111111111111111111111111111111111111111111111111111111111111111111111111111111111111111111111111111111111111111111111111111111111111111111111111111111111111111111111111111111111111111111111111111111111111110
1111111111111111111111111111111111111111111111111111111111111111111111111111111111111111111111111111111111111111111111111111111111111111111111111111111111111111111111111111111111111111111111111111111111111111111111111111111111111111111111111111111111111111111111111111111111111110
1111111111111111111111111111111111111111111111111111111111111111111111111111111111111111111111111111111111111111111111111111111111111111111111111111111111111111111111111111111111111111111111111111111111111111111111111111111111111111111111111111111111111111111111111111111111111110
1111111111111111111111111111111111111111111111111111111111111111111111111111111111111111111111111111111111111111111111111111111111111111111111111111111111111111111111111111111111111111111111111111111111111111111111111111111111111111111111111111111111111111111111111111111111111110
1111111111111111111111111111111111111111111111111111111111111111111111111111111111111111111111111111111111111111111111111111111111111111111111111111111111111111111111111111111111111111111111111111111111111111111111111111111111111111111111111111111111111111111111111111111111111110
1111111111111111111111111111111111111111111111111111111111111111111111111111111111111111111111111111111111111111111111111111111111111111111111111111111111111111111111111111111111111111111111111111111111111111111111111111111111111111111111111111111111111111111111111111111111111110
1111111111111111111111111111111111111111111111111111111111111111111111111111111111111111111111111111111111111111111111111111111111111111111111111111111111111111111111111111111111111111111111111111111111111111111111111111111111111111111111111111111111111111111111111111111111111110
1111111111111111111111111111111111111111111111111111111111111111111111111111111111111111111111111111111111111111111111111111111111111111111111111111111111111111111111111111111111111111111111111111111111111111111111111111111111111111111111111111111111111111111111111111111111111110
1111111111111111111111111111111111111111111111111111111111111111111111111111111111111111111111111111111111111111111111111111111111111111111111111111111111111111111111111111111111111111111111111111111111111111111111111111111111111111111111111111111111111111111111111111111111111110
1111111111111111111111111111111111111111111111111111111111111111111111111111111111111111111111111111111111111111111111111111111111111111111111111111111111111111111111111111111111111111111111111111111111111111111111111111111111111111111111111111111111111111111111111111111111111110
1111111111111111111111111111111111111111111111111111111111111111111111111111111111111111111111111111111111111111111111111111111111111111111111111111111111111111111111111111111111111111111111111111111111111111111111111111111111111111111111111111111111111111111111111111111111111110
1111111111111111111111111111111111111111111111111111111111111111111111111111111111111111111111111111111111111111111111111111111111111111111111111111111111111111111111111111111111111111111111111111111111111111111111111111111111111111111111111111111111111111111111111111111111111110
1111111111111111111111111111111111111111111111111111111111111111111111111111111111111111111111111111111111111111111111111111111111111111111111111111111111111111111111111111111111111111111111111111111111111111111111111111111111111111111111111111111111111111111111111111111111111110
1111111111111111111111111111111111111111111111111111111111111111111111111111111111111111111111111111111111111111111111111111111111111111111111111111111111111111111111111111111111111111111111111111111111111111111111111111111111111111111111111111111111111111111111111111111111111110
1111111111111111111111111111111111111111111111111111111111111111111111111111111111111111111111111111111111111111111111111111111111111111111111111111111111111111111111111111111111111111111111111111111111111111111111111111111111111111111111111111111111111111111111111111111111111110
1111111111111111111111111111111111111111111111111111111111111111111111111111111111111111111111111111111111111111111111111111111111111111111111111111111111111111111111111111111111111111111111111111111111111111111111111111111111111111111111111111111111111111111111111111111111111110
1111111111111111111111111111111111111111111111111111111111111111111111111111111111111111111111111111111111111111111111111111111111111111111111111111111111111111111111111111111111111111111111111111111111111111111111111111111111111111111111111111111111111111111111111111111111111110
1111111111111111111111111111111111111111111111111111111111111111111111111111111111111111111111111111111111111111111111111111111111111111111111111111111111111111111111111111111111111111111111111111111111111111111111111111111111111111111111111111111111111111111111111111111111111110
1111111111111111111111111111111111111111111111111111111111111111111111111111111111111111111111111111111111111111111111111111111111111111111111111111111111111111111111111111111111111111111111111111111111111111111111111111111111111111111111111111111111111111111111111111111111111110
1111111111111111111111111111111111111111111111111111111111111111111111111111111111111111111111111111111111111111111111111111111111111111111111111111111111111111111111111111111111111111111111111111111111111111111111111111111111111111111111111111111111111111111111111111111111111110
1111111111111111111111111111111111111111111111111111111111111111111111111111111111111111111111111111111111111111111111111111111111111111111111111111111111111111111111111111111111111111111111111111111111111111111111111111111111111111111111111111111111111111111111111111111111111110
1111111111111111111111111111111111111111111111111111111111111111111111111111111111111111111111111111111111111111111111111111111111111111111111111111111111111111111111111111111111111111111111111111111111111111111111111111111111111111111111111111111111111111111111111111111111111110
1111111111111111111111111111111111111111111111111111111111111111111111111111111111111111111111111111111111111111111111111111111111111111111111111111111111111111111111111111111111111111111111111111111111111111111111111111111111111111111111111111111111111111111111111111111111111110
1111111111111111111111111111111111111111111111111111111111111111111111111111111111111111111111111111111111111111111111111111111111111111111111111111111111111111111111111111111111111111111111111111111111111111111111111111111111111111111111111111111111111111111111111111111111111110
1111111111111111111111111111111111111111111111111111111111111111111111111111111111111111111111111111111111111111111111111111111111111111111111111111111111111111111111111111111111111111111111111111111111111111111111111111111111111111111111111111111111111111111111111111111111111110
1111111111111111111111111111111111111111111111111111111111111111111111111111111111111111111111001111111100000000000011111111000000000000111111110000000000001111111100000000000011111111001111111111111111111111111111111111111111111111111111111111111111111111111111111111111111111110
1111111111111111111111111111111111111111111111111111111111111111111111111111111111111111111111001111111100000000000011111111000000000000111111110000000000001111111100000000000011111111001111111111111111111111111111111111111111111111111111111111111111111111111111111111111111111110
1111111111111111111111111111111111111111111111111111111111111111111111111111111111111111111111001111111100000000000011111111000011110000111111110000111100001111111100000000000011111111001111111111111111111111111111111111111111111111111111111111111111111111111111111111111111111110
1111111111111111111111111111111111111111111111111111111111111111111111111111111111111111111111001111111100000000000011111111000111111000111111110001111110001111111100000000000011111111001111111111111111111111111111111111111111111111111111111111111111111111111111111111111111111110
1111111111111111111111111111111111111111111111111111111111111111111111111111111111111111111111000000000000000000000000000000000111111000000000000001111110000000000000000000000000000000001111111111111111111111111111111111111111111111111111111111111111111111111111111111111111111110
1111111111111111111111111111111111111111111111111111111111111111111111111111111111111111111111000000000000000000000000000000000111111000000000000001111110000000000000000000000000000000001111111111111111111111111111111111111111111111111111111111111111111111111111111111111111111110
1111111111111111111111111111111111111111111111111111111111111111111111111111111111111111111111000000000000000000000000000000000111111000000000000001111110000000000000000000000000000000001111111111111111111111111111111111111111111111111111111111111111111111111111111111111111111110
1111111111111111111111111111111111111111111111111111111111111111111111111111111111111111111111000000000000000000000000000000000011110000000000000000111100000000000000000000000000000000001111111111111111111111111111111111111111111111111111111111111111111111111111111111111111111110
1111111111111111111111111111111111111111111111111111111111111111111111111111111111111111000011000000000000000000000000000000000000000000000000000000000000000000000000000000000000000000001100001111111111111111111111111111111111111111111111111111111111111111111111111111111111111110
1111111111111111111111111111111111111111111111111111111111111111111111111111111111111111000011000000000000000000000000000000000000000000000000000000000000000000000000000000000000000000001100001111111111111111111111111111111111111111111111111111111111111111111111111111111111111110
1111111111111111111111111111111111111111111111111111111111111111111111111111111111111100000011000000000000000000000000000000000011111100000000000000000000000000000000000000000000000000001100000011111111111111111111111111111111111111111111111111111111111111111111111111111111111110
1111111111111111111111111111111111111111111111111111111111111111111111111111111111111100000011000000000000000000000000000000000011111100000000000000000000000000000000000000000000000000001100000011111111111111111111111111111111111111111111111111111111111111111111111111111111111110
1111111111111111111111111111111111111111111111111111111111111111111111111111111111110000000011000000000000000000000000000011111111111111000000000000000000000000000000000000000000000000001100000000111111111111111111111111111111111111111111111111111111111111111111111111111111111110
1111111111111111111111111111111111111111111111111111111111111111111111111111111111110000000011000000000000000000000000000011111111111111000000000000000000000000000000000000000000000000001100000000111111111111111111111111111111111111111111111111111111111111111111111111111111111110
1111111111111111111111111111111111111111111111111111111111111111111111111111111111000000000011000000000000000000000000000011111111111111111100000000000000000000000000000000000000000000001100000000001111111111111111111111111111111111111111111111111111111111111111111111111111111110
1111111111111111111111111111111111111111111111111111111111111111111111111111111111000000000011000000000000000000000000000011111111111111111100000000000000000000000000000000000000000000001100000000001111111111111111111111111111111111111111111111111111111111111111111111111111111110
1111111111111111111111111111111111111111111111111111111111111111111111111111111100000000000011000000000000000000000000000011111111111111111111111100000011111100000000000000000000000000001100000000000011111111111111111111111111111111111111111111111111111111111111111111111111111110
1111111111111111111111111111111111111111111111111111111111111111111111111111111100000000000011000000000000000000000000000011111111111111111111111100000011111100000000000000000000000000001100000000000011111111111111111111111111111111111111111111111111111111111111111111111111111110
1111111111111111111111111111111111111111111111111111111111111111111111111111111111000000000011000000000000000000000000000000000000000000001111111111111111110000000000000000000000000000001100000000000000111111111111111111111111111111111111111111111111111111111111111111111111111110
1111111111111111111111111111111111111111111111111111111111111111111111111111111111000000000011000000000000000000000000000000000000000000001111111111111111110000000000000000000000000000001100000000000000111111111111111111111111111111111111111111111111111111111111111111111111111110
1111111111111111111111111111111111111111111111111111111111111111111111111111111111000000000011000000000000000000000000000000000000000000000000000011111111000000000000000000000000000000001100000000000000001111111111111111111111111111111111111111111111111111111111111111111111111110
1111111111111111111111111111111111111111111111111111111111111111111111111111111111000000000011000000000000000000000000000000000000000000000000000011111111000000000000000000000000000000001100000000000000001111111111111111111111111111111111111111111111111111111111111111111111111110
1111111111111111111111111111111111111111111111111111111111111111111111111111111111000000000011000000000000000000000000000000000000000000000000001111111111000000000000000000000000000000001100000000000000000011111111111111111111111111111111111111111111111111111111111111111111111110
1111111111111111111111111111111111111111111111111111111111111111111111111111111111000000000011000000000000000000000000000000000000000000000000001111111111000000000000000000000000000000001100000000000000000011111111111111111111111111111111111111111111111111111111111111111111111110
1111111111111111111111111111111111111111111111111111111111111111111111111111111111111100000011000000000000000000000000000000000000000000000000001111110000000000000000000000000000000000001100000000000000000000111111111111111111111111111111111111111111111111111111111111111111111110
1111111111111111111111111111111111111111111111111111111111111111111111111111111111111100000011000000000000000000000000000000000000000000000000001111110000000000000000000000000000000000001100000000000000000000111111111111111111111111111111111111111111111111111111111111111111111110
1111111111111111111111111111111111111111111111111111111111111111111111111111111111111100000011000000000000000000000000000000000000000000000000000000000000000000000011000000000000000000001100000011110000000000001111111111111111111111111111111111111111111111111111111111111111111110
1111111111111111111111111111111111111111111111111111111111111111111111111111111111111100000011000000000000000000000000000000000000000000000000000000000000000000000011000000000000000000001100000011110000000000001111111111111111111111111111111111111111111111111111111111111111111110
1111111111111111111111111111111111111111111111111111111111111111111111111111111111111100000011000000000000000000000000000000000000000000000000000000000000000000111111000000000000000000001100000011111100000000000011111111111111111111111111111111111111111111111111111111111111111110
1111111111111111111111111111111111111111111111111111111111111111111111111111111111111100000011000000000000000000000000000000000000000000000000000000000000000000111111000000000000000000001100000011111100000000000011111111111111111111111111111111111111111111111111111111111111111110
1111111111111111111111111111111111111111111111111111111111111111111111111111111111111100000011000000000000000000000000000000000000000000000000000000000000000000111111000000000000000000001100000011111111000000000000111111111111111111111111111111111111111111111111111111111111111110
1111111111111111111111111111111111111111111111111111111111111111111111111111111111111100000011000000000000000000000000000000000000000000000000000000000000000000111111000000000000000000001100000011111111000000000000111111111111111111111111111111111111111111111111111111111111111110
1111111111111111111111111111111111111111111111111111111111111111111111111111111111111100000011000000000000000000000000000000000000000000000000000000000000000000001111111100111111110000001100000000111111111100000000001111111111111111111111111111111111111111111111111111111111111110
1111111111111111111111111111111111111111111111111111111111111111111111111111111111111100000011000000000000000000000000000000000000000000000000000000000000000000001111111100111111110000001100000000111111111100000000001111111111111111111111111111111111111111111111111111111111111110
1111111111111111111111111111111111111111111111111111111111111111111111111111111111111100000011000000000000000000000000000000000011110000000000000000111100000000000011111100111111111100001100000000001111111111111100000011111111111111111111111111111111111111111111111111111111111110
1111111111111111111111111111111111111111111111111111111111111111111111111111111111111100000011000000000000000000000000000000000111111000000000000001111110000000000011111100111111111100001100000000001111111111111100000011111111111111111111111111111111111111111111111111111111111110
1111111111111111111111111111111111111111111111111111111111111111111111111111111111111100000011000000000000000000000000000000000111111000000000000001111110000000000000000000001111111100001100000000001100000000111100000000111111111111111111111111111111111111111111111111111111111110
1111111111111111111111111111111111111111111111111111111111111111111111111111111111111100000011000000000000000000000000000000000111111000000000000001111110000000000000000000001111111100001100000000001100000000111100000000111111111111111111111111111111111111111111111111111111111110
1111111111111111111111111111111111111111111111111111111111111111111111111111111111111100000011000000000000001100000000000000000111111000000000000001111110000000000000000011001111110000001100000000001100000011111111000011111111111111111111111111111111111111111111111111111111111110
1111111111111111111111111111111111111111111111111111111111111111111111111111111111111100000011000000000000001100000000000000000011110000000000000000111100000000000000000011001111110000001100000000001100000011111111000011111111111111111111111111111111111111111111111111111111111110
1111111111111111111111111111111111111111111111111111111111111111111111111111111100000000000011000000111111001111000000000000000011110000000000000000111100000000000000111111000000000000001100000000000000000011111111000011111111111111111111111111111111111111111111111111111111111110
1111111111111111111111111111111111111111111111111111111111111111111111111111111100000000000011000000111111001111000000000000000011110000000000000000111100000000000000111111000000000000001100000000000000000011111111000011111111111111111111111111111111111111111111111111111111111110
1111111111111111111111111111111111111111111111111111111111111111111111111111111100000000000011000011111100001111000000000000000011110000000000000000111100000000000000001111000000000000001100000000000000000000110000000011111100111111111111111111111111111111111111111111111111111110
1111111111111111111111111111111111111111111111111111111111111111111111111111111100000000000011000011111100001111000000000000000011110000000000000000111100000000000000001111000000000000001100000000000000000000110000000011111100111111111111111111111111111111111111111111111111111110
1111111111111111111111111111111111111111111111111111111111111111111111111111111100000000000011000000001111001111000000000000000011110000000000000000111100000000111100001111000000000000001100000000000000000000000000000000111100001111111111111111111111111111111111111111111111111110
1111111111111111111111111111111111111111111111111111111111111111111111111111111100111100000011000000001111001111000000000000000011110000000000000000111100000000111100001111000000000000001100000011110000000000000000000000111100001111111111111111111111111111111111111111111111111110
1111111111111111111111111111111111111111111111111111111111111111110000000000000001111110000011000000111111001111000000000000000011110000000000000000111100000000001100001111000000000000001100000111111000000000000000000000000000000011111111111111111111111111111111111111111111111110
1111111111111111111111111111111111111111111111111111111111111111110000000000000001111110000011000000111111001111000000000000000011110000000000000000111100000000001100001111000000000000001100000111111000000000000000000000000000000011111111111111111111111111111111111111111111111110
1111111111111111111111111111111111111111111111110011111111111111110000000000000001111110000011000000111111001111000011000000000011110000000000000000111100000000000000001111000000000000001100000111111000000000000000001100000000000000111111111111111111111111111111111111111111111110
1111111111111111111111111111111111111111111111110011111111111111110000000000000001111110000011000000111111001111000011000000000011110000000000000000111100000000000000001111000000000000001100000111111000000000000000001100000000000000111111111111111111111111111111111111111111111110
1111111111111111111111111111111111111111111111000000000000000000000000000000000000111100000011000000111100001111000011000000000011110000000000000000111100000000000000001111000000000000001100000011110000000000000000000000000000000000001111111111111111111111111111111111111111111110
1111111111111111111111111111111111111111111111000000000000000000000000000000000000000000000011000000111100001111000011000000000011110000000000000000111100000000000000001111000000000000001100000000000000000000000000000000000000000000001111111111111111111111111111111111111111111110
1111111111111111111111111111111111111111111100000000000000000000000000000000000000000000000011000011110000001111000000001100000011110000000000000000111100000000000000001111000000000000001100000000000000000000000000000000000000000000000011111111111111111111111111111111111111111110
1111111111111111111111111111111111111111111100000000000000000000000000000000000000000000000011000011110000001111000000001100000011110000000000000000111100000000000000001111000000000000001100000000000000000000000000000000000000000000000011111111111111111111111111111111111111111110
1111111111111111111111111111111111111111111100000000000000000000000000000000000000000000000011000011000000001111000000001100000011110000000000111100111100000000000000001111000000000000001100000000000000000000000000000000000000000000000011111111111111111111111111111111111111111110
1111111111111111111111111111111111111111111100000000000000000000000000000000000000000000000011000011000000001111000000001100000011110000000000111100111100000000000000001111000000000000001100000000000000000000000000000000000000000000000011111111111111111111111111111111111111111110
1111111111111111111111111111111111111111111111111100000000000000000011111111111111111111111111000000000000001111000000000000000011110000000011000000111100000011000000001111000000000000001111111111111111111111111100000000000000000011111111111111111111111111111111111111111111111110
1111111111111111111111111111111111111111111111111100000000000000000011111111111111111111111111000000000000001111000000000000000011110000000011000000111100000011000000001111000000000000001111111111111111111111111100000000000000000011111111111111111111111111111111111111111111111110
1111111111111111111111111111111111111100000000000000000000000000000000000000000000000000000000000000000000001111000000000000000011110000001111000000111100000011110000001111000000000000000000000000000000000000000000000000000000000000000000000011111111111111111111111111111111111110
1111111111111111111111111111111111111100000000000000000000000000000000000000000000000000000000000000000000001111000000000000000011110000001111000000111100000011110000001111000000000000000000000000000000000000000000000000000000000000000000000011111111111111111111111111111111111110
1111111111111111111111111111111111111100000000000000000000000000000000000000000000000000000000000000000000001111000011110000000011110000001100000000111100000000110000001111000000000000000000000000000000000000000000000000000000000000000000000011111111111111111111111111111111111110
1111111111111111111111111111111111111100000000000000000000000000000000000001000010000000000000000000000000001111000011110000000011110000001100000000111100000000110000001111000000000000000000000000000000000000000000000000000000000000000000000011111111111111111111111111111111111110
1111111111111111111111111111111111111100000000000000000000000000000011111111111111000000000000000000000000001111000000000000000011110000000000000000111100000000111100001111000000000000000000000000000000000000000000000000000000000000000000000011111111111111111111111111111111111110
1111111111111111111111111111111111111100000000000000000000000000000011111111111111000000000000000000000000001111000000000000000011110000000000000000111100000000111100001111000000000000000000000000000000000000000000000000000000000000000000000011111111111111111111111111111111111110
1111111111111111111111111111111111111100000000000000000000000000001111111111110000000000000000000000000000001111000000000011000011110000000000000000111100000000000000001111000000000000000000000000000000000000000000000000000000111111110000000011111111111111111111111111111111111110
1111111111111111111111111111111111111100000000000000000000000000001111111111110000000000000000000000000000001111000000000011000011110000000000000000111100000000000000001111000000000000000000000000000000000000000000000000000000111111110000000011111111111111111111111111111111111110
1111111111111111111111111111111111111100000000000000000000000000001111001111000000000000000000000000000000001111000000111100000011110000000000000000111100000000000000001111000000000000000000000000000000000000000000000000000000001111110000000011111111111111111111111111111111111110
1111111111111111111111111111111111111100000000000000000000000000001111001111000000000000000000000000000000001111000000111100000011110000000000000000111100000000000000001111000000000000000000000000000000000000000000000000000000001111110000000011111111111111111111111111111111111110
1111111111111111111111111111111111111100000000000000000000000000111100000000000000000000000000000000000000001111000011000000000011110000000000000000111100000000000000001111000000000000000000000000000000000000000000000000000000001111111100000011111111111111111111111111111111111110
1111111111111111111111111111111111111100000000000000000000000000111100000000000000000000000000000000000000001111000011000000000011110000000000000000111100000000000000001111000000000000000000000000000000000000000000000000000000001111111100000011111111111111111111111111111111111110
1111111111111111111111111111111111111100000000000000000000000000110000000000000000000000000000000000000000001111000000000000000011110000000000000000111100000000000000001111000000000000000000000000000000000000000000000000000000000000111100000011111111111111111111111111111111111110
1111111111111111111111111111111111111100000000000000000000000000110000000000000000000000000000000000000000001111000000000000000011110000000000000000111100000000000000001111000000000000000000000000000000000000000000000000000000000000111100000011111111111111111111111111111111111110
1111111111111111111111111111111111111100000000000000001100000000110000001111111111111111111111111111111111111111000000000000000011110000000000000000111100000000000000001111111111111111111111111111111111111111111111111111111111000000001111000011111111111111111111111111111111111110
1111111111111111111111111111111111111100000000000000001100000000110000001111111111111111111111111111111111111111000000000000000011110000000000000000111100000000000000001111111111111111111111111111111111111111111111111111111111000000001111000011111111111111111111111111111111111110
1111111111111111111111111111111111111100000000000011111100000000110000000011111111111111111111111111111111111111000000000000000011110000000000000000111100000000000000001111111111111111111111111111111111111111111111111111111111000000000011000011111111111111111111111111111111111110
1111111111111111111111111111111111111100000000000011111100000000110000000011111111111111111111111111111111111111000000000000000011110000000000000000111100000000000000001111111111111111111111111111111111111111111111111111111111000000000011000011111111111111111111111111111111111110
1111111111111111111111111111111111111100000000001111111111000000000000000011110000000000000000000000000000000000000000000000000011110000000000000000111100000000000000000000000000000000000000000000000000111111111111111111111111000000000000000011111111111111111111111111111111111110
1111111111111111111111111111111111111100000000001111111111000000000000000011110000000000000000000000000000000000000000000000000011110000000000000000111100000000000000000000000000000000000000000000000000111111111111111111111111000000000000000011111111111111111111111111111111111110
1111111111111111111111111111111111111100000000111111111111110000000000000011110000000000000000000000000000000000000000000000000011110000000000000000111100000000000000001111000000000000000000000000000000111111111111111111111111000000000000000011111111111111111111111111111111111110
1111111111111111111111111111111111111100000000111111111111110000000000000011110000000000000000000000000000000000000000000000000011110000000000000000111100000000000000001111000000000000000000000000000000111111111111111111111111000000000000000011111111111111111111111111111111111110
1111111111111111111111111111111111111100000011111111111111110000000000000011110000000000000000000000000000000000000000000000000011110000000000000000111100000000000000001111000000000000000011000000000000111111111111111111111111000000000000000011111111111111111111111111111111111110
1111111111111111111111111111111111111100000011111111111111110000000000000011110000000000000000000000000000000000000000000000000011110000000000000000111100000000000000001111000000000000000011000000000000111111111111111111111111000000000000000011111111111111111111111111111111111110
1111111111111111111111111111111111111100000011110011111111111100000000000011110000000000000000000000000000000000000000000000000011110000000000000000111100000000000000000011111100000000001111000000000000111111111111111111111111000000000000000011111111111111111111111111111111111110
1111111111111111111111111111111111111100000011110011111111111100000000000011110000000000000000000000000000000000000000000000000011110000000000000000111100000000000000000011111100000000001111000000000000111111111111111111111111000000000000000011111111111111111111111111111111111110
1111111111111111111111111111111111111100000000000011111111111100000000000011110000000000111100000000000000000000000000000000000011110000000000000000111100000000000000000000111111111111111111000000000000111111111111111111111111000000000000000011111111111111111111111111111111111110
1111111111111111111111111111111111111100000000000011111111111100000000000011110000000000111100000000000000000000000000000000000011110000000000000000111100000000000000000000111111111111111111000000000000111111111111111111111111000000000000000011111111111111111111111111111111111110
1111111111111111111111111111111111111100000000001111111111110000000000000011110000001111111100000000000000000000000000000000000011110000000000000000111100000000000000000000001111111111110000000000000000111111111111111111111111000000000000000011111111111111111111111111111111111110
1111111111111111111111111111111111111100000000001111111111110000000000000011110000001111111100000000000000000000000000000000000011110000000000000000111100000000000000000000001111111111110000000000000000111111111111111111111111000000000000000011111111111111111111111111111111111110
1111111111111111111111111111111111111100000000001111111111000000000000000011110000001111000000000000000000000000000000000000000011110000000000000000111100000000000000000000000000000000000000000100000000111111111111111111111111000000000000000011111111111111111111111111111111111110
1111111111111111111111111111111111111100000000001111111111000000000000000011110000001111000000000000000000000000000000000000000011110000000000000000111100000000000000000000000000000000000000000100000000111111111111111111111111000000000000000011111111111111111111111111111111111110
1111111111111111111111111111111111111100000000111111111100000000000000000011110000000010000000000000000000000000000000000000000011110000000000000000111100000000000000000000000000000000000000000100000000111111111111111111111111000000000000000011111111111111111111111111111111111110
1111111111111111111111111111111111111100000000111111111100000000000000000011110000000010000000000000000000000000000000000000000011110000000000000000111100000000000000000000000000000000000000000100000000111111111111111111111111000000000000000011111111111111111111111111111111111110
1111111111111111111111111111111111111100000000111111110000000000000000000011110000110011111111111111111111111111111111111111111111110000000000000000111111111111111111111111111111111111111111111100000000111100000000111111111111000000000000000011111111111111111111111111111111111110
1111111111111111111111111111111111111100000000111111110000000000000000000011110000110011111111111111111111111111111111111111111111110000000000000000111111111111111111111111111111111111111111111100000000111100000000111111111111000000000000000011111111111111111111111111111111111110
1111111111111111111111111111111111111100000011110000000000000000000000000011110000110011111111111111111111111111111111111111111111000011111100000000001111111111111111111111111111111111111111111100000000111100000000111111111111000000000000000011111111111111111111111111111111111110
1111111111111111111111111111111111111100000011110000000000000000000000000011110000110011111111111111111111111111111111111111111111000011111100000000001111111111111111111111111111111111111111111100000000111100000000111111111111000000000000000011111111111111111111111111111111111110
1111111111111111111111111111111111111100000000000000000000000000000000000011110000110000000000000000000000000000000000000000000000001111000000000000000000000000000000000000000000000000000000000000000000111100000011111111111111000000000000000011111111111111111111111111111111111110
1111111111111111111111111111111111111100000000000000000000000000000000000011110000110000000000000000000000000000000000000000000000001111000000000000000000000000000000000000000000000000000000000000000000111100000111111111111111000000000000000011111111111111111111111111111111111110
1111111111111111111111111111111111111111111111111111111100000000111111111111110000000000000000000000000000000000000000000000001111111100000000000000000000000000000000000000000000000000000000000000000000111100001111111111111111000000000000000011111111111111111111111111111111111110
1111111111111111111111111111111111111111111111111111111100000000111111111111110000000000000000000000000000000000000000000000001111111100000000000000000000000000000000000000000000000000000000000000000000111100001111111111111111000000000000000011111111111111111111111111111111111110
1111111111111111111111111111111111111100000000000000001100000000111111111111110000000000000000000000000000000000000000110000000000111100000000000000000000000000001100000000000000000000000000000000000000111100000111111111111111000000000000000011111111111111111111111111111111111110
1111111111111111111111111111111111111100000000000000001100000000111111111111110000000000000000000000000000000000000000110000000000111100000000000000000000000000001100000000000000000000000000000000000000111100000011111111111111000000000000000011111111111111111111111111111111111110
1111111111111111111111111111111111111100000000000000001100000000111111111111110000000000000000000000000000000000111111000000000000000000000000000000000000000000001111110000000000000000000000000000000000111100000000111111111111000000000000000011111111111111111111111111111111111110
1111111111111111111111111111111111111100000000000000001100000000111111111111110000000000000000000000000000000000111111000000000000000000000000000000000000000000001111110000000000000000000000000000000000111100000000111111111111000000000000000011111111111111111111111111111111111110
1111111111111111111111111111111111111100000000000000001100000000111111111111110000000000000000000000000000000011111111111100000000000000000000000000000000000000000000111100000000000000000000000000000000111100000000111111111111000000000000000011111111111111111111111111111111111110
1111111111111111111111111111111111111100000000000000001100000000111111111111110000000000000000000000000000000011111111111100000000000000000000000000000000000000000000111100000000000000000000000000000000111100000000111111111111000000000000000011111111111111111111111111111111111110
1111111111111111111111111111111111111100000000000000001100000000111111111111110000000000000000000000000000000011110000000000000000000000000000000000000000000000000000001100000000000000000000000000000000111100000000111111111111000000000000000011111111111111111111111111111111111110
1111111111111111111111111111111111111100000000000000001100000000111111111111110000000000000000000000000000000011110000000000000000000000000000000000000000000000000000001100000000000000000000000000000000111100000000111111111111000000000000000011111111111111111111111111111111111110
1111111111111111111111111111111111111100000000000000001111111111111111111111110000000000000000000000000000000000000000000000000000000000000000000000000000000000000000001111111100000000000000000000000000111100000000000000000000000000000000000011111111111111111111111111111111111110
1111111111111111111111111111111111111100000000000000001111111111111111111111110000000000000000000000000000000000000000000000000000000000000000000000000000000000000000001111111100000000000000000000000000111100000000000000000000000000000000000011111111111111111111111111111111111110
1111111111111111111111111111111111111100000000000000001111111111111111111111110000000000000000000000000000000000000000000000000000000000000000000000000000000000000000000000000000000000000000000000000000111100000000000000000000000000000000000011111111111111111111111111111111111110
1111111111111111111111111111111111111100000000000000001111111111111111111111110000000000000000000000000000000000000000000000000000000000000000000000000000000000000000000000000000000000000000000000000000111100000000000000000000000000000000000011111111111111111111111111111111111110
1111111111111111111111111111111111111100000000000000001111111111111111111111110000000011111111111111111111111111111111111111111111000000000000000000001111111111111111111111111111111111111111111100000000111100000000000000000000000000110000000011111111111111111111111111111111111110
1111111111111111111111111111111111111100000000000000001111111111111111111111110000000011111111111111111111111111111111111111111111000000000000000000001111111111111111111111111111111111111111111100000000111100000000000000000000000000110000000011111111111111111111111111111111111110
1111111111111111111111111111111111111100000000000000001111111111111111111111110000000011111111111111111111111111111111111111111111111111111111111111111111111111111111111111111111111111111111111100000000111100000000000000000000000011110000000011111111111111111111111111111111111110
1111111111111111111111111111111111111100000000000000001111111111111111111111110000000011111111111111111111111111111111111111111111110000000000000000111111111111111111111111111111111111111111111100000000111100000000000000000000000011110000000011111111111111111111111111111111111110
1111111111111111111111111111111111111100000000000000001111111111111111111111110000000010000000000000000000000000000000000000000011110000001111000000111100000000000000000000000000000000000000000100000000111100000011110000000000111111110000000011111111111111111111111111111111111110
1111111111111111111111111111111111111100000000000000001111111111111111111111110000000010000000000000000000000000000000000000000011110000001111000000111100000000000000000000000000000000000000000100000000111100000011110000000000111111110000000011111111111111111111111111111111111110
1111111111111111111111111111111111111100000000000000001111111111111111111111110000000010000000000000000000000000000000000000000011110000001111000000111100000000000000000000000000000000000000000100000000111100001111000000001111111111000000000011111111111111111111111111111111111110
1111111111111111111111111111111111111100000000000000001111111111111111111111110000000010000000000000000000000000000000000000000011110000001111000000111100000000000000000000000000000000000000000100000000111100001111000000001111111111000000000011111111111111111111111111111111111110
1111111111111111111111111111111111111100000000000000001111111111111111111111110000000000000000000000000000000000000000000000000011110000111111110000111100000000000000000000000000000000000000000000000000111100001100000011111111111111000000000011111111111111111111111111111111111110
1111111111111111111111111111111111111100000000000000001111111111111111111111110000000000000000000000000000000000000000000000000011110000111111110000111100000000000000000000000000000000000000000000000000111100001100000011111111111111000000000011111111111111111111111111111111111110
1111111111111111111111111111111111111100000000000000001111111111111111111111110000000000000000000000000000000000000000000000000011110000001111000000111100000000000000000000000000000000000000000000000000111100001100000000000000111100000000000011111111111111111111111111111111111110
1111111111111111111111111111111111111100000000000000001111111111111111111111110000000000000000000000000000000000000000000000000011110000001111000000111100000000000000000000000000000000000000000000000000111100001100000000000000111100000000000011111111111111111111111111111111111110
1111111111111111111111111111111111111100000000000000001111111111111111111111110000000000000000000000000000000000000000000000000011110000000000000000111100000000000000000000000000000000000000000000000000111100001100000000000000000000000000000011111111111111111111111111111111111110
1111111111111111111111111111111111111100000000000000001111111111111111111111110000000000000000000000000000000000000000000000000011110000000000000000111100000000000000000000000000000000000000000000000000111100001100000000000000000000000000000011111111111111111111111111111111111110
1111111111111111111111111111111111111100000000000000001111111111111111111111110000000000000000000000000000000000111100000000000011110000000000000000111100000000000000000000000000000000000000000000000000111100001111000000000000000000000000000011111111111111111111111111111111111110
1111111111111111111111111111111111111100000000000000001111111111111111111111110000000000000000000000000000000000111100000000000011110000000000000000111100000000000000000000000000000000000000000000000000111100001111000000000000000000000000000011111111111111111111111111111111111110
1111111111111111111111111111111111111100000000000000001111111111111111111111110000000000000000000000000000000000111100000000000011110000000000000000111100000000000000000000000000000000000000000000000000111100000011111111110000000000110000000011111111111111111111111111111111111110
1111111111111111111111111111111111111100000000000000001111111111111111111111110000000000000000000000000000000000111100000000000011110000000000000000111100000000000000000000000000000000000000000000000000111100000011111111110000000000110000000011111111111111111111111111111111111110
1111111111111111111111111111111111111100000000000000001111111111111111111111110000000000000000000000000000000000001100000000000011110000000000000000111100000000000000000000000000000000000000000000000000111100000000111111111100000011111111000011111111111111111111111111111111111110
1111111111111111111111111111111111111100000000000000001111111111111111111111110000000000000000000000000000000000001100000000000011110000000000000000111100000000000000000000000000000000000000000000000000111100000000111111111100000011111111000011111111111111111111111111111111111110
1111111111111111111111111111111111111100000000000000001111111111111111111111111111111111111111111111111111111111001111000000000011110000000000000000111100000000000000001111111111111111111111111111111111111100000000001111111100000011111111000011111111111111111111111111111111111110
1111111111111111111111111111111111111100000000000000001111111111111111111111111111111111111111111111111111111111001111000000000011110000000000000000111100000000000000001111111111111111111111111111111111111100000000001111111100000011111111000011111111111111111111111111111111111110
1111111111111111111111111111111111111100000000000000001111111111111111111111111111111111111111111111111111111111000011110000000011110000000000000000111100000000000000001111111111111111111111111111111111111111000000000000000000000011111111000011111111111111111111111111111111111110
1111111111111111111111111111111111111100000000000000001111111111111111111111111111111111111111111111111111111111000011110000000011110000000000000000111100000000000000001111111111111111111111111111111111111111000000000000000000000011111111000011111111111111111111111111111111111110
1111111111111111111111111111111111111100000000000000000000000000000000000000000000000000000000000000000000001111000000111100000011110000000000000000111100000000000000001111000000000000000000000000000000000000000000000000000000001111111111000011111111111111111111111111111111111110
1111111111111111111111111111111111111100000000000000000000000000000000000000000000000000000000000000000000001111000000111100000011110000000000000000111100000000000000001111000000000000000000000000000000000000000000000000000000001111111111000011111111111111111111111111111111111110
1111111111111111111111111111111111111100000000000000000000000000000000000000000000000000000000000000000000001111000000111100000011110000000000000000111100000000000000001111000000000000000000000000000000000000000000000000000000001111111100000011111111111111111111111111111111111110
1111111111111111111111111111111111111100000000000000000000000000000000000000000000000000000000000000000000001111000000111100000011110000000000000000111100000000000000001111000000000000000000000000000000000000000000000000000000001111111100000011111111111111111111111111111111111110
1111111111111111111111111111111111111100000000000000000000000000000000000000000000000000000000000000000000001111000000111100000011110000000000000000111100000000000000001111000000000000000000000000000000000000000000000000000000001111110000000011111111111111111111111111111111111110
1111111111111111111111111111111111111100000000000000000000000000000000000000000000000000000000000000000000001111000000111100000011110000000000000000111100000000000000001111000000000000000000000000000000000000000000000000000000001111110000000011111111111111111111111111111111111110
1111111111111111111111111111111111111100000000000000000000000000000000000000000000000000000000000000000000001111000000111100000011110000000000000000111100000000000000001111000000000000000000000000000000000000000000000000000000111111000000000011111111111111111111111111111111111110
1111111111111111111111111111111111111100000000000000000000000000000000000000000000000000000000000000000000001111000000111100000011110000000000000000111100000000000000001111000000000000000000000000000000000000000000000000000000111111000000000011111111111111111111111111111111111110
1111111111111111111111111111111111111100000000000000000000000000000000000000000000000000000000000000000000001111000000000000000011110000000000000000111100000000000000001111000000000000000000000000000000000000000000000000001111110000000000000011111111111111111111111111111111111110
1111111111111111111111111111111111111100000000000000000000000000000000000000000000000000000000000000000000001111000000000000000011110000000000000000111100000000000000001111000000000000000000000000000000000000000000000000001111110000000000000011111111111111111111111111111111111110
1111111111111111111111111111111111111100000000000000000000000000000000000000000000000000000000000000000000001111000000000000000011110000000000000000111100000000000000001111000000000000000000000000000000000000000000000000001100000000000000000011111111111111111111111111111111111110
1111111111111111111111111111111111111100000000000000000000000000000000000000000000000000000000000000000000001111000000000000000011110000000000000000111100000000000000001111000000000000000000000000000000000000000000000000001100000000000000000011111111111111111111111111111111111110
1111111111111111111111111111111111111100000000000000000000000000000000000000000000000000000000000000000000001111000000000000000011110000000000000000111100000000000000001111000000000000000000000000000000000000000000000000000000000000000000000011111111111111111111111111111111111110
1111111111111111111111111111111111111100000000000000000000000000000000000000000000000000000000000000000000001111000000000000000011110000000000000000111100000000000000001111000000000000000000000000000000000000000000000000000000000000000000000011111111111111111111111111111111111110
1111111111111111111111111111111111111111111111111100000000000000000011111111111111111111111111000000000000001111000000000000000011110000000000000000111100000000000000001111000000000000001111111111111111111111111100000000000000000011111111111111111111111111111111111111111111111110
1111111111111111111111111111111111111111111111111100000000000000000011111111111111111111111111000000000000001111000000000000000011110000000000000000111100000000000000001111000000000000001111111111111111111111111100000000000000000011111111111111111111111111111111111111111111111110
1111111111111111111111111111111111111111111100000000000000000000000000000000000000000000000011000000000000001111000000000000000011110000000000000000111100000000000000001111000000000000001100000000000000000000000000000000000000000000000011111111111111111111111111111111111111111110
1111111111111111111111111111111111111111111100000000000000000000000000000000000000000000000011000000000000001111000000000000000011110000000000000000111100000000000000001111000000000000001100000000000000000000000000000000000000000000000011111111111111111111111111111111111111111110
1111111111111111111111111111111111111111111100000000000000000000000000000000000000000000000011000000000000001111000000000000000011110000000000000000111100000000000000001111000000000000001100000000000000000000000000000000000000000000000011111111111111111111111111111111111111111110
1111111111111111111111111111111111111111111100000000000000000000000000000000000000000000000011000000000000001111000000000000000011110000000000000000111100000000000000001111000000000000001100000000000000000000000000000000000000000000000011111111111111111111111111111111111111111110
1111111111111111111111111111111111111111111111000000000000000000000000000000000000000000000011000000000000001111000000000000000011110000000000000000111100000000000000001111000000000000001100000000000000000000000000000000000000000000001111111111111111111111111111111111111111111110
1111111111111111111111111111111111111111111111000000000000000000000000000000000000111100000011000000000000001111000000000000000011110000000000000000111100000000000000001111000000000000001100000011110000000000000000000000000000000000001111111111111111111111111111111111111111111110
1111111111111111111111111111111111111111111111110000000000000000000000000000000001111110000011000000000000001111000000000000000011110000000000000000111100000000000000001111000000000000001100000111111011111111111111111111111111111100111111111111111111111111111111111111111111111110
1111111111111111111111111111111111111111111111110000000000000000000000000000000001111110000011000000000000001111000000000000000011110000000000000000111100000000000000001111000000000000001100000111111011111111111111111111111111111100111111111111111111111111111111111111111111111110
1111111111111111111111111111111111111111111111111100000000000000000000000000000001111110000011000000000000001111000000000000000011110000000000000000111100000000000000001111000000000000001100000111111011111111111111111111111111111111111111111111111111111111111111111111111111111110
1111111111111111111111111111111111111111111111111100000000000000000000000000000001111110000011000000000000001111000000000000000011110000000000000000111100000000000000001111000000000000001100000111111011111111111111111111111111111111111111111111111111111111111111111111111111111110
1111111111111111111111111111111111111111111111111111000000000000000000000000000000111100000011000000000000001111000000000000000011110000000000000000111100000000000000001111000000000000001100000011110011111111111111111111111111111111111111111111111111111111111111111111111111111110
1111111111111111111111111111111111111111111111111111000000000000000000000000000000000000000011000000000000001111000000000000000011110000000000000000111100000000000000001111000000000000001100000000000011111111111111111111111111111111111111111111111111111111111111111111111111111110
1111111111111111111111111111111111111111111111111111110000000000000000000000000000000000000011000000000000001111000000000000000011110000000000000000111100000000000000001111000000000000001100000011111111111111111111111111111111111111111111111111111111111111111111111111111111111110
1111111111111111111111111111111111111111111111111111110000000000000000000000000000000000000011000000000000001111000000000000000011110000000000000000111100000000000000001111000000000000001100000011111111111111111111111111111111111111111111111111111111111111111111111111111111111110
1111111111111111111111111111111111111111111111111111111100000000000000000000000000000000000011000000000000001111000000000000000011110000000000000000111100000000000000001111000000000000001100000011111111111111111111111111111111111111111111111111111111111111111111111111111111111110
1111111111111111111111111111111111111111111111111111111100000000000000000000000000000000000011000000000000001111000000000000000011110000000000000000111100000000000000001111000000000000001100000011111111111111111111111111111111111111111111111111111111111111111111111111111111111110
1111111111111111111111111111111111111111111111111111111111000000000000000000000000000000000011000000000000000000000000000000000011110000000000000000111100000000000000000000000000000000001100000011111111111111111111111111111111111111111111111111111111111111111111111111111111111110
1111111111111111111111111111111111111111111111111111111111000000000000000000000000000000000011000000000000000000000000000000000111111000000000000001111110000000000000000000000000000000001100000011111111111111111111111111111111111111111111111111111111111111111111111111111111111110
1111111111111111111111111111111111111111111111111111111111110000000000000000000000000000000011000011111100000000001111000000000111111000000000000001111110000000000000000000000000000000001100000000111111111111111111111111111111111111111111111111111111111111111111111111111111111110
1111111111111111111111111111111111111111111111111111111111110000000000000000000000000000000011000011111100000000001111000000000111111000000000000001111110000000000000000000000000000000001100000000111111111111111111111111111111111111111111111111111111111111111111111111111111111110
1111111111111111111111111111111111111111111111111111111111111100000000000000000000000000000011000000001111000000111111000000000111111000000000000001111110000000110000000000000000000000001100001111111111111111111111111111111111111111111111111111111111111111111111111111111111111110
1111111111111111111111111111111111111111111111111111111111111100000000000000000000000000000011000000001111000000111111000000000011110000000000000000111100000000110000000000000000000000001100001111111111111111111111111111111111111111111111111111111111111111111111111111111111111110
1111111111111111111111111111111111111111111111111111111111111111000000000000000000000000000011000000001111000011111100001111000000000000000000000000000000000011110000000000000000000000001100001111111111111111111111111111111111111111111111111111111111111111111111111111111111111110
1111111111111111111111111111111111111111111111111111111111111111000000000000000000000000000011000000001111000011111100001111000000000000000000000000000000000011110000000000000000000000001100001111111111111111111111111111111111111111111111111111111111111111111111111111111111111110
1111111111111111111111111111111111111111111111111111111111111111110000000000000000000000000011000000001111000011110000001111000000000000000000000000000011111111000000000000000000000000001100001111111111111111111111111111111111111111111111111111111111111111111111111111111111111110
1111111111111111111111111111111111111111111111111111111111111111110000000000000000000000000011000000001111000011110000001111000000000000000000000000000011111111000000000000000000000000001100001111111111111111111111111111111111111111111111111111111111111111111111111111111111111110
1111111111111111111111111111111111111111111111111111111111111111111100000000000000000000000011000000000011111111110000001111110000000000000000000000001111111111000000000000000000000000001100001111111111111111111111111111111111111111111111111111111111111111111111111111111111111110
1111111111111111111111111111111111111111111111111111111111111111111100000000000000000000000011000000000011111111110000001111110000000000000000000000001111111111000000000000000000000000001100001111111111111111111111111111111111111111111111111111111111111111111111111111111111111110
1111111111111111111111111111111111111111111111111111111111111111111111000000000000000000000011000000000000000000000000000011111100000000111100000000111111111111111100000000000000000000001100001111111111111111111111111111111111111111111111111111111111111111111111111111111111111110
1111111111111111111111111111111111111111111111111111111111111111111111000000000000000000000011000000000000000000000000000011111100000000111100000000111111111111111100000000000000000000001100001111111111111111111111111111111111111111111111111111111111111111111111111111111111111110
1111111111111111111111111111111111111111111111111111111111111111111111110000000000000000000011000000000000000000001111111111110000001111111100000000001111111111111111111100000000000000001111111111111111111111111111111111111111111111111111111111111111111111111111111111111111111110
1111111111111111111111111111111111111111111111111111111111111111111111110000000000000000000011000000000000000000001111111111110000001111111100000000001111111111111111111100000000000000001111111111111111111111111111111111111111111111111111111111111111111111111111111111111111111110
1111111111111111111111111111111111111111111111111111111111111111111111111100000000000000000011000000000000000000001111111111000000111111111111000000000000111100000000000000000000000000001111111111111111111111111111111111111111111111111111111111111111111111111111111111111111111110
1111111111111111111111111111111111111111111111111111111111111111111111111100000000000000000011000000000000000000001111111111000000111111111111000000000000111100000000000000000000000000001111111111111111111111111111111111111111111111111111111111111111111111111111111111111111111110
1111111111111111111111111111111111111111111111111111111111111111111111111111000000000000000011000000000000000000000000111111110000111111111100000000000000000000000000000000000000000000001111111111111111111111111111111111111111111111111111111111111111111111111111111111111111111110
1111111111111111111111111111111111111111111111111111111111111111111111111111000000000000000011000000000000000000000000111111110000111111111100000000000000000000000000000000000000000000001111111111111111111111111111111111111111111111111111111111111111111111111111111111111111111110
1111111111111111111111111111111111111111111111111111111111111111111111111111110000000000000011000000000000000000000000000011110000000011111100000000000000000000000000000000000000000000001111111111111111111111111111111111111111111111111111111111111111111111111111111111111111111110
1111111111111111111111111111111111111111111111111111111111111111111111111111110000000000000011000000000000000000000000000011110000000011111100000000000000000000000000000000000000000000001111111111111111111111111111111111111111111111111111111111111111111111111111111111111111111110
1111111111111111111111111111111111111111111111111111111111111111111111111111111100000000000011000000000000000000000000000000111100000011110000000000000000000000000000000000000000000000001111111111111111111111111111111111111111111111111111111111111111111111111111111111111111111110
1111111111111111111111111111111111111111111111111111111111111111111111111111111100000000000011000000000000000000000000000000111100000011110000000000000000000000000000000000000000000000001111111111111111111111111111111111111111111111111111111111111111111111111111111111111111111110
1111111111111111111111111111111111111111111111111111111111111111111111111111111111000000000011000000000000000000000000000000111111000000000000000000000000000000000000000000000000000000001111111111111111111111111111111111111111111111111111111111111111111111111111111111111111111110
1111111111111111111111111111111111111111111111111111111111111111111111111111111111000000000011000000000000000000000000000000111111000000000000000000000000000000000000000000000000000000001111111111111111111111111111111111111111111111111111111111111111111111111111111111111111111110
1111111111111111111111111111111111111111111111111111111111111111111111111111111111110000000011000000000000000000000000000000001111000000000000000000000000000000000000000000000000000000001111111111111111111111111111111111111111111111111111111111111111111111111111111111111111111110
1111111111111111111111111111111111111111111111111111111111111111111111111111111111110000000011000000000000000000000000000000001111000000000000000000000000000000000000000000000000000000001111111111111111111111111111111111111111111111111111111111111111111111111111111111111111111110
1111111111111111111111111111111111111111111111111111111111111111111111111111111111111100000011000000111100000000000000000000000011110000000000000000111100000000000000000000000000000000001111111111111111111111111111111111111111111111111111111111111111111111111111111111111111111110
1111111111111111111111111111111111111111111111111111111111111111111111111111111111111100000011000000111100000000000000000000000111111000000000000001111110000000000000000000000000000000001111111111111111111111111111111111111111111111111111111111111111111111111111111111111111111110
1111111111111111111111111111111111111111111111111111111111111111111111111111111111111111000011000000001100000000000000000000000111111000000000000001111110000000000000000000000000000000001111111111111111111111111111111111111111111111111111111111111111111111111111111111111111111110
1111111111111111111111111111111111111111111111111111111111111111111111111111111111111111000011000000001100000000000000000000000111111000000000000001111110000000000000000000000000000000001111111111111111111111111111111111111111111111111111111111111111111111111111111111111111111110
1111111111111111111111111111111111111111111111111111111111111111111111111111111111111111111111000000001100000000000000000000000111111000000000000001111110000000000000000000000000000000001111111111111111111111111111111111111111111111111111111111111111111111111111111111111111111110
1111111111111111111111111111111111111111111111111111111111111111111111111111111111111111111111000000001100000000000000000000000011110000000000000000111100000000000000000000000000000000001111111111111111111111111111111111111111111111111111111111111111111111111111111111111111111110
1111111111111111111111111111111111111111111111111111111111111111111111111111111111111111111111000000001100000000000000000000000000000000000000000000000000000000000000000000000000000000001111111111111111111111111111111111111111111111111111111111111111111111111111111111111111111110
1111111111111111111111111111111111111111111111111111111111111111111111111111111111111111111111000000001100000000000000000000000000000000000000000000000000000000000000000000000000000000001111111111111111111111111111111111111111111111111111111111111111111111111111111111111111111110
1111111111111111111111111111111111111111111111111111111111111111111111111111111100000000000000000000001100000000111111110000000000001111111100000000000011111111000000000000111111110000001111111111111111111111111111111111111111111111111111111111111111111111111111111111111111111110
1111111111111111111111111111111111111111111111111111111111111111111111111111111100000000000000000000001100000000111111110000000000001111111100000000000011111111000000000000111111110000001111111111111111111111111111111111111111111111111111111111111111111111111111111111111111111110
1111111111111111111111111111111111111111111111111111111111111111111111111111111100000000000000000000001100000000111111110000000000001111111100000000000011111111000000000000111111110000001111111111111111111111111111111111111111111111111111111111111111111111111111111111111111111110
1111111111111111111111111111111111111111111111111111111111111111111111111111111100000000000000000000001100000000111111110000000000001111111100000000000011111111000000000000111111110000001111111111111111111111111111111111111111111111111111111111111111111111111111111111111111111110
1111111111111111111111111111111111111111111111111111111111111111111111111111111100000000000000000000001111111111111111111111111111111111111111111111111111111111111111111111111111111111111111111111111111111111111111111111111111111111111111111111111111111111111111111111111111111110
1111111111111111111111111111111111111111111111111111111111111111111111111111111100000000000000000000001111111111111111111111111111111111111111111111111111111111111111111111111111111111111111111111111111111111111111111111111111111111111111111111111111111111111111111111111111111110
1111111111111111111111111111111111111111111111111111111111111111111111111111111100000000000000000000001111111111111111111111111111111111111111111111111111111111111111111111111111111111111111111111111111111111111111111111111111111111111111111111111111111111111111111111111111111110
1111111111111111111111111111111111111111111111111111111111111111111111111111111100000000000000000000001111111111111111111111111111111111111111111111111111111111111111111111111111111111111111111111111111111111111111111111111111111111111111111111111111111111111111111111111111111110
1111111111111111111111111111111111111111111111111111111111111111111111111111111111111111111111111111111111111111111111111111111111111111111111111111111111111111111111111111111111111111111111111111111111111111111111111111111111111111111111111111111111111111111111111111111111111110
1111111111111111111111111111111111111111111111111111111111111111111111111111111111111111111111111111111111111111111111111111111111111111111111111111111111111111111111111111111111111111111111111111111111111111111111111111111111111111111111111111111111111111111111111111111111111110
1111111111111111111111111111111111111111111111111111111111111111111111111111111111111111111111111111111111111111111111111111111111111111111111111111111111111111111111111111111111111111111111111111111111111111111111111111111111111111111111111111111111111111111111111111111111111110
1111111111111111111111111111111111111111111111111111111111111111111111111111111111111111111111111111111111111111111111111111111111111111111111111111111111111111111111111111111111111111111111111111111111111111111111111111111111111111111111111111111111111111111111111111111111111110
1111111111111111111111111111111111111111111111111111111111111111111111111111111111111111111111111111111111111111111111111111111111111111111111111111111111111111111111111111111111111111111111111111111111111111111111111111111111111111111111111111111111111111111111111111111111111110
1111111111111111111111111111111111111111111111111111111111111111111111111111111111111111111111111111111111111111111111111111111111111111111111111111111111111111111111111111111111111111111111111111111111111111111111111111111111111111111111111111111111111111111111111111111111111110
1111111111111111111111111111111111111111111111111111111111111111111111111111111111111111111111111111111111111111111111111111111111111111111111111111111111111111111111111111111111111111111111111111111111111111111111111111111111111111111111111111111111111111111111111111111111111110
1111111111111111111111111111111111111111111111111111111111111111111111111111111111111111111111111111111111111111111111111111111111111111111111111111111111111111111111111111111111111111111111111111111111111111111111111111111111111111111111111111111111111111111111111111111111111110
1111111111111111111111111111111111111111111111111111111111111111111111111111111111111111111111111111111111111111111111111111111111111111111111111111111111111111111111111111111111111111111111111111111111111111111111111111111111111111111111111111111111111111111111111111111111111110
1111111111111111111111111111111111111111111111111111111111111111111111111111111111111111111111111111111111111111111111111111111111111111111111111111111111111111111111111111111111111111111111111111111111111111111111111111111111111111111111111111111111111111111111111111111111111110
1111111111111111111111111111111111111111111111111111111111111111111111111111111111111111111111111111111111111111111111111111111111111111111111111111111111111111111111111111111111111111111111111111111111111111111111111111111111111111111111111111111111111111111111111111111111111110
1111111111111111111111111111111111111111111111111111111111111111111111111111111111111111111111111111111111111111111111111111111111111111111111111111111111111111111111111111111111111111111111111111111111111111111111111111111111111111111111111111111111111111111111111111111111111110
1111111111111111111111111111111111111111111111111111111111111111111111111111111111111111111111111111111111111111111111111111111111111111111111111111111111111111111111111111111111111111111111111111111111111111111111111111111111111111111111111111111111111111111111111111111111111110
1111111111111111111111111111111111111111111111111111111111111111111111111111111111111111111111111111111111111111111111111111111111111111111111111111111111111111111111111111111111111111111111111111111111111111111111111111111111111111111111111111111111111111111111111111111111111110
1111111111111111111111111111111111111111111111111111111111111111111111111111111111111111111111111111111111111111111111111111111111111111111111111111111111111111111111111111111111111111111111111111111111111111111111111111111111111111111111111111111111111111111111111111111111111110
1111111111111111111111111111111111111111111111111111111111111111111111111111111111111111111111111111111111111111111111111111111111111111111111111111111111111111111111111111111111111111111111111111111111111111111111111111111111111111111111111111111111111111111111111111111111111110
1111111111111111111111111111111111111111111111111111111111111111111111111111111111111111111111111111111111111111111111111111111111111111111111111111111111111111111111111111111111111111111111111111111111111111111111111111111111111111111111111111111111111111111111111111111111111110
1111111111111111111111111111111111111111111111111111111111111111111111111111111111111111111111111111111111111111111111111111111111111111111111111111111111111111111111111111111111111111111111111111111111111111111111111111111111111111111111111111111111111111111111111111111111111110
1111111111111111111111111111111111111111111111111111111111111111111111111111111111111111111111111111111111111111111111111111111111111111111111111111111111111111111111111111111111111111111111111111111111111111111111111111111111111111111111111111111111111111111111111111111111111110
1111111111111111111111111111111111111111111111111111111111111111111111111111111111111111111111111111111111111111111111111111111111111111111111111111111111111111111111111111111111111111111111111111111111111111111111111111111111111111111111111111111111111111111111111111111111111110
1111111111111111111111111111111111111111111111111111111111111111111111111111111111111111111111111111111111111111111111111111111111111111111111111111111111111111111111111111111111111111111111111111111111111111111111111111111111111111111111111111111111111111111111111111111111111110
1111111111111111111111111111111111111111111111111111111111111111111111111111111111111111111111111111111111111111111111111111111111111111111111111111111111111111111111111111111111111111111111111111111111111111111111111111111111111111111111111111111111111111111111111111111111111110
1111111111111111111111111111111111111111111111111111111111111111111111111111111111111111111111111111111111111111111111111111111111111111111111111111111111111111111111111111111111111111111111111111111111111111111111111111111111111111111111111111111111111111111111111111111111111110
1111111111111111111111111111111111111111111111111111111111111111111111111111111111111111111111111111111111111111111111111111111111111111111111111111111111111111111111111111111111111111111111111111111111111111111111111111111111111111111111111111111111111111111111111111111111111110
1111111111111111111111111111111111111111111111111111111111111111111111111111111111111111111111111111111111111111111111111111111111111111111111111111111111111111111111111111111111111111111111111111111111111111111111111111111111111111111111111111111111111111111111111111111111111110
1111111111111111111111111111111111111111111111111111111111111111111111111111111111111111111111111111111111111111111111111111111111111111111111111111111111111111111111111111111111111111111111111111111111111111111111111111111111111111111111111111111111111111111111111111111111111110
1111111111111111111111111111111111111111111111111111111111111111111111111111111111111111111111111111111111111111111111111111111111111111111111111111111111111111111111111111111111111111111111111111111111111111111111111111111111111111111111111111111111111111111111111111111111111110
1111111111111111111111111111111111111111111111111111111111111111111111111111111111111111111111111111111111111111111111111111111111111111111111111111111111111111111111111111111111111111111111111111111111111111111111111111111111111111111111111111111111111111111111111111111111111110
1111111111111111111111111111111111111111111111111111111111111111111111111111111111111111111111111111111111111111111111111111111111111111111111111111111111111111111111111111111111111111111111111111111111111111111111111111111111111111111111111111111111111111111111111111111111111110
1111111111111111111111111111111111111111111111111111111111111111111111111111111111111111111111111111111111111111111111111111111111111111111111111111111111111111111111111111111111111111111111111111111111111111111111111111111111111111111111111111111111111111111111111111111111111110
1111111111111111111111111111111111111111111111111111111111111111111111111111111111111111111111111111111111111111111111111111111111111111111111111111111111111111111111111111111111111111111111111111111111111111111111111111111111111111111111111111111111111111111111111111111111111110
1111111111111111111111111111111111111111111111111111111111111111111111111111111111111111111111111111111111111111111111111111111111111111111111111111111111111111111111111111111111111111111111111111111111111111111111111111111111111111111111111111111111111111111111111111111111111110
