000000000000000000000000000000000000000000000000000000000000000000000000000000000000000000000000000000000000000000000000000000000000000000000000000000000000000000000000000000000000000000000000000000000000000000000000000000000000000000000000000000000000000000000000000000000000000000000000000000000000
111111111111111111111111111111111111111111111111111111111111111111111111111111111111111111111111111111111111111111111111111111111111111111111111111111111111111111111111111111111111111111111111111111111111111111111111111111111111111111111111111111111111111111111111111111111111111111111111111111111110
111111111111111111111111111111111111111111111111111111111111111111111111111111111111111111111111111111111111111111111111111111111111111111111111111111111111111111111111111111111111111111111111111111111111111111111111111111111111111111111111111111111111111111111111111111111111111111111111111111111110
111111111111111111111111111111111111111111111111111111111111111111111111111111111111111111111111111111111111111111111111111111111111111111111111111111111111111111111111111111111111111111111111111111111111111111111111111111111111111111111111111111111111111111111111111111111111111111111111111111111110
111111111111111111111111111111111111111111111111111111111111111111111111111111111111111111111111111111111111111111111111111111111111111111111111111111111111111111111111111111111111111111111111111111111111111111111111111111111111111111111111111111111111111111111111111111111111111111111111111111111110
111111111111111111111111111111111111111111111111111111111111111111111111111111111111111111111111111111111111111111111111111111111111111111111111111111111111111111111111111111111111111111111111111111111111111111111111111111111111111111111111111111111111111111111111111111111111111111111111111111111110
111111111111111111111111111111111111111111111111111111111111111111111111111111111111111111111111111111111111111111111111111111111111111111111111111111111111111111111111111111111111111111111111111111111111111111111111111111111111111111111111111111111111111111111111111111111111111111111111111111111110
111111111111111111111111111111111111111111111111111111111111111111111111111111111111111111111111111111111111111111111111111111111111111111111111111111111111111111111111111111111111111111111111111111111111111111111111111111111111111111111111111111111111111111111111111111111111111111111111111111111110
111111111111111111111111111111111111111111111111111111111111111111111111111111111111111111111111111111111111111111111111111111111111111111111111111111111111111111111111111111111111111111111111111111111111111111111111111111111111111111111111111111111111111111111111111111111111111111111111111111111110
111111111111111111111111111111111111111110000000000000011000000000000000011000000000000000000000000000000000000000111111111111111111111111111111111111111111111111111111111111111111111111111111111111111111111111111111111111111111111111111111111111111111111111111111111111111111111111111111111111111110
111111111111111111111111111111111111111110000000000000011000000000000000011000000000000000000000000000000000000000011111111111111111111111111111111111111111111111111111111111111111111111111111111111111111111111111111111111111111111111111111111111111111111111111111111111111111111111111111111111111110
111111111111111111111111111111111111111110000000000000000000000000000000000000000000000000000000000000000000000000011111111111111111111111111111111111111111111111111111111111111111111111111111111111111111111111111111111111111111111111111111111111111111111111111111111111111111111111111111111111111110
111111111111111111111111111111111111111110000000000000000000000000000000000000000000000000000000000000000000000000011111111111111111111111111111111111111111111111111111111111111111111111111111111111111111111111111111111111111111111111111111111111111111111111111111111111111111111111111111111111111110
111111111111111111111111111111111111111110000000000000000000000000000000000000000000000000000000000000000000000000011111111111111111111111111111111111111111111111111111111111111111111111111111111111111111111111111111111111111111111111111111111111111111111111111111111111111111111111111111111111111110
111111111111111111111111111111111111111110000000000000000000000000000000000000000000000000000000000000000000000000011111111111111111111111111111111111111111111111111111111111111111111111111111111111111111111111111111111111111111111111111111111111111111111111111111111111111111111111111111111111111110
111111111111111111111111111111111111111100000000000000000000000000000000000000000000000000000000000000000000000000001111111111111111111111111111111111111111111111111111111111111111111111111111111111111111111111111111111111111111111111111111111111111111111111111111111111111111111111111111111111111110
111111111111111111111111111111111111111000000000000000000000000000000000000000000000000000000000000000000000000000000111111111111111111111111111111111111111111111111111111111111111111111111111111111111111111111111111111111111111111111111111111111111111111111111111111111111111111111111111111111111110
111111111111111111111111111111111100000000000000000000000000000000011000000000000000110000000000000000000000000000000000000000000011111111111111111111111111111111111111111111111111111111111111111111111111111111111111111111111111111111111111111111111111111111111111111111111111111111111111111111111110
111111111111111111111111111111111000000000000000000000000000000000011000000000000000110000000000000000000000000000000000000000000001111111111111111111111111111111111111111111111111111111111111111111111111111111111111111111111111111111111111111111111111111111111111111111111111111111111111111111111110
111111111111111111111111111111111000000000000000000001111111111111111111111111111111110000000000000000000000000000000000000000000001111111111111111111111111111111111111111111111111111111111111111111111111111111111111111111111111111111111111111111111111111111111111111111111111111111111111111111111110
111111111111111111111111111111111000000000000000000011111111111111111111111111111111111000000000000000000000000000000000000000000001111111111111111111111111111111111111111111111111111111111111111111111111111111111111111111111111111111111111111111111111111111111111111111111111111111111111111111111110
111111111111111111111111111111111000000000000000000111111111111111111111111111111111111100000000000001100000000000000000000000000001111111111111111111111111111111111111111111111111111111111111111111111111111111111111111111111111111111111111111111111111111111111111111111111111111111111111111111111110
111111111111111111111111111111111000000000000000110111111111111111111111111111111111111110100000000001100000000000000000000000000001111111111111111111111111111111111111111111111111111111111111111111111111111111111111111111111111111111111111111111111111111111111111111111111111111111111111111111111110
111111111111111111111111111111110000000000000000111111111111111111111111111111111111111111110000000000000000000000000000011000000000111111111111111111111111111111111111111111111111111111111111111111111111111111111111111111111111111111111111111111111111111111111111111111111111111111111111111111111110
111111111111111111111111111111100000000000000000111111111111111111111111111111111111111111110000000000000000000000000000011000000000011111111111111111111111111111111111111111111111111111111111111111111111111111111111111111111111111111111111111111111111111111111111111111111111111111111111111111111110
111111111111111111111111110000000000000000000000111111111100000000000000000000000011111111000001100000000000000000000000000000000000000000111111111111111111111111111111111111111111111111111111111111111111111111111111111111111111111111111111111111111111111111111111111111111111111111111111111111111110
111111111111111111111111100000000000000000000000001111111000000000000000000000000011111111000001100000000000000000000000000000000000000000011111111111111111111111111111111111111111111111111111111111111111111111111111111111111111111111111111111111111111111111111111111111111111111111111111111111111110
111111111111111111111111100000110000000000000111111111111000000000000000000000000001111111000000000000000000000000000000000000000000000000011111111111111111111111111111111111111111111111111111111111111111111111111111111111111111111111111111111111111111111111111111111111111111111111111111111111111110
111111111111111111111111100000110000000000001111111111111000000000000000000000000000001110000000000000000000000000000000000000000000000000011111111111111111111111111111111111111111111111111111111111111111111111111111111111111111111111111111111111111111111111111111111111111111111111111111111111111110
111111111111111111111111100000000000000000011111111111111000000000000000000000000000000000000000000000000000000000000000000000000000000000011111111111111111111111111111111111111111111111111111111111111111111111111111111111111111111111111111111111111111111111111111111111111111111111111111111111111110
111111111111111111111111100000000000000000011111111111111000000000100000000000000000000000000000000000000000000000000000000000000000000000011111111111111111111111111111111111111111111111111111111111111111111111111111111111111111111111111111111111111111111111111111111111111111111111111111111111111110
111111111111111111111111000000000000000011011111111111110000000000000000000000000000000000000000000000000000000000000000000000000000000000001111111111111111111111111111111111111111111111111111111111111111111111111111111111111111111111111111111111111111111111111111111111111111111111111111111111111110
111111111111111111111110000000000000000011011111111111100000000000000000000000000000000000000000000000000000000000000000000000000000000000000111111111111111111111111111111111111111111111111111111111111111111111111111111111111111111111111111111111111111111111111111111111111111111111111111111111111110
111111111111111111000001100000000000000000011111110000000000000000000000000000000000000000000000000000000001100000000000000000000000000000000000001111111111111111111111111111111111111111111111111111111111111111111111111111111111111111111111111111111111111111111111111111111111111111111111111111111110
111111111111111110000001100000000000000000111111100000000000000000000000000000000000000000000000000000000001100000000000000000000000000000000000000111111111111111111111111111111111111111111111111111111111111111111111111111111111111111111111111111111111111111111111111111111111111111111111111111111110
111111111111111110000000000000000000011111111111100000000000000000000000000000000000000000000000000000000000000000000000000000011000000000000000000111111111111111111111111111111111111111111111111111111111111111111111111111111111111111111111111111111111111111111111111111111111111111111111111111111110
111111111111111110000000000000000000111111111111100000000000000000000000000000000000000000000000000000000000000000000000000000011000000000000000000111111111111111111111111111111111111111111111111111111111111111111111111111111111111111111111111111111111111111111111111111111111111111111111111111111110
111111111111111110000000000000000001111111111111100000000000000000000000000000000000000000000000000000000000000000000000000000000000000000000000000111111111111111111111111111111111111111111111111111111111111111111111111111111111111111111111111111111111111111111111111111111111111111111111111111111110
111111111111111110000000000000000001111111111111100000000000000000000000000000000000000000000000000000000000000000000000000000000000000000000000000111111111111111111111111111111111111111111111111111111111111111111111111111111111111111111111111111111111111111111111111111111111111111111111111111111110
111111111111111110000000000000000001111111111111000000000000000000000000000000000000000000000000000000000000000000000000000000000000000000000000000011111111111111111111111111111111111111111111111111111111111111111111111111111111111111111111111111111111111111111111111111111111111111111111111111111110
111111111111111110000000000000000111111111111110000000000000000000000000000000000000000000000000000000000000000000000000000000000000000000000000011001111111111111111111111111111111111111111111111111111111111111111111111111111111111111111111111111111111111111111111111111111111111111111111111111111110
111111111111111110000000000000000111111111000000000000000000000000000000000000000000000000000000110000000000000000000000000000000000000000000000011000000011111111111111111111111111111111111111111111111111111111111111111111111111111111111111111111111111111111111111111111111111111111111111111111111110
111111111111111110000000000000000111111110000000000000000000000000000000000000000000000000000000110000000000000000000000000000000000000000000000000000000001111111111111111111111111111111111111111111111111111111111111111111111111111111111111111111111111111111111111111111111111111111111111111111111110
111111111111111110000000000001111111111110000000000000000000000000000110000000000000000000000000000000000000000000000000000000000000000000000000000000000001111111111111111111111111111111111111111111111111111111111111111111111111111111111111111111111111111111111111111111111111111111111111111111111110
111111111111111110000000000011111111111110000000000000000000000000000110000000000000000000000000000000000000000000000000000000000000000000000000000000000001111111111111111111111111111111111111111111111111111111111111111111111111111111111111111111111111111111111111111111111111111111111111111111111110
111111111111111110000000000111111111111110000000000000000000000000000000000000000000000000000000000000000000000000000000000000000000000000000000000000000001111111111111111111111111111111111111111111111111111111111111111111111111111111111111111111111111111111111111111111111111111111111111111111111110
111111111111111110000110000111111111111111000000000000000000000000000000000000000000000000000000111000000000000000000000000000000000000000000000000000000001111111111111111111111111111111111111111111111111111111111111111111111111111111111111111111111111111111111111111111111111111111111111111111111110
111111111111111110000110000111111111111111000000000000000000000000000000000000000000000000000001111100000000000000000000000000000000000000000000000000000001111111111111111111111111111111111111111111111111111111111111111111111111111111111111111111111111111111111111111111111111111111111111111111111110
111111111111111110000000000111111111111110000000000000000110000000000000000000000000000000000001111100000000000000000000000000000000000000000000000000000001111111111111111111111111111111111111111111111111111111111111111111111111111111111111111111111111111111111111111111111111111111111111111111111110
111111111111111110000000000111111100000000000000000000000110000000000000000000000000000000000001111000000000000000000000000000000000000000000000000000000001111111111111111111111111111111111111111111111111111111111111111111111111111111111111111111111111111111111111111111111111111111111111111111111110
111111111111111110000000000111111000000000000000000000000000000000000000000110000000000000000000000000000000000000000000000000000000000000000000000000000011111111111111111111111111111111111111111111111111111111111111111111111111111111111111111111111111111111111111111111111111111111111111111111111110
111111111111111110000000000111111000000000000000000000000000000000000000000110000000000000000111111111100000000000000000000000000000011111111111111111111111111111111111111111111111111111111111111111111111111111111111111111111111111111111111111111111111111111111111111111111111111111111111111111111110
111111111111111110000000000111111000000000000000000000000000000000000000000000000000000000001111111111110000000000000000000000000000111111111111111111111111111111111111111111111111111111111111111111111111111111111111111111111111111111111111111111111111111111111111111111111111111111111111111111111110
111111111111111110000000000111111000000000000000000000000000000000000000000000000000000000011111111111111000000000000000011000000001111111111111111111111111111111111111111111111111111111111111111111111111111111111111111111111111111111111111111111111111111111111111111111111111111111111111111111111110
111111111111111110000000000111111000000000000000000000000000000000000000000000000000000000011111111111111000000000000000011000000001111111111111111111111111111111111111111111111111111111111111111111111111111111111111111111111111111111111111111111111111111111111111111111111111111111111111111111111110
111111111111111111000000000111111000000000000000000000000000000000000000000000000000000000011111111111111000000000000000000000000001111111111111111111111111111111111111111111111111111111111111111111111111111111111111111111111111111111111111111111111111111111111111111111111111111111111111111111111110
111111111111111111000000000111111100000000000000111000000000000000000000000000000000010000011111111111111000000000000000000000000001111111111111111111111111111111111111111111111111111111111111111111111111111111111111111111111111111111111111111111111111111111111111111111111111111111111111111111111110
111111111111111110000000000111111111110000000000111000000000000000000000000000000000000000011111111111111000000000000000000000000001111111111111111111111111111111111111111111111111111111111111111111111111111111111111111111111111111111111111111111111111111111111111000000000011111111111111111111111110
111111111111111110000000000111111111111000000000000000000000000000000000110000000000000000011111111111111000000000000000000000000011111111111111111111111111111111111111111111111111111111111111111111111111111111111111111111111111111111111111111111111111111111111111000000000001111111111111111111111110
111111111111111110000000000111111111111100000000000000000000000000000000110000000000000000011111111111111000000000000111111111111111111111111111111111111111111111111111111111111111111111111111111111111111111111111111111111111111111111111111111111111111111111111111000000000001111111111111111111111110
111111111111111110000000000111111111111110000000000000000000001100000000000000000000000000011111111111111000000000001111111111111111111111111111111111111111111111111111111111111111111111111111111111111111111111111111111111111111111111111111111111111111111111111111000000000001111111111111111111111110
111111111111111110000000000111111111111111100000000000000000001100000000000000000010000000011111111111111000000000011111111111111111111111111111111111111111111111111111111111111111111111111111111111111111111111111111111111111111111111111111111111111111111111111110000000000111111111111111111111111110
111111111111111110000000000111111111111111111110000000000000000000000000000000000000000000011111111111111000000000011111111111111111111111111111111111111111111111111111111111111111111111111111111111111111111111111111111111111111111111111111111111111111111111111100000000001111111111111111111111111110
111111111111111110000000000111111111111111111110000000000000000000000000000000010000000000011111111111111000000000011111111111111111111111111111111111111111111111111111111111111111111111111111111111111111111111111111111111111111111111111111111111111111111100000000000000011111111111111111111111111110
111111111111111110000000000111111111111111111110000000000000000000000000000000000000000000011111111111111000000000011111111111111111111111111111111111111111111111111111111111111111111111111111111111111111111111111111111111111111111111111111111111111111111110000000000000111111111111111111111111111110
111111111111111110000000000111111111111111111100000000000000000000000000000000000000000000011111111111111000000000011111111111111111111111111111111111111111111111111111111111111111111111111111111111111111111111111111111111111111111111000000000000000000111111000000000000111111100000111111111111111110
111111111111111110000000000111111111111111111100000000000000000000000000000000000000000000111111111111111000000000011111111111111111111111111111111111111111111111111111111111111111111111111111111111111111111111111111111111111111111110000000000000000001111111000000000000111111111000011111111111111110
111111111111111110000000000111111111111111011100000000000000000000000000000000000100011111111111111111111000000000011111111111111111111111111111111111111111111111111111111111111111111111111111111111111111111111111111111111111111111110000000000000000001111111000000000000111111111100011111111111111110
111111111111111110000000000111111111111100011100000000000000000000000000000000000000111111111111111111111000000000011111111111111111111111111111111111111111111111111111111111111111111111111111111111111111111111111111111111111111111110000000000000000000111111000000000000000111111100011111111111111110
111111111111111110000000000111111011110000011100000000000000000000000000000000000001111111111111111111111000000000011111111111111111111111111111111111111111111111111111111111111111111111111111111111111111111111111111111111111111111110000000000000000000001110000000000000000111111100011111111111111110
111111111111111110000000000111111000111000000000000000000000000000000000000000000001111111111111111111111000000000011111111111111111111111111111111111111111111111111111111111111111111111111111111111111111111111111111111111111111111110000000000000000000000000000000000000000111111000011111111111111110
111111111111111110000000001111111000111011000000000000000000000000000000000000000001111111111111111111111000000000001111111111111111111111111111111111111111111111111111111111111111111111111111111111111111111111111111111111111111111100000000000000000000000000000000000000000111110000011111111111111110
111111111111111110000000011111111000000011000000000000000100000000000000000000000001111111111111111111111000000000000111111111111111111111111111111111111111111111111111111111111111111111111111111111111111111111111111111111111111111000000000000000000000000000000000000000000000000000011111111111111110
111111111111111110000000011111111000000000000000000000000100000000000000000000000001111111111111111111111000000000000000001111111111111111111111111111111111111111111111111111111111111111111111111111111111111111111111110000000000000000000000000000000000000000000000000000000000000000011111111111111110
111111111111111110000000000111111100000000000000000000000000000011100000000000000011111111111111111111111001100000000000000111111111111111111111111111111111111111111111111111111111111111111111111111111111111111111111100000000000000000000000000000000000000000000000000000000000000000011111111111111110
111111111111111110000000000111111111111000000000000000010000000011100000000001111111111111111111111111111001100000000001100111111111111111111111111111111111111111111111111111111111111111111111111111111111111111111111100000000000000000000000000000000000000000001100000000000000000000011111111111111110
111111111111111110000000000111111111111100000000000000000000000011100000000011111111111111111111111111111000000000000001100111111111111111111111111111111111111111111111111111111111111111111111111111111111111111111111100000000000000000000000000000000000000000001100000110000000000000011111111111111110
111111111111111111111111111111111111111110000000000000000000000000000000000111111111111111111111111111111000000000000000000111111111111111111111111111111111111111111111111111111111111111111111111111111111111111111111100000000000000000000000000000000000000000000000000110000000000000011111111111111110
111111111111111111111111111111111111111110000000000000000000000000000000000111111111111111111111111111111000000000000000000111111111111111111111111111111111111111111111111111111111111111111111111111111111111111111111100000000000000000000000000110000000000000000000000000000000000000011111111111111110
111111111111111111111111111111111111111110000000000000000000000000000000000111111111111111111111111111111000000000000000000011111111111111111111111111111111111111111111111111111111111111111111111111111111111111111111000000000000000000000000000110000000000000000000000000000000000000011111111111111110
111111111111111111111111111111111111111110000000000000000000000000000000000111111111111111111111111111111000000000000000000001111111111111111111111111111111111111111111111111111111111111111111111111111111111111111110000000000000000000000000000000000000000000000000000000000000000000011111111111111110
111111111111111111111111111111111111111110000000000000000000000000000000000111111111111111111111111111111000000000000000000000000011111111111111111111111111111111111111111111111111111111111111110000000000000000000000000000000000000000000000000000000000000000000000000000000000000000011111111111111110
111111111111111111111111111111111111111110000000000000000000000000000000001111111111111111111111111111111100000000000000000000000001111111111111111111111111111111111111111111111111111111111111100000000000000000000000000000000110000000000000000000000000000000000000000000000011100000111111111111111110
111111111111111111111111111111111111111110000000000001111111111111111111111111111111111111111111111111111111111000000000000000000001111111111111111111111111111111111111111111111111111111111111100000000000000000000000000000000110000000000000000000000000000000000000000000000111111111111111111111111110
111111111111111111111111111111111111111110000000000011111111111111111111111111111111111111111111111111111111111100000000000000000001111111111111111111111111111111111111111111111111111111111111100000000000000000000000000000000000000000000000000000000000000000000000000000011111111111111111111111111110
111111111111111111111111111111111111111110000000000111111111111111111111111111111111111111111111111111111111111110000000000000000001111111111111111111111111111111111111111111111111111111111111100000000000000000000000000000000000000000000000000000000000000000000000000001111111111111111111111111111110
111111111111111111111111111111111111111110000000000111111111111111111111111111111111111111111111111111111111111110001100000000000001111111111111111111111111111111111111111111111111111111111111100000000000000000000000000000000000000000000000000000000000000000000000000001111111111111111111111111111110
111111111111111111111111111111111111111110000000000111111111111111111111111111111111111111111111111111111111111110001100000000000000111111111111111111111111111111111111111111111111111111111111000000000000000000000000000000000000000000000000000000000000000000000000000001111111111111111111111111111110
111111111111111111111111111111111111111110000000000111111111111111111111111111111111111111111111111111111111111110000000000000000000011111111111111111111111111111111111111111111111111111111110000000000000000000000000000000000000000000000000000000000000000000000000000000000001111111111111111111111110
111111111111111111111111111111111111111110000000000111111111111111111111111111111111111111111111111111111111111110000000000000011000000000000110000000000000000000000000000001100000000000000000000000000000000000001100000000000000000000000000000000000000011000000000000000000001111111111111111111111110
111111111111111111111111111111111111111110000000000111111111111111111111111111111111111111111111111111111111111111000000000000011000000000000110000000000000000000000000000000000000000000000000000000000000000000001100000000000000000000000000000000000000011000000000000000000001111111111111111111111110
111111111111111111111111111111111111111110000000000111111111111111111111111111111111111111111111111111111111111111111110000000000000000000000000000000000000000000000000000000000000000000000000000000000000000000000000000000000000000000000000000000000000000000000000000000000001111111111111111111111110
111111111111111111111111111111111111111110000000001111111111111111111111111111111111111111111111111111111111111111111111000000000000000000000000000000000000000000000000000000000000001100000000000000000000000000000000000000000000000000000000000000000000000000000000000000000001111111111111111111111110
111111111111111111111111111111111111111111100000011111111111111111111111111111111111111111111111111111111111111111111111100000000000000000000000000000000000000000000000000000000000001100000000000000000000000000000000000001110000000000000000110000000000000000000000000000000001111111111111111111111110
111111111111111111111111111111111111111111100000011111111111111111111111111111111111111111111111111111111111111111111111100000000000000000000000000000000011000000000000000000000000000000000000000000000000000000000000000011111000000000000000110000000000000000000000000000000001111111111111111111111110
111111111111111111111111111111111111111110000000000011111111111111111111111111111111111111111111111111111111111111111111100000000000000000000000000000000011000000000000000000000000000000000000000000000000000000000000000011111000000000000000000000000000000000000000000000000001111111111111111111111110
111111111111111111111111111111111111111110000000000001111111111111111111111111111111111111111111111111111111111111111111100000000000000000000000000000000000000000000000000000000000000000000000000000000000000000000000000001110000000000000000000000000000000000000000000000000001111111111111111111111110
111111111111111111111111111111111111111110000000000000000000000000111111111111111111111111111111111111111111111111111111100000000000000011110000000000000000000000011100000000110000000000000000000000000000000000000000000000000000000000000000000000000000000000000000000000000001111111111111111111111110
111111111111111111111111111111111111111111000000000000000000000001111111111111111111111111111111111111111111111111111111110000000000000011111110000000000000000000011100000000110000000000000000000000000000000000000000000000000000000000000000000000000000000000000000000000000001111111111111111111111110
111111111111111111111111111111111111111111111110000000000000000011111111111111111111111111111111111111111111111111111111111111100000000011111111111111111111111111111111111111111111111000000000000000000000000000000000000000000000000000000000000000000000000000000000111000000001111111111111111111111110
111111111111111111111111111111111111111111111111000000000000000011111111111111111111111111111111111111111111111111111111111111110000000011111111111111111111111111111111111111111111111100000000000000000000000000000000000000000000000000000000000000000111000000000000111000000001111111111111111111111110
111111111111111111111111111111111111111111111111100000000001110011111111111111111111111111111111111111111111111111111111111111111000000000011111111111111111111111111111111111111111111110000000000000000000000000000000000000000000000000000000000000011111100000000000111000000001111111111111111111111110
111111111111111111111111111111111111111111111111100000000001110000011111111111111111111111111111111111111111111111111111111111111000000000011111111111111111111111111111111111111111111110000000000001110000000000000000000000000000000000000000000000111111101100000000000000000001111111111111111111111110
111111111111111111111111111111111111111111111111100000000001110000011111111111111111111111111111111111111111111111111111111111111000000000011111111111111111111111111111111111111111111110000000000001110001100000000000000000000000000000000000000000001111001100000000000000000001111111111111111111111110
111111111111111111111111111111111111111111111111100000000000000000011111111111111111111111111111111111111111111111111111111111111000000000011111111111111111111111111111111111111111111110000000000001110001100000000000000000000000000000000000001000001110000000000000000000000001111111111111111111111110
111111111111111111111111111111111111111111111111111000000000000000011111111111111111111111111111111111111111111111111111111111111000000000011111111111111111111111111111111111111111111110000000000000000000000000000000000000000000000000000000000000000011000000000000000000000001111111111111111111111110
111111111111111111111111111111111111111111111111111000000000000000111111111111111111111111111111111111111111111111111111111111111000000000011111111111111111111111111111111111111111111111000000000000000000000000000000000000000000000000000000000000110011000011000000000000000011111111111111111111111110
111111111111111111111111111111111111111111111111110000000000011111111111111111111111111111111111111111111111111111111111111111111000000000011111111111111111111111111111111111111111111111111110000000000000000000000000000000111000000011100000000000110000000011000000000001111111111111111111111111111110
111111111111111111111111111111111111111111111111100000000000111111111111111111111111111111111111111111111111111111111111111111111000000000011111111111111111111111111111111111111111111111111111000000000000000000000000000000111000000011110000000000000000000000000000000011111111111111111111111111111110
111111111111111111111111111111111111111111111111100000000001111111111111111111111111111111111111111111111111111111111111111111111000000000011111111111111111111111111111111111111111111111111111100000000000000000000000000000111000000011110000000000000000000000000000000111111111111111111111111111111110
111111111111111111111111111111111111111111111111100000000001111111111111111111111111111111111111111111111111111111111111111111111000000000011111111111111111111111111111111111111111111111111111100000000000000000000000000000000000000001100000000000000000000000000000000111111111111111111111111111111110
111111111111111111111111111111111111111111111111100000000001111111111111111111111111111111111111111111111111111111111111111111111000000001111111111111111111111111111111111111111111111111111111100000000000000000000000000000000000000000000000000000000001000000000000000111111111111111111111111111111110
111111111111111111111111111111111111111111111111100000000001111111111111111111111111111111111111111111111111111111111111111111111000000001100111111111111111111111111111111111111111111111111111100000000000000000000000000000000000000000000000000000000000000000000100000111111111111111111111111111111110
111111111111111111111111111111111111111111111111100000000001111111111111111111111111111111111111111111111111111111111111111111111001100000000000000000000000000000111111111111111111111111111111100000000000000000000000000000000000000000000000000000001000000000000000000111111111111111111111111111111110
111111111111111111111111111111111111111111111111100000000001111111111111111111111111111111111111111111111111111111111111111111111101100000000000000000000000000000011111111111111111111111111111110000000000000000000000000000000000000000000000000000000000000000000000001111111111111111111111111111111110
111111111111111111111111111111111111111111111111100000000001111111111111111111111111111111111111111111111111111111111111111111111111111000000000000000000000000000011111111111111111111111111111111111111111111111111110000000000000000000000000000000000000000000000111111111111111111111111111111111111110
111111111111111111111111111111111111111111111111100000000111111111111111111111111111111111111111111111111111111111111111111111111111111100000000000111000000000000011111111111111111111111111111111111111111111111111111000000000000000000000000000000000000000000001111111111111111111111111111111111111110
111111111111111111111111111111111111111111111111100000000111111111111111111111111111111111111111111111111111111111111111111111111111111110000000000111000000000000011111111111111111111111111111111111111111111111111111100000000000000000000000000000000000000000011111111111111111111111111111111111111110
111111111111111111111111111111111111111111111111100000000001111111111111111111111111111111111111111111111111111111111111111111111111111110000000000111000000000000011111111111111111111111111111111111111111111111111111100000000000000000000000000000000000000000011111111111111111111111111111111111111110
111111111111111111111111111111111111111111111111100000000001111111111111111111111111111111111111111111111111111111111111111111111111111110000000000000000000000000011111111111111111111111111111111111111111111111111111100000000000000000000000000000000000000000011111111111111111111111111111111111111110
111111111111111111111111111111111111111111111111100000000001111111111111111111111111111111111111111111111111111111111111111111111111111110000000000000000000000000011111111111111111111111111111111111111111111111111111100000000000000000000000000000000000000000011111111111111111111111111111111111111110
111111111111111111111111111111111111111111111111100000000000000000000000001111111111111111111111111111111111111111111111111111111111111110000000000000000000000000011111111111111111111111111111111111111111111111111111100000000000000000000001100000000000000000011111111111111111111111111111111111111110
111111111111111111111111111111111111111111111111110000000000000000000000000111111111111111111111111111111111111111111111111111111111111111000000000000000000000000011111111111111111111111111111111111111111111111111111110000000000000000000001100000000000000000011111111111111111111111111111111111111110
111111111111111111111111111111111111111111111111111111100000000000000000000111111111111111111111111111111111111111111111111111111111111111111110000000000000000000011111111111111111111111111111111111111111111111111111111111100000000000000000000000000000000000011111111111111111111111111111111111111110
111111111111111111111111111111111111111111111111111111110000000000000000000111111111111111111111111111111111111111111111111111111111111111111111000000000000000000011111111111111111111111111111111111111111111111111111111111110000000000000000000000000000000000011111111111111111111111111111111111111110
111111111111111111111111111111111111111111111111111111111000000000000000000111111111111111111111111111111111111111111111111111111111111111111111100000011100000000011111111111111111111111111111111111111111111111111111111111111000000000000000000000000000000000011111111111111111111111111111111111111110
111111111111111111111111111111111111111111111111111111111000000000000000000111111111111111111111111111111111111111111111111111111111111111111111100000011100000000011111111111111111111111111111111111111111111111111111111111111000000110000000000000000000000000011111111111111111111111111111111111111110
111111111111111111111111111111111111111111111111111111111000000000000000000011111111111111111111111111111111111111111111111111111111111111111111100000011100000000001111111111111111111111111111111111111111111111111111111111111000000110000000000000000000000000011111111111111111111111111111111111111110
111111111111111111111111111111111111111111111111111111111000000000000000000001111111111111111111111111111111111111111111111111111111111111111111100000000000000000000111111111111111111111111111111111111111111111111111111111111000000000000000000000000000000000011111111111111111111111111111111111111110
111111111111111111111111111111111111111111111111111111111001100000000000000000000011111111111111111111111111111111111111111111111111111111111111100000000000000000000000001111111111111111111111111111111111111111111111111111111000000000000000000000000000000000011111111111111111111111111111111111111110
111111111111111111111111111111111111111111111111111111111001100000000000110000000001111111111111111111111111111111111111111111111111111111111111100000000000000000000000000111111111111111111111111111111111111111111111111111111100000000000000000000000000000000011111111111111111111111111111111111111110
111111111111111111111111111111111111111111111111111111111000000000000000110000000001111111111111111111111111111111111111111111111111111111111111100000000000000000000000000111111111111111111111111111111111111111111111111111111111111111111110000000000000000000011111111111111111111111111111111111111110
111111111111111111111111111111111111111111111111111111111000000000000000000000000001111111111111111111111111111111111111111111111111111111111111100000000000000000000000000111111111111111111111111111111111111111111111111111111111111111111111000000000000000000011111111111111111111111111111111111111110
111111111111111111111111111111111111111111111111111111111000000000000000000000000001111111111111111111111111111111111111111111111111111111111111100000000000000000000000000111111111111111111111111111111111111111111111111111111111111111111111100000000000000000011111111111111111111111111111111111111110
111111111111111111111111111111111111111111111111111111111011000000000000000000000001111111111111111111111111111111111111111111111111111111111111100000000000000000000000000111111111111111111111111111111111111111111111111111111111111111111111100001110000000000011111111111111111111111111111111111111110
111111111111111111111111111111111111111111111111111111111011100000000000000000000000111111111111111111111111111111111111111111111111111111111111000000000000000000000000000111111111111111111111111111111111111111111111111111111111111111111111100001110000000000011111111111111111111111111111111111111110
111111111111111111111111111111111111111111111111111111111001100000000000000000000000011111111111111111111111111111111111111111111111111111111110000000000000000000000000000111111111111111111111111111111111111111111111111111111111111111111111100001110001100000011111111111111111111111111111111111111110
111111111111111111111111111111111111111111111111111111111011100000000000000000000000000000111111111111111111111111111111111111111100000000000000000000000000000000000000000111111111111111111111111111111111111111111111111111111111111111111111100000000001100000011111111111111111111111111111111111111110
111111111111111111111111111111111111111111111111111111111111000000000000000000000000000000011111111111111111111111111111111111111000000000000000000000000000000000000000000111111111111111111111111111111111111111111111111111111111111111111111100000000000000000111111111111111111111111111111111111111110
111111111111111111111111111111111111111111111111111111111111111111111111111111100000000000011111111111111111111111111111111111111000000000000000000000000000000000000000000111111111111111111111111111111111111111111111111111111111111111111111100000000000011111111111111111111111111111111111111111111110
111111111111111111111111111111111111111111111111111111111111111111111111111111110000000000011111111111111111111111111111111111111000000000001110000000000000000000000000000111111111111111111111111111111111111111111111111111111111111111111111100000000000111111111111111111111111111111111111111111111110
111111111111111111111111111111111111111111111111111111111111111111111111111111111000000000011111111111111111111111111111111111111000000000001110000000000000000000000000000111111111111111111111111111111111111111111111111111111111111111111111100000000001111111111111111111111111111111111111111111111110
111111111111111111111111111111111111111111111111111111111111111111111111111111111011100000011111111111111111111111111111111111111000000000001110000000000000000000000000111111111111111111111111111111111111111111111111111111111111111111111111100000000001111111111111111111111111111111111111111111111110
111111111111111111111111111111111111111111111111111111111111111111111111111111111011100000001111111111111111111111111111111111111000000000000000000000000000000000000000111111111111111111111111111111111111111111111111111111111111111111111111100000000001111111111111111111111111111111111111111111111110
111111111111111111111111111111111111111111111111111111111111111111111111111111111011000000000111111111111111111111111111111111111000000000000000000000000000000000000000111111111111111111111111111111111111111111111111111111111111111111111111100000000001111111111111111111111111111111111111111111111110
111111111111111111111111111111111111111111111111111111111111111111111111111111111000000000000000000000000000000111111111111111111000000000000000000000000000000000000000000111111111111111111111111111111111111111111111111111111111111111111111100000000001111111111111111111111111111111111111111111111110
111111111111111111111111111111111111111111111111111111111111111111111111111111111000000000000000000000111000000111111111111111111000000000000000000000000000000000000000000111111111111111111111111111111111111111111111111111111111111111111111100000000001111111111111111111111111111111111111111111111110
111111111111111111111111111111111111111111111111111111111111111111111111111111111000000000000000000000111000000011111111111111111000000000000000000001111111111000000000000111111111111111111111111111111111111111111111111111111111111111111111100000000001111111111111111111111111111111111111111111111110
111111111111111111111111111111111111111111111111111111111111111111111111111111111000000000000000000000000000000000011111111111111000000000000000000011111111111100000000000111111111111111111111111111111111111111111111111111111111111111111111100000000001111111111111111111111111111111111111111111111110
111111111111111111111111111111111111111111111111111111111111111111111111111111111000000000000000000111000000000000011111111111111000000000000000000111111111111110011100000111111111111111111111111111111111111111111111111111111111111111111111100000000001111111111111111111111111111111111111111111111110
111111111111111111111111111111111111111111111111111111111111111111111111111111111000000000000000100111000000000000011111111111111000000000000000000111111111111110011100000111111111111111111111111111111111111111111111111111111111111111111111100000000001111111111111111111111111111111111111111111111110
111111111111111111111111111111111111111111111111111111111111111111111111111111110000000000000000000000000000000000001111111111110000000000000000000111111111111110011100000111111111111111111111111111111111111111111111111111111111111111111111100000000001111111111111111111111111111111111111111111111110
111111111111111111111111111111111111111111111111111111111111111111111111111111100000000000000000000000000000000000000111111111100000000000000000000111111111111110000000000111111111111111111111111111111111111111111111111111111111111111111111100000000001111111111111111111111111111111111111111111111110
111111111111111111111111111111111111111111111111110000000000000000000000000000000000000000000000000000000000000000000000000000000000000000000000000111111111111110000000000111111111111111111111110000000011111111111111111111111111111111111111100000000001111111111111111111111111111111111111111111111110
111111111111111111111111111111111111111111111111100000000000000000000000000000000000000000000000000000000000000000000000000000000000000000000000001111111111111110000000000111111111111111111111100000000001111111111111111111111111111111111111100000000001111111111111111111111111111111111111111111111110
111111111111111111111111111111111111111111111111100001111111111111111111000000000000000000010000000000000000000000000000000000000000000000000111111111111111111110000000000111111111111111111111100000000001111111111111111111111111111111111111100000000001111111111111111111111111111111111111111111111110
111111111111111111111111111111111111111111111111100011111111111111111111100000000000000000000000000000000000000000000000011000000000000000001111111111111111111110000000000111111111111111111111100000110001111111111111111111111111111111111111100000000001111111111111111111111111111111111111111111111110
111111111111111111111111111111111111111111111111100111111111111111111111110000000000000000000000000000000000000000000000011000000000000000011111111111111111111110000000000111111111111111111111100000110001111111111111111111111111111111111111100000000001111111111111111111111111111111111111111111111110
111111111111111111111111111111111111111111111111100111111111111111111111110000000000000000000001111000000000000000000000000000000000000000011111111111111111111110000000000111111111111111111111100000000001111111111111111111111111111111111111100000000001111111111111111111111111111111111111111111111110
111111111111111111111111111111111111111111111111000111111111111111111111110000011000000000000011111100000000000000000000000000000000000000011111111111111111111110000000000011111111111111111111000000000000111111111111111111111111111111111111000000000001111111111111111111111111111111111111111111111110
111111111111111111111111111111111111111111111110000111111111111111111111110000011000000000000011111110000000000000000000000000000000000000011111111111111111111110000000000001111111111111111110000000000000011111111111111111111111111111111110000000000001111111111111111111111111111111111111111111111110
111111111111111111111111111111111111111111000000000111111111111111111111110000000000000000000011111110000000000000000000000000000000000000011111111111111111111110000000000000000000110000000000000000000000000000111111111111111111111111000000000000000001111111111111111111111111111111111111111111111110
111111111111111111111111111111111111111110000000001111111111111111111111110000000000000000000011111100000011100000000000000000000000000000111111111111111111111110000000000000000000110000000000000000000000000000011111111111111111111110000000000000000001111111111111111111111111111111111111111111111110
111111111111111111111111111111111111111110000111111111111111111111111111110000000000000000000001111000000011100000000111111111111111111111111111111111111111111110000000000000000000000000011100000000000000000000011111111111111111111110000000000000000001111111111111111111111111111111111111111111111110
111111111111111111111111111111111111111110001111111111111111111111111111110000000000000000000000000000000011100011001111111111111111111111111111111111111111111110000000000000000000000110011100000000000000000000011111111111111111111110000000000000000001111111111111111111111111111111111111111111111110
111111111111111111111111111111111111111110011111111111111111111111111111110000000000000001000000000000000000000011011111111111111111111111111111111111111111111110000000000000000000000110011100000000000000000000011111111111111111111110000000000000000001111111111111111111111111111111111111111111111110
111111111111111111111111111111111111111110011111111111111111111111111111110000000000000000000000000000000000000000011111111111111111111111111111111111111111111111110000000000000000000000000100000000000000000000011111111111111111111110000000000000000011111111111111111111111111111111111111111111111110
111111111111111111111111111111111111111100011111111111111111111111111111110000000000000000000000000000000000100000011111111111111111111111111111111111111111111111110000000000000000000000000000000000000000000000001111111111111111111100000000000000000011111111111111111111111111111111111111111111111110
111111111111111111111111111111111111111000011111111111111111111111111111110000000000000000110000000000000011111000011111111111111111111111111111111111111111111111110000000000000000000000000000000000000000000000000111111111111111111100000000000000000000011111111111111111111111111111111111111111111110
111111111111111111111111111111111100000000011111111111111111111111111111110000000000000100110000000000000011111000011111111111111111111111111111111111111111111111110000000000000000000000000001000000000000000000000000000000000000001100000000000000000000000000111111111111111111111111111111111111111110
111111111111111111111111111111111000000000011111111111111111111111111111110000000000000000000000000000000011111000111111111111111111111111111111111111111111111110000000000000000000000000000000000000000000000000000000000000000000001100000000000000000000000000011111111111111111111111111111111111111110
111111111111111111111111111111111000000000011111111111111111111111111111110111000000000000000000000001111111111111111111111111111111111111111111111111111111111110000000111000000000000000000000000000001110000000000000000000000000000000000000000000000000000000011111111111111111111111111111111111111110
111111111111111111111111111111111000000001111111111111111111111111111111110111000000010000000000000011111111111111111111111111111111111111111111111111111111111110000000111000000000000000000000000000001110000000000000001100000000000000000000000000000000000000011111111111111111111111111111111111111110
111111111111111111111111111111111000000001111111111111111111111111111111110111000000000000000000000111111111111111111111111111111111111111111111111111111111111110000000111001110000000000000000000000001110000000000000001100000000000000000000000000000000000000011111111111111111111111111111111111111110
111111111111111111111111111111111000000000111111111111111111111111111111110000000000000000000000000111111111111111111111111111111111111111111111111111111111111110000000000001110000000000000000000000000000000000000001100000000000000110000000000000000000000000011111111111111111111111111111111111111110
111111111111111111111111111111111000000000001111111111111111111111111111110000000000000000000000000111111111111111111111111111111111111111111111111111111111111110000000000001110110000000000000000000000000000000000011110000000000000110000000000000000000000000001111111111111111111111111111111111111110
111111111111111111111111111111111000000000000111111111111111111111111111110000000000000000000000000111111111111111111111111111111111111111111111111111111111111110000000000000000110000000000000000000000000000000000011110000000000000000011100000000000000000000000111111111111111111111111111111111111110
111111111111111111111111111111111000000000000000000000000011111111111111110000000000000000000001000111111111111111111111111111111111111111111111111111111111111110000000000000000000000000000000000000000000000000000011110000000000000000011100000000000000000000000000001111111111111111111111111111111110
111111111111111111111111111111111000000000000000000000000001111111111111110000000000000110000000001111111111111111111111111111111111111111111111111111111111111110000000000000000000011000000000000000000000000000000011100000000000000000011100000000000000000000000000000111111111111111111111111111111110
111111111111111111111111111111111000000000000000000000000001111111111111110000000000000110000111111111111111111111111111111111111111111111111111111111111111111110000000000000000000011000000000000000000000000000000000000000000000000000000000000000000000000000000000000111111111111111111111111111111110
111111111111111111111111111111111000001100000000000000000001111111111111110000000000000000001111111111111111111111111111111111111111111111111111111111111111111110000000000000000000000000000000000000000000000000000000000000000000000000110000000000000000000000000000000111111111111111111111111111111110
111111111111111111111111111111111000001100000000000000000001111111111111100000000000000000011111111111111111111111111111111111111111111111111111111111111111111110000000000000000000000000000000000000000000000000000000000000000000000000110000000000000000000000000000000111111111111111111111111111111110
111111111111111111111111111111111000000000000000000000000001111111111111100000100000000000011111111111111111111111111111111111111111111111111111111111111111111110000111000000000000000000000000000000000000000000000000000000000000000000000000000000000000000000000000000111111111111111111111111111111110
111111111111111111111111111111111000000000000000000000000000111111111111000000000000000000011111111111111111111111111111111111111111111111111111111111111111111100000111000000000000000000000000000000000000000000000001100000000000000000000000000000110000000000000000000111111111111111111111111111111110
111111111111111111111111111111111000000000000000000000000000011111111110000000000000000000011111111111111111111111111111111111111111111111111111111111111111111000000111000000000000000000000000000000000000000000000001100000000000000000000000000000110000000000000000000111111111111111111111111111111110
111111111111111111111111111111111000000000000000000000000000000000000000000000000000000000011111111111111111111111111111111111111111111111111111111111111100000000000000000000000000000000000000000000000000000000000000000000000000000000000000000000000000011100000000000111111111111111111111111111111110
111111111111111111111111111111111100000000000000000000000000000000000000000000000000000000011111111111111111111111111111111111111111111111111111111111111000000000000000000000000000000000000000000000000000000000000000111000000000000000000000000000000000011100011000001111111111111111111111111111111110
111111111111111111111111111111111111111000000000000000000000000000000000000000000000000000011111111111111111111111111111111111111111111111111111111111111000000000000000000000000000000000000000000000000000000000000000111000000000000000000000000000000000011100011111111111111111111111111111111111111110
111111111111111111111111111111111111111100000000000000000000000000000000000000000011000000011111111111111111111111111111111111111111111111111111111111111000000000000000000000000000000011100000000000000000000000000000111000000000011000000000000000000000000000001111111111111111111111111111111111111110
111111111111111111111111111111111111111110000000000000000111000000000000000000000011000000011111111111111111111111111111111111111111111111111111111111111000000000000000000000000000000011100000000000000000000000000000000000000000011000011000000000000000000000011111111111111111111111111111111111111110
111111111111111111111111111111111111111110000000000000000111000000000001000000000000000000011111111111111111111111111111111111111111111111111111111111111000000000000000000000000000000011100000000000000000000000000000000000000000000000011000000000000000000000011111111111111111111111111111111111111110
111111111111111111111111111111111111111110000000000000000111000110000000000000000000000000001111111111111111111111111111111111111111111111111111111111110000000000000000000000000000000000000000000000000000000000000000000000000000000000000000000000000000000000011111111111111111111111111111111111111110
111111111111111111111111111111111111111110010000000000000000000110000000000000000000000000000111111111111111111111111111111111111111111111111111111111100000000000000000000000000000000000000000000000000000000000000000000000011000000000000000000000000000000000011111111111111111111111111111111111111110
111111111111111111111111111111111111111110111110000000000000100000001100000000000000011110000000001111111111111111111111111111111111111111111111110000000000000000000000000000000000000000000000000000000000000000000000000000011000000000000000000000000000000000011111111111111111111111111111111111111110
111111111111111111111111111111111111111111111110000000000100000000001100000000000000111111000000000111111111111111111111111111111111111111111111100011000000000000000000000000000000000000000000000000000000000000000000000000000000000000000000000000011000000000111111111111111111111111111111111111111110
111111111111111111111111111111111111111111111110000000000000111111111111111111111111111111000000000111111111111111111111111111111111111111111111100011000000000000000000000000000000000000000000000000000000000000000000000000000000000000000000000000011000011111111111111111111111111111111111111111111110
111111111111111111111111111111111111111111111110000000000001111111111111111111111111111111000000000111111111111111111111111111111111111111111111100000000000000000000000000000000000000000000000000000000000000000000000000000000000000000000000000000000000111111111111111111111111111111111111111111111110
111111111111111111111111111111111111111111111111100000000011111111111111111111111111111110000000000111111111111111111111111111111111111111111111100000000000000000000000000000000000000000000000000000000000000000000000000000000000000110000111000000000001111111111111111111111111111111111111111111111110
111111111111111111111111111111111111111111111111111000000011111111111111111111111111111110000000000111111111111111111111111111111111111111111111100000000000000000000000000000001100000000000000000000000000000000000000000000000000000110000111000000000001111111111111111111111111111111111111111111111110
111111111111111111111111111111111111111111111111111100000011111111111111111111111111111110000000000011111111111111111111111111111111111111111111000000000000000000000000000000001100000000000000000000000000000000000111000000000000000000000111000000000001111111111111111111111111111111111111111111111110
111111111111111111111111111111111111111111111111111100000011111111111111111111111111111110000000000001111111111111111111111111111111111111111110000000000000000000000000000000000000000000000000000000000000000000000111000000000000000000000000000000000001111111111111111111111111111111111111111111111110
111111111111111111111111111111111111111111111111111000000011111111111111111111111111111110000000000000000000000000001111111000000000000000000000000000000000000000000000000000000000000000000000000000000000000000000111000000000000000001111000000000000001111111111111111111111111111111111111111111111110
111111111111111111111111111111111111111111111111110000000111111111111111111111111111111110000000000000000000000000001111111100000000000000000000000000000000000000000000000000000000000000000000000000000000000000000000000000000000000001111000000000000011111111111111111111111111111111111111111111111110
111111111111111111111111111111111111111111111110000001111111111111111111111111111111111110011000001100000000000010001111111000000000000000000000000000000000000000000000000000000000000000000000000000000000000000000000000000000000000000001111111111111111111111111111111111111111111111111111111111111110
111111111111111111111111111111111111111111111111000011111111111111111111111111111111111110011000001100000000000000000111110000000000000000000000000000000000000000000000000000000000000000000000000000000000000000000000000000000000000000001111111111111111111111111111111111111111111111111111111111111110
111111111111111111111111111111111111111111111111100111111111111111111111111111111111111110010000000000000000000000000011000000000000000000000000000000000000000000000000000000000000000000000000000000000000000000000000000000000000000000011111111111111111111111111111111111111111111111111111111111111110
111111111111111111111111111111111111111111111111100111111111111111111111111111111111111110000000000000000000000000000000000000000000000000000000000000000000000000000000000000000000000000000000000000000000000000000000000000000000000000011111111111111111111111111111111111111111111111111111111111111110
111111111111111111111111111111111111111111111111100111111111111111111111111111111111111110000000000000000000000000000000000000000000000000000000000000000000000000000000000000000000000000000000000000000000000000000000000000000000000000011111111111111111111111111111111111111111111111111111111111111110
111111111111111111111111111111111111111111111111100111111111111111111111111111111111111110000001000000000000000000000000000000000000000000000000000000000000000000000000000000000000000000000000000000000000000000000000000000000000000000011111111111111111111111111111111111111111111111111111111111111110
111111111111111111111111111111111111111111111111100111111111111111111111111111111111111110000000000011000000000000000000000000000000001110000000000000000110000000000000000000000000000000000000000000000000000000000000000000000000000000011111111111111111111111111111111111111111111111111111111111111110
111111111111111111111111111111111111111111111111111111111111111111111111111111111111111110000000000011000000000000000000000000000000011111000000000000000110000000000000000000000000000000000000000000000000000000000000000000000000000000111111111111111111111111111111111111111111111111111111111111111110
111111111111111111111111111111111111111111111111111111111111111111111111111111111111111110000000000000000000000000000111111111111111111111111110000000000000000000000000000000000100000000000000000000000000000000000111111111111111111111111111111111111111111111111111111111111111111111111111111111111110
111111111111111111111111111111111111111111111111111111111111111111111111111111111111111110000000000000000001110000001111111111111111111111111111000000000000000000000000000000000000000001100000000000000000000000001111111111111111111111111111111111111111111111111111111111111111111111111111111111111110
111111111111111111111111111111111111111111111111111111111111111111111111111111111111111110000000000000000001110010011111111111111111111111111111100000000000000000000000000000000000000001100000000000000000000000011111111111111111111111111111111111111111111111111111111111111111111111111111111111111110
111111111111111111111111111111111111111111111111111111111111111111111111111111111111111110000000000000000001110111111111111111111111111111111111100011000000000000000000000000000000000000000000000000000000000000011111111111111111111111111111111111111111111111111111111111111111111111111111111111111110
111111111111111111111111111111111111111111111111111111111111111111111111111111111111111110000000000000000000000011111111111111111111111111111111100011000000000000000000000000000011100001100000000000000000000000011111111111111111111111111111111111111111111111111111111111111111111111111111111111111110
111111111111111111111111111111111111111111111111111111111111111111111111111111111111111110000000000000000000000000011111111111111111111111111111100000000000000000000000110000000011100001100000000000111100000000011111111111111111111111111111111111111111111111111111111111111111111111111111111111111110
111111111111111111111111111111111111111111111111111111111111111111111111111111111111111110000000000000000000000100011111111111111111111111111111100000000000000000000000110000000011110000000000000000111100000000011111111111111111111111111111111111111111111111111111111111111111111111111111111111111110
111111111111111111111111111111111111111111111111111111111111111111111111111111111111111110000000011100000000001110011111111111111111111111111111110000000000000000000000000000000000110000000000000000111100000000111111111111111111111111111111111111111111111111111111111111111111111111111111111111111110
111111111111111111111111111111111111111111111111111111111111111111111111111111111111111110000000011100000000011111011111111111111111111111111111111111111111111000000000000000000000000000000000000001111111111111111111111111111111111111111111111111111111111111111111111111111111111111111111111111111110
111111111111111111111111111111111111111111111111111111111111111111111111111111111111111111111000011000000000011110011111111111111111111111111111111111111111111100000000000000000000000000000000000011111111111111111111111111111111111111111111111111111111111111111111111111111111111111111111111111111110
111111111111111111111111111111111111111111111111111111111111111111111111111111111111111111111000000000000000011110011111111111111111111111111111111111111111111110000000000000000000000000000000000111111111111111111111111111111111111111111111111111111111111111111111111111111111111111111111111111111110
111111111111111111111111111111111111111111111111111111111111111111111111111111111111111111111110000000000000000000011111111111111111111111111111111111111111111110000000000011100000000000000000000111111111111111111111111111111111111111111111111111111111111111111111111111111111111111111111111111111110
111111111111111111111111111111111111111111111111111111111111111111111111111111111111111111111110000000000000000000001111111111111111111111111111111111111111111110000000000011100000000000000000000111111111111111111111111111111111111111111111111111111111111111111111111111111111111111111111111111111110
111111111111111111111111111111111111111111111111111111111111111111111111111111111111111111111000000000000000000000000111111111111111111111111111111111111111111110000000000011100000000000000000000111111111111111111111111111111111111111111111111111111111111111111111111111111111111111111111111111111110
111111111111111111111111111111111111111111111111111111111111111111111111111111111111111111110000000000000000000000000000000000000011111111111111111111111111111110000000000000000000000000000000000111111111111111111111111111111111111111111111111111111111111111111111111111111111111111111111111111111110
111111111111111111111111111111111111111111111111111111111111111111111111111111111111111110000000000000000000000000000000000000000001111111111111111111111111111111000000000000000000000000000000001111111111111111111111111111111111111111111111111111111111111111111111111111111111111111111111111111111110
111111111111111111111111111111111111111111111111111111111111111111111111111111111111111110000000000000000000000000001110000000000001111111111111111111111111111111111111111111111111111111111111111111111111111111111111111111111111111111111111111111111111111111111111111111111111111111111111111111111110
111111111111111111111111111111111111111111111111111111111111111111111111111111111111111110000000000000001100000000001110000000000001111111111111111111111111111111111111111111111111111111111111111111111111111111111111111111111111111111111111111111111111111111111111111111111111111111111111111111111110
111111111111111111111111111111111111111111111111111111111111111111111111111111111111111110000000000111001100000000011110000000000001111111111111111111111111111111111111111111111111111111111111111111111111111111111111111111111111111111111111111111111111111111111111111111111111111111111111111111111110
111111111111111111111111111111111111111111111111111111111111111111111111111111111111111110000000000111000000000000000000000000000001111111111111111111111111111111111111111111111111111111111111111111111111111111111111111111111111111111111111111111111111111111111111111111111111111111111111111111111110
111111111111111111111111111111111111111111111111111111111111111111111111111111111111111100000110000111000000000000000000000000000000111111111111111111111111111111111111111111111111111111111111111111111111111111111111111111111111111111111111111111111111111111111111111111111111111111111111111111111110
111111111111111111111111111111111111111111111111111111111111111111111111111111111111111000000110000000000000000000000000000000000000011111111111111111111111111111111111111111111111111111111111111111111111111111111111111111111111111111111111111111111111111111111111111111111111111111111111111111111110
111111111111111111111111111111111111111111111111111111111111111111111111111111111111000000000000000000000000000000000000000000000000000000000000001111111111111111111111111111111111111111111111111111111111111111111111111111111111111111111111111111111111111111111111111111111111111111111111111111111110
111111111111111111111111111111111111111111111111111111111111111111111111111111111111000000000000000001001100000000000000000000000000000000000000000111111111111111111111111111111111111111111111111111111111111111111111111111111111111111111111111111111111111111111111111111111111111111111111111111111110
111111111111111111111111111111111111111111111111111111111111111111111111111111111111000000000000000000001100000000000000000000000000000000000000000111111111111111111111111111111111111111111111111111111111111111111111111111111111111111111111111111111111111111111111111111111111111111111111111111111110
111111111111111111111111111111111111111111111111111111111111111111111111111111111111000000000000000000000000000000000000000000000000000000000000000111111111111111111111111111111111111111111111111111111111111111111111111111111111111111111111111111111111111111111111111111111111111111111111111111111110
111111111111111111111111111111111111111111111111111111111111111111111111111111111111110000000000000000100000000000000000000000000000000000000000000111111111111111111111111111111111111111111111111111111111111111111111111111111111111111111111111111111111111111111111111111111111111111111111111111111110
111111111111111111111111111111111111111111111111111111111111111111111111111111111111111000000000000000000000000000110000000000001100000000000000000111111111111111111111111111111111111111111111111111111111111111111111111111111111111111111111111111111111111111111111111111111111111111111111111111111110
111111111111111111111111111111111111111111111111111111111111111111111111111111111111111000000000000000000000000000110000000000001100000000000000000011111111111111111111111111111111111111111111111111111111111111111111111111111111111111111111111111111111111111111111111111111111111111111111111111111110
111111111111111111111111111111111111111111111111111111111111111111111111111111111111111000000000000000000000000000000000000000000000000000000000110001111111111111111111111111111111111111111111111111111111111111111111111111111111111111111111111111111111111111111111111111111111111111111111111111111110
111111111111111111111111111111111111111111111111111111111111111111111111111111111111110000000000000000000000000000000000000000000000000000000000000000000000000000111111111111111111111111111111111111111111111111111111111111111111111111111111111111111111111111111111111111111111111111111111111111111110
111111111111111111111111111111111111111111111111111111111111111111111111111111111111110000000000000000000000000000000000000110000000000000000000000000000000000000011111111111111111111111111111111111111111111111111111111111111111111111111111111111111111111111111111111111111111111111111111111111111110
111111111111111111111111111111111111111111111111111111111111111111111111111111111111111111111110000000000000000000000000000110000000000000000000000000000000000000011111111111111111111111111111111111111111111111111111111111111111111111111111111111111111111111111111111111111111111111111111111111111110
111111111111111111111111111111111111111111111111111111111111111111111111111111111111111111111111000000000000000000000000000000000000000000000000000000000000000000011111111111111111111111111111111111111111111111111111111111111111111111111111111111111111111111111111111111111111111111111111111111111110
111111111111111111111111111111111111111111111111111111111111111111111111111111111111111111111111111000000000000000000000000000011000000000000000000000000000000000011111111111111111111111111111111111111111111111111111111111111111111111111111111111111111111111111111111111111111111111111111111111111110
111111111111111111111111111111111111111111111111111111111111111111111111111111111111111111111111111000000000000000000000000000000000011000000000000000000000000000011111111111111111111111111111111111111111111111111111111111111111111111111111111111111111111111111111111111111111111111111111111111111110
111111111111111111111111111111111111111111111111111111111111111111111111111111111111111111111111111000000000000000000000000000000000011000000000000000000000000000001111111111111111111111111111111111111111111111111111111111111111111111111111111111111111111111111111111111111111111111111111111111111110
111111111111111111111111111111111111111111111111111111111111111111111111111111111111111111111111100000000000000000000000000000000000000000000000000000011000000000000111111111111111111111111111111111111111111111111111111111111111111111111111111111111111111111111111111111111111111111111111111111111110
111111111111111111111111111111111111111111111111111111111111111111111111111111111111111111111111100000000000000000000000000000000000000000000000000000011000000000000000001111111111111111111111111111111111111111111111111111111111111111111111111111111111111111111111111111111111111111111111111111111110
111111111111111111111111111111111111111111111111111111111111111111111111111111111111111111111111110000000000000000000000000000000000000000000000110000000000000000000001100111111111111111111111111111111111111111111111111111111111111111111111111111111111111111111111111111111111111111111111111111111110
111111111111111111111111111111111111111111111111111111111111111111111111111111111111111111111111111111111111111100000000000000000000000000000000110000000000000000000001100111111111111111111111111111111111111111111111111111111111111111111111111111111111111111111111111111111111111111111111111111111110
111111111111111111111111111111111111111111111111111111111111111111111111111111111111111111111111111111111111111110000000000000000000000000000000000000000000000000000000000111111111111111111111111111111111111111111111111111111111111111111111111111111111111111111111111111111111111111111111111111111110
111111111111111111111111111111111111111111111111111111111111111111111111111111111111111111111111111111111111111111000000000000000000000000000000000000000000000000000000000111111111111111111111111111111111111111111111111111111111111111111111111111111111111111111111111111111111111111111111111111111110
111111111111111111111111111111111111111111111111111111111111111111111111111111111111111111111111111111111111111111000000000000000110000000000000000000000110000000000000000111111111111111111111111111111111111111111111111111111111111111111111111111111111111111111111111111111111111111111111111111111110
111111111111111111111111111111111111111111111111111111111111111111111111111111111111111111111111111111111111111111011100000000000111000000000000000000000110000000000000000011111111111111111111111111111111111111111111111111111111111111111111111111111111111111111111111111111111111111111111111111111110
111111111111111111111111111111111111111111111111111111111111111111111111111111111111111111111111111111111111111111011100000000000111000000000000000000000000000000000000000001111111111111111111111111111111111111111111111111111111111111111111111111111111111111111111111111111111111111111111111111111110
111111111111111111111111111111111111111111111111111111111111111111111111111111111111111111111111111111111111111111011100000000000000000000000000000000000000000000000000000000000000000000000000000000000011111111111111111111111111111111111111111111111111111111111111111111111111111111111111111111111110
111111111111111111111111111111111111111111111111111111111111111111111111111111111111111111111111111111111111111111111111111111111111111111111111111111111111000000000000000000000000000000000000000000000001111111111111111111111111111111111111111111111111111111111111111111111111111111111111111111111110
111111111111111111111111111111111111111111111111111111111111111111111111111111111111111111111111111111111111111111111111111111111111111111111111111111111111111000000000000000000000000000000000000000000001111111111111111111111111111111111111111111111111111111111111111111111111111111111111111111111110
111111111111111111111111111111111111111111111111111111111111111111111111111111111111111111111111111111111111111111111111111111111111111111111111111111111111111100000000000000000000000000000000000000000001111111111111111111111111111111111111111111111111111111111111111111111111111111111111111111111110
111111111111111111111111111111111111111111111111111111111111111111111111111111111111111111111111111111111111111111111111111111111111111111111111111111111111111110000000000000000000000000000000000000000001111111111111111111111111111111111111111111111111111111111111111111111111111111111111111111111110
111111111111111111111111111111111111111111111111111111111111111111111111111111111111111111111111111111111111111111111111111111111111111111111111111111111111111111000000000000000000000000000000000000000001111111111111111111111111111111111111111111111111111111111111111111111111111111111111111111111110
111111111111111111111111111111111111111111111111111111111111111111111111111111111111111111111111111111111111111111111111111111111111111111111111111111111111111111111000000000000000000000000000000000000001111111111111111111111111111111111111111111111111111111111111111111111111111111111111111111111110
111111111111111111111111111111111111111111111111111111111111111111111111111111111111111111111111111111111111111111111111111111111111111111111111111111111111111111111000000000000000000000000000000000000001111111111111111111111111111111111111111111111111111111111111111111111111111111111111111111111110
111111111111111111111111111111111111111111111111111111111111111111111111111111111111111111111111111111111111111111111111111111111111111111111111111111111111111111111000000000000000000000000000000000000001111111111111111111111111111111111111111111111111111111111111111111111111111111111111111111111110
111111111111111111111111111111111111111111111111111111111111111111111111111111111111111111111111111111111111111111111111111111111111111111111111111111111111111111111000000000000000000000000000000000000001111111111111111111111111111111111111111111111111111111111111111111111111111111111111111111111110
111111111111111111111111111111111111111111111111111111111111111111111111111111111111111111111111111111111111111111111111111111111111111111111111111111111111111111111111111111111111111111111110000001111111111111111111111111111111111111111111111111111111111111111111111111111111111111111111111111111110
111111111111111111111111111111111111111111111111111111111111111111111111111111111111111111111111111111111111111111111111111111111111111111111111111111111111111111111111111111111111111111111111000011111111111111111111111111111111111111111111111111111111111111111111111111111111111111111111111111111110
111111111111111111111111111111111111111111111111111111111111111111111111111111111111111111111111111111111111111111111111111111111111111111111111111111111111111111111111111111111111111111111111100111111111111111111111111111111111111111111111111111111111111111111111111111111111111111111111111111111110
111111111111111111111111111111111111111111111111111111111111111111111111111111111111111111111111111111111111111111111111111111111111111111111111111111111111111111111111111111111111111111111111111111111111111111111111111111111111111111111111111111111111111111111111111111111111111111111111111111111110
111111111111111111111111111111111111111111111111111111111111111111111111111111111111111111111111111111111111111111111111111111111111111111111111111111111111111111111111111111111111111111111111111111111111111111111111111111111111111111111111111111111111111111111111111111111111111111111111111111111110
111111111111111111111111111111111111111111111111111111111111111111111111111111111111111111111111111111111111111111111111111111111111111111111111111111111111111111111111111111111111111111111111111111111111111111111111111111111111111111111111111111111111111111111111111111111111111111111111111111111110
111111111111111111111111111111111111111111111111111111111111111111111111111111111111111111111111111111111111111111111111111111111111111111111111111111111111111111111111111111111111111111111111111111111111111111111111111111111111111111111111111111111111111111111111111111111111111111111111111111111110
111111111111111111111111111111111111111111111111111111111111111111111111111111111111111111111111111111111111111111111111111111111111111111111111111111111111111111111111111111111111111111111111111111111111111111111111111111111111111111111111111111111111111111111111111111111111111111111111111111111110
111111111111111111111111111111111111111111111111111111111111111111111111111111111111111111111111111111111111111111111111111111111111111111111111111111111111111111111111111111111111111111111111111111111111111111111111111111111111111111111111111111111111111111111111111111111111111111111111111111111110
111111111111111111111111111111111111111111111111111111111111111111111111111111111111111111111111111111111111111111111111111111111111111111111111111111111111111111111111111111111111111111111111111111111111111111111111111111111111111111111111111111111111111111111111111111111111111111111111111111111110
111111111111111111111111111111111111111111111111111111111111111111111111111111111111111111111111111111111111111111111111111111111111111111111111111111111111111111111111111111111111111111111111111111111111111111111111111111111111111111111111111111111111111111111111111111111111111111111111111111111110
111111111111111111111111111111111111111111111111111111111111111111111111111111111111111111111111111111111111111111111111111111111111111111111111111111111111111111111111111111111111111111111111111111111111111111111111111111111111111111111111111111111111111111111111111111111111111111111111111111111110
111111111111111111111111111111111111111111111111111111111111111111111111111111111111111111111111111111111111111111111111111111111111111111111111111111111111111111111111111111111111111111111111111111111111111111111111111111111111111111111111111111111111111111111111111111111111111111111111111111111110
111111111111111111111111111111111111111111111111111111111111111111111111111111111111111111111111111111111111111111111111111111111111111111111111111111111111111111111111111111111111111111111111111111111111111111111111111111111111111111111111111111111111111111111111111111111111111111111111111111111110
111111111111111111111111111111111111111111111111111111111111111111111111111111111111111111111111111111111111111111111111111111111111111111111111111111111111111111111111111111111111111111111111111111111111111111111111111111111111111111111111111111111111111111111111111111111111111111111111111111111110
111111111111111111111111111111111111111111111111111111111111111111111111111111111111111111111111111111111111111111111111111111111111111111111111111111111111111111111111111111111111111111111111111111111111111111111111111111111111111111111111111111111111111111111111111111111111111111111111111111111110
111111111111111111111111111111111111111111111111111111111111111111111111111111111111111111111111111111111111111111111111111111111111111111111111111111111111111111111111111111111111111111111111111111111111111111111111111111111111111111111111111111111111111111111111111111111111111111111111111111111110
111111111111111111111111111111111111111111111111111111111111111111111111111111111111111111111111111111111111111111111111111111111111111111111111111111111111111111111111111111111111111111111111111111111111111111111111111111111111111111111111111111111111111111111111111111111111111111111111111111111110
111111111111111111111111111111111111111111111111111111111111111111111111111111111111111111111111111111111111111111111111111111111111111111111111111111111111111111111111111111111111111111111111111111111111111111111111111111111111111111111111111111111111111111111111111111111111111111111111111111111110
111111111111111111111111111111111111111111111111111111111111111111111111111111111111111111111111111111111111111111111111111111111111111111111111111111111111111111111111111111111111111111111111111111111111111111111111111111111111111111111111111111111111111111111111111111111111111111111111111111111110
111111111111111111111111111111111111111111111111111111111111111111111111111111111111111111111111111111111111111111111111111111111111111111111111111111111111111111111111111111111111111111111111111111111111111111111111111111111111111111111111111111111111111111111111111111111111111111111111111111111110
111111111111111111111111111111111111111111111111111111111111111111111111111111111111111111111111111111111111111111111111111111111111111111111111111111111111111111111111111111111111111111111111111111111111111111111111111111111111111111111111111111111111111111111111111111111111111111111111111111111110
111111111111111111111111111111111111111111111111111111111111111111111111111111111111111111111111111111111111111111111111111111111111111111111111111111111111111111111111111111111111111111111111111111111111111111111111111111111111111111111111111111111111111111111111111111111111111111111111111111111110
111111111111111111111111111111111111111111111111111111111111111111111111111111111111111111111111111111111111111111111111111111111111111111111111111111111111111111111111111111111111111111111111111111111111111111111111111111111111111111111111111111111111111111111111111111111111111111111111111111111110
111111111111111111111111111111111111111111111111111111111111111111111111111111111111111111111111111111111111111111111111111111111111111111111111111111111111111111111111111111111111111111111111111111111111111111111111111111111111111111111111111111111111111111111111111111111111111111111111111111111110
111111111111111111111111111111111111111111111111111111111111111111111111111111111111111111111111111111111111111111111111111111111111111111111111111111111111111111111111111111111111111111111111111111111111111111111111111111111111111111111111111111111111111111111111111111111111111111111111111111111110
111111111111111111111111111111111111111111111111111111111111111111111111111111111111111111111111111111111111111111111111111111111111111111111111111111111111111111111111111111111111111111111111111111111111111111111111111111111111111111111111111111111111111111111111111111111111111111111111111111111110
111111111111111111111111111111111111111111111111111111111111111111111111111111111111111111111111111111111111111111111111111111111111111111111111111111111111111111111111111111111111111111111111111111111111111111111111111111111111111111111111111111111111111111111111111111111111111111111111111111111110
111111111111111111111111111111111111111111111111111111111111111111111111111111111111111111111111111111111111111111111111111111111111111111111111111111111111111111111111111111111111111111111111111111111111111111111111111111111111111111111111111111111111111111111111111111111111111111111111111111111110
111111111111111111111111111111111111111111111111111111111111111111111111111111111111111111111111111111111111111111111111111111111111111111111111111111111111111111111111111111111111111111111111111111111111111111111111111111111111111111111111111111111111111111111111111111111111111111111111111111111110
111111111111111111111111111111111111111111111111111111111111111111111111111111111111111111111111111111111111111111111111111111111111111111111111111111111111111111111111111111111111111111111111111111111111111111111111111111111111111111111111111111111111111111111111111111111111111111111111111111111110
111111111111111111111111111111111111111111111111111111111111111111111111111111111111111111111111111111111111111111111111111111111111111111111111111111111111111111111111111111111111111111111111111111111111111111111111111111111111111111111111111111111111111111111111111111111111111111111111111111111110
111111111111111111111111111111111111111111111111111111111111111111111111111111111111111111111111111111111111111111111111111111111111111111111111111111111111111111111111111111111111111111111111111111111111111111111111111111111111111111111111111111111111111111111111111111111111111111111111111111111110
