33333333333333333333333333333333333333333333333333333333333333333333333333333333333333333333333333333333333333333333333333333333333333333333333333333333333333333333333333333333333333333333333333333333
11111111111111111111111111111111111111111111111111111111111111111111111111111111111111111111111111111111111111111111111111111111111111111111111111111111111111111111111111111111111111111111111111111113
11111111111111111111111111111111111111111111111111111111111111111111111111111111111111111111111111111111111111111111111111111111111111111111111111111111111111111111111111111111111111111111111111111113
11111111111111111111111111111111111111111111111111111111111111111111111111111111111111111111111111111111111111111111111111111111111111111111111111111111111111111111111111111111111111111111111111111113
11111111111111111111111111111111111111111111111111111111111111111111111111111111111111111111111111111111111111111111111111111111111111111111111111111111111111111111111111111111111111111111111111111113
11111111111111111111111111111111111111111111111111111111111111111111111111111111111111111111111111111111111111111111111111111111111111111111111111111111111111111111111111111111111111111111111111111113
11111111111111111111111111111111111111111111111111111111111111111111111111111111111111111111111111111111111111111111111111111111111111111111111111111111111111111111111111111111111111111111111111111113
11111111111111111111111111111111111111111111111111111111111111111111111111111111111111111111111111111111111111111111111111111111111111111111111111111111111111111111111111111111111111111111111111111113
11111111111111111111111111111111111111111111111111111111111111111111111111111111111111111111111111111111111111111111111111111111111111111111111111111111111111111111111111111111111111111111111111111113
11111111111111111111111111111111111111111111111111111111111111111111111111111111111111111111111111111111111111111111111111111111111111111111111111111111111111111111111111111111111111111111111111111113
11111111111111111111111111111111111111111111111111111111111111111111111111111111111111111111111111111111111111111111111111111111111111111111111111111111111111111111111111111111111111111111111111111113
11111111111111111111111111111111111111111111111111111111111111111111111111111111111111111111111111111111111111111111111111111111111111111111111111111111111111111111111111111111111111111111111111111113
11111111111111111111111111111111111111111111111111111111111111111111111111111111111111111111111111111111111111111111111111111111111111111111111111111111111111111111111111111111111111111111111111111113
11111111111111111111111111111111111111111111111111111111111111111111111111111111111111111111111111111111111111111111111111111111111111111111111111111111111111111111111111111111111111111111111111111113
11111111111111111111111111111111111111111111111111111111111111111111111111111111111111111111111111111111111111111111111111111111111111111111111111111111111111111111111111111111111111111111111111111113
11111111111111111111111111111111111111111111111111111111111111111111111111111111111111111111111111111111111111111111111111111111111111111111111111111111111111111111111111111111111111111111111111111113
11111111111111111111111111111111111111111111111111111111111111111111111111111111111111111111111111111111111111111111111111111111111111111111111111111111111111111111111111111111111111111111111111111113
11111111111111111111111111111111111111111111111111111111111111111111111111111111111111111111111111111111111111111111111111111111111111111111111111111111111111111111111111111111111111111111111111111113
11111111111111111111111111111111111111111111111111111111111111111111111111111111111111111111111111111111111111111111111111111111111111111111111111111111111111111111111111111111111111111111111111111113
11111111111111111111111111111111111111111111111111111111111111111111111111111111111111111111111111111111111111111111111111111111111111111111111111111111111111111111111111111111111111111111111111111113
11111111111111111111111111111111111111111111111111111111111111111111111111111111111111111111111111111111111111111111111111111111111111111111111111111111111111111111111111111111111111111111111111111113
11111111111111111111111111111111111111111111111111111111111111111111111111111111111111111111111111111111111111111111111111111111111111111111111111111111111111111111111111111111111111111111111111111113
11111111111111111111111111111111111111111111111111111111111111111111111111111111111111111111111111111111111111111111111111111111111111111111111111111111111111111111111111111111111111111111111111111113
11111111111111111111111111111111111111111111111111111111111111111111111111111111111111111111111111111111111111111111111111111111111111111111111111111111111111111111111111111111111111111111111111111113
11111111111111111111111111111111111111111111111111111111111111111111111111111111111111111111111111111111111111111111111111111111111111111111111111111111111111111111111111111111111111111111111111111113
11111111111111111111111111111111111111111111111111111111111111111111111111111111111111111111111111111111111111111111111111111111111111111111111111111111111111111111111111111111111111111111111111111113
11111111111111111111111111111111111111111111111111111111111111111111111111111111111111111111111111111111111111111111111111111111111111111111111111111111111111111111111111111111111111111111111111111113
11111111111111111111111111111111111111111111111111111111111111111111111111111111111111111111111111111111111111111111111111111111111111111111111111111111111111111111111111111111111111111111111111111113
11111111111111111111111111111111111111111111111111111111111111111111111111111111111111111111111111111111111111111111111111111111111111111111111111111111111111111111111111111111111111111111111111111113
11111111111111111111111111111111111111111111111111111111111111111111111111111111111111111111111111111111111111111111111111111111111111111111111111111111111111111111111111111111111111111111111111111113
11111111111111111111111111111111111111111111111111111111111111111111111111111111111111111111111111111111111111111111111111111111111111111111111111111111111111111111111111111111111111111111111111111113
11111111111111111111111111111111111111111111111111111111111111111111111111111111111111111111111111111111111111111111111111111111111111111111111111111111111111111111111111111111111111111111111111111113
11111111111111111111111111111111111111111111111111111111111111111111111111111111111111111111111111113333331311111111111111111111111111111111111111111111111111111111111111111111111111111111111111111113
11111111111111111111111111111111111111111111111111111111111111111111111111111111111111111111111111113333111311111111111111111111111111111111111111111111111111111111111111111111111111111111111111111113
11111111111111111111111111111111111111111111111111111111111111111111111111111111111111111111111111333333313311111111111111111111111111111111111111111111111111111111111111111111111111111111111111111113
11111111111111111111111111111111111111111111111111111111111111111111111111111111111111111111111111333333333311111111111111111111111111111111111111111111111111111111111111111111111111111111111111111113
11111111111111111111111111111111111111111111111111111111111111111111111111111111111111111111111133333333331311111111111111111111111111111111111111111111111111111111111111111111111111111111111111111113
11111111111111111111111111111111111111111111111111111111111111111111111111111111111111111111111133333333333311111111111111111111111111111111111111111111111111111111111111111111111111111111111111111113
11111111111111111111111111111111111111111111111111111111111111111111111111111111111111111111111133333333331311111111111111111111111111111111111111111111111111111111111111111111111111111111111111111113
11111111111111111111111111111111111111111111111111111111111111111111111111111111111111111111111133311331311311111111111111111111111111111111111111111111111111111111111111111111111111111111111111111113
11111111111111111111111111111111111111111111111111111111111111111111111111111111111111111111111131331331333311111111111111111111111111111111111111111111111111111111111111111111111111111111111111111113
11111111111111111111111111111111111111111111111111111111111111111111111111111111111111111111111111111331111111111111111111111111111111111111111111111111111111111111111111111111111111111111111111111113
11111111111111111111111111111111111111111111111111111111111111111111111111111111111111111133333113333333333333333333111111111111111111111111111111111111111111111111111111111111111111111111111111111113
11111111111111111111111111111111111111111111111111111111111111111111111111111111111111111133333113333333333333133333111111111111111111111111111111111111111111111111111111111111111111111111111111111113
11111111111111111111111111111111111111111111111111111111111111111111111111111111111111113333333333333333333333113333111111111111111111111111111111111111111111111111111111111111111111111111111111111113
11111111111111111111111111111111111111111111111111111111111111111111111111111111111111113333333333333333333333333333111111111111111111111111111111111111111111111111111111111111111111111111111111111113
11111111111111111111111111111111111111111111111111111111111111111111111111111111111111113333333333333333333333333333111111111111111111111111111111111111111111111111111111111111111111111111111111111113
11111111111111111111111111111111111111111111111111111111111111111111111111111111111111113333333113333333333333333333111111111111111111111111111111111111111111111111111111111111111111111111111111111113
11111111111111111111111111111111111111111111111111111111111111111111111111111111111111113333333333333333333333333333111111111111111111111111111111111111111111111111111111111111111111111111111111111113
11111111111111111111111111111111111111111111111111111111111111111111111111111111111111113333333333333333333331333311111111111111111111111111111111111111111111111111111111111111111111111111111111111113
11111111111111111111111111111111111111111111133111133311111111111111111111111111111111113333333333333333333331333311111111111111111111111111111111111111111111111111111111111111111111111111111111111113
11111111111111111111111111111111111111111111133111133331111111111111111111111111111111113331133333131333333333333333111111111111111111111111111111111111111111111111111111111111111111111111111111111113
11111111111111111111113311331111111111111111333333333333111111111111111111111111111111113331113333111333333333333333111111111111111111111111111111113333333333331111111111111111111133311111111111111113
11111111111111111111113311331111111111111133333333333333111111111111111111111111111111113333333333333333333333333333111111111111111111111111111111113333333133331111111111111111111133111111111111111113
11111111111111111111333333331111111111111133333333333333111111111111111111111111111111113333333333333333113333333311111111111111111111111111111111113333333333331111111111111111311133311111111111111113
11111111111111111111333333331111111111111133333333333333111111111111111111111111111111113333333333333333331133333333111111111111111111111111111111113333333333331111111111111111311133311111111111111113
11111111111111111133333333333333333333333333333333333333111111111111111111111111111111113333333333113333111333333333111111111111111111111111111111113333333333333333333333333333333333333311111111111113
11111111111111111133333333333333333333333333333333333333111111111111111111111111111111113311111333113333111111333111111111111111111111111111111111113333333333333333333333333333333333333311111111111113
11111111111111111133333333333333333333333333333333333333111111111111111111111111111111111111111111113333111133333111111111111111111111111111111111113333313333333333333333333333333333333311111111111113
11111111111111111111333333333333333333333333333333333333111111111111111111111111111111111111111111113333111133333111111111111111111111111111111111113333333333333133333333333333333333333311111111111113
11111111111111111111331333331111111111111113333333333333111111111111111111111111111111111111111111113333111111111111111111111111111111111111111111113333333333333311111111111111331113311111111111111113
11111111111111111111333333331111111111111113333333333333111111111111111111111111111111111111111111113333111111111111111111111111111111111111111111113333333333331111111111111111331113311111111111111113
11111111111111111111113333311111111111111133333333333333111111111111111111111111111111111111111111113333111111111111111111111111111111111111111111111133333333331111111111111111131113311111111111111113
11111111111111111111113333111111111111111131333333333333111111111111111111111111111111111111111111113333111111111111111111111111111111111111111111111113333333331111111111111111111113311111111111111113
11111111111111111111111111111111111111111111313333333331111111111111111111111111111111111111111111113333111111111111111111111111111111111111111111111111333333331111111111111111111111111111111111111113
11111111111111111111111111111111111111111111313333333311111111111111111111111111111111111111111111113333111111111111111111111111111111111111111111111111333333333311111111111111111111111111111111111113
11111111111111111111111111111111111111111111111333311111111111111111111111111111111111111111111111113333111111111111111111111111111111111111111111111111133331111111111111111111111111111111111111111113
11111111111111111111111111111111111111111111111333311111111111111111111111111111111111111111111111113333111111111111111111111111111111111111111111111111133331111111111111111111111111111111111111111113
11111111111111111111111111111111111111111111113333331111111111111111111111111111111111111111111111113333111111111111111111111111111111111111111111111111333333111111111111111111111111111111111111111113
11111111111111111111111111111111111111111111113333331111111111111111111111111111111111111111111111113333111111111111111111111111111111111111111111111111333333111111111111111111111111111111111111111113
11111111111111111111111111111111111111111111113333331111111111111111111111111111111111111111111111113333111111111111111111111111111111111111111111111111333333111111111111111111111111111111111111111113
11111111111111111111111111111111111111111111113333331111111111111111111111111111111111111111111111113333111111111111111111111111111111111111111111111111333333111111111111111111111111111111111111111113
11111111111111111111111111111111111111111111113333331111111111111111111111111111111111111111111111113333111111111111111111111111111111111111111111111111333333111111111111111111111111111111111111111113
11111111111111111111111111111111111111111111113333331111111111111111111111111111111111111111111111113333111111111111111111111111111111111111111111111111333333111111111111111111111111111111111111111113
11111111111111111111111111111111111111111111111333311111111111111111111111111111111111111111111111333333331111111111111111111111111111111111111111111111333333111111111111111111111111111111111111111113
11111111111111111111111111111111111111111111111133111111111111111111111111111111111111111111111111333333331111111111111111111111111111111111111111111111333333111111111111111111111111111111111111111113
11111111111111111111111111111111111111111111111111111111111111111111111111111111111111111111111111333333331111111111111111111111111111111111111111111111111111111111111111111111111111111111111111111113
11111111111111111111111111111111111111111111111111111111111111111111111111111111111111111111111111333333131111111111111111111111111111111111111111111111111111111111111111111111111111111111111111111113
11111111111111111111111111111111111111111111111111111111111111111111111111111111111111111111111111333333331111111111111111111111111111111111111111111111111111111111111111111111111111111111111111111113
11111111111111111111111111111111111111111111111111111111111111111111111111111111111111111111111111133333311111111111111111111111111111111111111111111111111111111111111111111111111111111111111111111113
11111111111111111111111111111111111111111111111111111111111111111111111111111111111111111111111111333333331111111111111111111111111111111111111111111111111111111111111111111111111111111111111111111113
11111111111111111111111111111111111111111111111111111111111111111111111111111111111111111111111111333333331111111111111111111111111111111111111111111111111111111111111111111111111111111111111111111113
11111111111111111111111111111111111111111111111111111111111111111111111111111111111111111111111111111111111111111111111111111111111111111111111111111111111111111111111111111111111111111111111111111113
11111111111111111111111111111111111111111111111111111111111111111111111111111111111111111111111111111111111111111111111111111111111111111111111111111111111111111111111111111111111111111111111111111113
11111111111111111111111111111111111111111111111111111111111111111111111111111111111111111111111111111111111111111111111111111111111111111111111111111111111111111111111111111111111111111111111111111113
11111111111111111111111111111111111111111111111111111111111111111111111111111111111111111111111111111111111111111111111111111111111111111111111111111111111111111111111111111111111111111111111111111113
11111111111111111111111111111111111111111111111111111111111111111111111111111111111111111111111111111111111111111111111111111111111111111111111111111111111111111111111111111111111111111111111111111113
11111111111111111111111111111111111111111111111111111111111111111111111111111111111111111111111111111111111111111111111111111111111111111111111111111111111111111111111111111111111111111111111111111113
11111111111111111111111111111111111111111111111111111111111111111111111111111111111111111111111111111111111111111111111111111111111111111111111111111111111111111111111111111111111111111111111111111113
11111111111111111111111111111111111111111111111111111111111111111111111111111111111111111111111111111111111111111111111111111111111111111111111111111111111111111111111111111111111111111111111111111113
11111111111111111111111111111111111111111111111111111111111111111111111111111111111111111111111111111111111111111111111111111111111111111111111111111111111111111111111111111111111111111111111111111113
11111111111111111111111111111111111111111111111111111111111111111111111111111111111111111111111111111111111111111111111111111111111111111111111111111111111111111111111111111111111111111111111111111113
11111111111111111111111111111111111111111111111111111111111111111111111111111111111111111111111111111111111111111111111111111111111111111111111111111111111111111111111111111111111111111111111111111113
11111111111111111111111111111111111111111111111111111111111111111111111111111111111111111111111111111111111111111111111111111111111111111111111111111111111111111111111111111111111111111111111111111113
11111111111111111111111111111111111111111111111111111111111111111111111111111111111111111111111111111111111111111111111111111111111111111111111111111111111111111111111111111111111111111111111111111113
11111111111111111111111111111111111111111111111111111111111111111111111111111111111111111111111111111111111111111111111111111111111111111111111111111111111111111111111111111111111111111111111111111113
11111111111111111111111111111111111111111111111111111111111111111111111111111111111111111111111111333333331111111111111111111111111111111111111111111111111111111111111111111111111111111111111111111113
11111111111111111111111111111111111111111111111111111111111111111111111111111111111111111111111111333333331111111111111111111111111111111111111111111111111111111111111111111111111111111111111111111113
11111111111111111111111111111111111111111111113333331111111111111111111111111111111111111111111111133333311111111111111111111111111111111111111111111111333333111111111111111111111111111111111111111113
11111111111111111111111111111111111111111111113333331111111111111111111111111111111111111111111111333333331111111111111111111111111111111111111111111111333333111111111111111111111111111111111111111113
11111111111111111111111111111111111111111111113333331111111111111111111111111111111111111111111111333333331111111111111111111111111111111111111111111111333333111111111111111111111111111111111111111113
11111111111111111111111111111111111111111111113333331111111111111111111111111111111111111111111111333333331111111111111111111111111111111111111111111111333333111111111111111111111111111111111111111113
11111111111111111111111111111111111111111111113333331111111111111111111111111111111111111111111111333333331111111111111111111111111111111111111111111111333333111111111111111111111111111111111111111113
11111111111111111111111111111111111111111111113333331111111111111111111111111111111111111111111111333333331111111111111111111111111111111111111111111111333333111111111111111111111111111111111111111113
11111111111111111111111111111111111111111111113333331111111111111111111111111111111111111111111111333333331111111111111111111111111111111111111111111111333333111111111111111111111111111111111111111113
11111111111111111111111111111111111111111111113333331111111111111111111111111111111111111111111111333333331111111111111111111111111111111111111111111111333333111111111111111111111111111111111111111113
11111111111111111111111111111111111111111111113333331111111111111111111111111111111111111111111111133333311111111111111111111111111111111111111111111111333333111111111111111111111111111111111111111113
11111111111111111111111111111111111111111111113333331111111111111111111111111111111111111111111111133333311111111111111111111111111111111111111111111111333333111111111111111111111111111111111111111113
11111111111111111111111111111111111111111111113333331111111111111111111111111111111111111111111111333333331111111111111111111111111111111111111111111111333333111111111111111111111111111111111111111113
11111111111111111111111111111111111111111111111333311111111111111111111111111111111111111111111111333333331111111111111111111111111111111111111111111111333333111111111111111111111111111111111111111113
11111111111111111111111111111111111111111111111333311111111111111111111111111111111111111111111111333333331111111111111111111111111111111111111111111111333333111111111111111111111111111111111111111113
11111111111111111111111111111111111111111111113333331111111111111111111111111111111111111111111111333333331111111111111111111111111111111111111111111111133331111111111111111111111111111111111111111113
11111111111111111111111111111111111111111111113333331111111111111111111111111111111111111111111111333333331111111111111111111111111111111111111111111111133331111111111111111111111111111111111111111113
11111111111111111111111111111111111111111111113333331111111111111111111111111111111111111111111111333333331111111111111111111111111111111111111111111111333333111111111111111111111111111111111111111113
11111111111111111111111111111111111111111111113333331111111111111111111111111111111111111111111111133333311111111111111111111111111111111111111111111111333333111111111111111111111111111111111111111113
11111111111111111111111111111111111111111111113333331111111111111111111111111111111111111111111111133333311111111111111111111111111111111111111111111111333333111111111111111111111111111111111111111113
11111111111111111111111111111111111111111111113333331111111111111111111111111111111111111111111111333333331111111111111111111111111111111111111111111111333333111111111111111111111111111111111111111113
11111111111111111111111111111111111111111111113333331111111111111111111111111111111111111111111111333333331111111111111111111111111111111111111111111111333333111111111111111111111111111111111111111113
11111111111111111111111111111111111333331333113333331111111111111111111111111111111111111111111111333333331111111111111111111111111111111111111111111111333333113333311113331111111111111111111111111113
11111111111111111111111111111111111333311133113313331111111111111111111111111111111111111111111111333333331111111111111111111111111111111111111111111111333333113333311113311111111111111111111111111113
11111111111111111111111111111111333333333331113333331111111111111111111111111111111111111111111111333333331111111111111111111111111111111111111111111111333333113333333333331111111111111111111111111113
11111111111111111111111111111111333333333331113333331111111111111111111111111111111111111111111111333333331111111111111111111111111111111111111111111111333333113333333333111111111111111111111111111113
11111111111111111111111111111111333333333333111333311111111111111111111111111111111111111111111111333333331111111111111111111111111111111111111111111111133331113333333333111111111111111111111111111113
11111111111111111111111111111111333333333333111333311111111111111111111111111111111111111111111111133333311111111111111111111111111111111111111111111111133331113333333333111111111111111111111111111113
11111111111111111111111111111131111331133333113333311133333333113311111111111111331333333333313333333333333333133333333331331111111111111133113333333311333333113333311333333311111111111111111111111113
11111111111111111111111111111131111331133333333333333333333333333311111111111111333333333333333333333333333333333333133333331111111111111133333333333333333333333333311333111111111111111111111111111113
11111111111111111111111111111131113333133333333333333333333333333311111111111111333333333333333333333333333333333333333333331111111111111133333333333333333333333333311333111111111111111111111111111113
11111111111111111111111111111133333331333333333333333333333333333311111111111111333333333333333333333333333333333333333333331111111111111133333333333113333333333333331333111111111111111111111111111113
11111111111111111111111111111133313333333333333333333333333333333311111111111111333333333333333333333333333333333333333333331111111111111133333333333333333333333333333333333311111111111111111111111113
11111111111111111111111111111111113333333333113333331133333333113311111111111111331333333333313333333333333333133333333331331111111111111133113333333311333333113333333333111111111111111111111111111113
11111111111111111111111111111111113333333333111333311111111111111111111111111111111111111111113333333333333333111111111111111111111111111111111111111111133331113333331113111111111111111111111111111113
11111111111111111111111111111111133333333333111333311111111111111111111111111111111111111111113333333333133333111111111111111111111111111111111111111111133331113333331113111111111111111111111111111113
11111111111111111111111111111111111333331133113333331111111111111111111111111111111111111133333333333333133333333311111111111111111111111111111111111111333333113133333113311111111111111111111111111113
11111111111111111111111111111111111333331113113333331111111111111111111111111111111111111133333333333333333333333311111111111111111111111111111111111111333333113113333113311111111111111111111111111113
11111111111111111111111111111111111111111111113333331111111111111111111111111111111111111133333333333333333333331111111111111111111111111111111111111111333333111111111111111111111111111111111111111113
11111111111111111111111111111111111111111111113333331111111111111111111111111111111111111133333333333333333333333311111111111111111111111111111111111111333333111111111111111111111111111111111111111113
11111111111111111111111111111111111111111111113333331111111111111111111111111111111111111133331333333333333333333311111111111111111111111111111111111111333333111111111111111111111111111111111111111113
11111111111111111111111111111111111111111111113333331111111111111111111111111111111111111133333333333333333333333311111111111111111111111111111111111111333333111111111111111111111111111111111111111113
11111111111111111111111111111111111111111111113333331111111111111111111111111111111111111111333333333333333333333311111111111111111111111111111111111111333333111111111111111111111111111111111111111113
11111111111111111111111111111111111111111111113333331111111111111111111111111111111111111111331331331331331331333311111111111111111111111111111111111111333333111111111111111111111111111111111111111113
11111111111111111111111111111111111111111111113333331111111111111111111111111111111111111111331331331331331331333311111111111111111111111111111111111111333333111111111111111111111111111111111111111113
11111111111111111111111111111111111111111111113133131111111111111111111111111111111111111111111331331331331331111111111111111111111111111111111111111111313313111111111111111111111111111111111111111113
11111111111111111111111111111111111111111111113133131111111111111111111111111111111111111133333331111331111333331311111111111111111111111111111111111111313313111111111111111111111111111111111111111113
11111111111111111111111111111111111111111111113133131111111111111111111111111111111111111133333333133333333333331311111111111111111111111111111111111111313313111111111111111111111111111111111111111113
11111111111111111111111111111111111111111111111133111111111111111111111111111111111111111111333333333333333333333311111111111111111111111111111111111111113311111111111111111111111111111111111111111113
11111111111111111111111111111111111111111111113333331111111111111111111111111111111111111111333333333333333333333311111111111111111111111111111111111111333333111111111111111111111111111111111111111113
11111111111111111111111111111111111111113333113333331133331111111111111111111111111111111133333333333333333333333311111111111111111111111111113333333311333333113333333311111111111111111111111111111113
11111111111111111111111111111111111111113333113333331111331331111111111111111111111111111133333333333333333333333311111111111111111111111111111133333311333333113333333311111111111111111111111111111113
11111111111111111111111111111111111113333333111333311113333331111111111111111111111111111133333333333333333333333311111111111111111111111111113333333311133331113333333311111111111111111111111111111113
11111111111111111111111111111111111133333333111333311133333311111111111111111111111111111133333333333333333333333311111111111111111111111111113333333311133331113333333311111111111111111111111111111113
11111111111111111111111111111111111133333333333333333333333333111111111111111111111111111133333333333333333333331111111111111111111111111111113333333333333333333333333311111111111111111111111111111113
11111111111111111111111111111111111133333333333333333333333333111111111111111111111111111133333333333333333333111111111111111111111111111111111133333333333333333333331111111111111111111111111111111113
11111111111111111111111111111111111133333333333333333333333333111111111111111111111111111133333113333333333113331111111111111111111111111111111113333333333333333333331111111111111111111111111111111113
11111111111111111111111111111111111113333333333333333333333333111111111111111111111111111111333333333333333113333311111111111111111111111111111113331133333333333333331111111111111111111111111111111113
11111111111111111111111111111111111133333333333333333333333311111111111111111111111111111111331133331331331333331311111111111111111111111111111133333333333333333333331111111111111111111111111111111113
11111111111111111111111111111111111133333333333333333333333331111111111111111111111111111111331133331331331333333311111111111111111111111111113333333333333333333333333311111111111111111111111111111113
11111111111111111111111111111111111133333333333333333333333333111111111111111111111111111111111111331331111111111111111111111111111111111111113333333313333333313333333311111111111111111111111111111113
11111111111111111111111111111111111133333333133133133133333333111111111111111111111111111111111111111331111111111111111111111111111111111111113333333313313313313333333311111111111111111111111111111113
11111111111111111111111111111111111131333333133133133133333333111111111111111111111111111111111111333333331111111111111111111111111111111111113333333313313313313333333311111111111111111111111111111113
11111111111111111111111111111111111111133333133133133133333333111111111111111111111111111111111111333333331111111111111111111111111111111111111111111113313313311111111111111111111111111111111111111113
11111111111111111111111111111111111133111111133111133111111111111111111111111111111111111111111111333333331111111111111111111111111111111111113333313333311113333333333311111111111111111111111111111113
11111111111111111111111111111111111133333333333333333333333311111111111111111111111111111111111111333333331111111111111111111111111111111111113333313333333333333333331111111111111111111111111111111113
11111111111111111111111111111111111133333333333331333333333333111111111111111111111111111111111111333333331111111111111111111111111111111111113333333333333333333333333311111111111111111111111111111113
11111111111111111111111111111111111133333333331113333333333113111111111111111111111111111111111111333333331111111111111111111111111111111111111133333333333133333333333311111111111111111111111111111113
11111111111111111111111111111111111111113333331113333333331111111111111111111111111111111111111111333333331111111111111111111111111111111111111113333333311133333333111311111111111111111111111111111113
11111111111111111111111111111111111111113333331113333331111111111111111111111111111111111111111111333333331111111111111111111111111111111111111113333333311113333333111311111111111111111111111111111113
11111111111111111111111111111111111111113333333333333331111111111111111111111111111111111111113333333333333311111111111111111111111111111111111111313333311113333333111111111111111111111111111111111113
11111111111111111111111111111111111111113333333333113331111111111111111111111111111111111111113333133333331311111111111111111111111111111111111111111333311113333311111111111111111111111111111111111113
11111111111111111111111111111111111111111133333333113333111111111111111111111111111111111111113333333333333331111111111111111111111111111111111111113333331133311111111111111111111111111111111111111113
11111111111111111111111111111111111111111133333111111311111111111111111111111111111111111111113333333333333333111111111111111111111111111111111111113333331133311111111111111111111111111111111111111113
11111111111111111111111111111111111111111111111111111111111111111111111111111111111111111111113333333333333333111111111111111111111111111111111111111113333331111111111111111111111111111111111111111113
11111111111111111111111111111111111111111111111111111111111111111111111111111111111111111111111333333333333333111111111111111111111111111111111111111113333331111111111111111111111111111111111111111113
11111111111111111111111111111111111111111111111111111111111111111111111111111111111111111111111333333333333333111111111111111111111111111111111111111111111111111111111111111111111111111111111111111113
11111111111111111111111111111111111111111111111111111111111111111111111111111111111111111111113333313333133333111111111111111111111111111111111111111111111111111111111111111111111111111111111111111113
11111111111111111111111111111111111111111111111111111111111111111111111111111111111111111111113333113333113333111111111111111111111111111111111111111111111111111111111111111111111111111111111111111113
11111111111111111111111111111111111111111111111111111111111111111111111111111111111111111111113333113333113333111111111111111111111111111111111111111111111111111111111111111111111111111111111111111113
11111111111111111111111111111111111111111111111111111111111111111111111111111111111111111111111311111111113311111111111111111111111111111111111111111111111111111111111111111111111111111111111111111113
11111111111111111111111111111111111111111111111111111111111111111111111111111111111111111111111111111111113311111111111111111111111111111111111111111111111111111111111111111111111111111111111111111113
11111111111111111111111111111111111111111111111111111111111111111111111111111111111111111111111111111111111111111111111111111111111111111111111111111111111111111111111111111111111111111111111111111113
11111111111111111111111111111111111111111111111111111111111111111111111111111111111111111111111111111111111111111111111111111111111111111111111111111111111111111111111111111111111111111111111111111113
11111111111111111111111111111111111111111111111111111111111111111111111111111111111111111111111111111111111111111111111111111111111111111111111111111111111111111111111111111111111111111111111111111113
11111111111111111111111111111111111111111111111111111111111111111111111111111111111111111111111111111111111111111111111111111111111111111111111111111111111111111111111111111111111111111111111111111113
11111111111111111111111111111111111111111111111111111111111111111111111111111111111111111111111111111111111111111111111111111111111111111111111111111111111111111111111111111111111111111111111111111113
11111111111111111111111111111111111111111111111111111111111111111111111111111111111111111111111111111111111111111111111111111111111111111111111111111111111111111111111111111111111111111111111111111113
11111111111111111111111111111111111111111111111111111111111111111111111111111111111111111111111111111111111111111111111111111111111111111111111111111111111111111111111111111111111111111111111111111113
11111111111111111111111111111111111111111111111111111111111111111111111111111111111111111111111111111111111111111111111111111111111111111111111111111111111111111111111111111111111111111111111111111113
11111111111111111111111111111111111111111111111111111111111111111111111111111111111111111111111111111111111111111111111111111111111111111111111111111111111111111111111111111111111111111111111111111113
11111111111111111111111111111111111111111111111111111111111111111111111111111111111111111111111111111111111111111111111111111111111111111111111111111111111111111111111111111111111111111111111111111113
11111111111111111111111111111111111111111111111111111111111111111111111111111111111111111111111111111111111111111111111111111111111111111111111111111111111111111111111111111111111111111111111111111113
11111111111111111111111111111111111111111111111111111111111111111111111111111111111111111111111111111111111111111111111111111111111111111111111111111111111111111111111111111111111111111111111111111113
11111111111111111111111111111111111111111111111111111111111111111111111111111111111111111111111111111111111111111111111111111111111111111111111111111111111111111111111111111111111111111111111111111113
11111111111111111111111111111111111111111111111111111111111111111111111111111111111111111111111111111111111111111111111111111111111111111111111111111111111111111111111111111111111111111111111111111113
11111111111111111111111111111111111111111111111111111111111111111111111111111111111111111111111111111111111111111111111111111111111111111111111111111111111111111111111111111111111111111111111111111113
11111111111111111111111111111111111111111111111111111111111111111111111111111111111111111111111111111111111111111111111111111111111111111111111111111111111111111111111111111111111111111111111111111113
11111111111111111111111111111111111111111111111111111111111111111111111111111111111111111111111111111111111111111111111111111111111111111111111111111111111111111111111111111111111111111111111111111113
11111111111111111111111111111111111111111111111111111111111111111111111111111111111111111111111111111111111111111111111111111111111111111111111111111111111111111111111111111111111111111111111111111113
11111111111111111111111111111111111111111111111111111111111111111111111111111111111111111111111111111111111111111111111111111111111111111111111111111111111111111111111111111111111111111111111111111113
11111111111111111111111111111111111111111111111111111111111111111111111111111111111111111111111111111111111111111111111111111111111111111111111111111111111111111111111111111111111111111111111111111113
11111111111111111111111111111111111111111111111111111111111111111111111111111111111111111111111111111111111111111111111111111111111111111111111111111111111111111111111111111111111111111111111111111113
11111111111111111111111111111111111111111111111111111111111111111111111111111111111111111111111111111111111111111111111111111111111111111111111111111111111111111111111111111111111111111111111111111113
