000000000000000000000000000000000000000000000000000000000000000000000000000000000000000000000000000000000000000000000000000000000000000000000000000000000000000000000000000000000000000000000000000000000000000000000000000000000000000000000000000000000000000000000000000000000000000000000000000000000000
111111111111111111111111111111111111111111111111111111111111111111111111111111111111111111111111111111111111111111111111111111111111111111111111111111111111111111111111111111111111111111111111111111111111111111111111111111111111111111111111111111111111111111111111111111111111111111111111111111111110
111111111111111111111111111111111111111111111111111111111111111111111111111111111111111111111111111111111111111111111111111111111111111111111111111111111111111111111111111111111111111111111111111111111111111111111111111111111111111111111111111111111111111111111111111111111111111111111111111111111110
111111111111111111111111111111111111111111111111111111111111111111111111111111111111111111111111111111111111111111111111111111111111111111111111111111111111111111111111111111111111111111111111111111111111111111111111111111111111111111111111111111111111111111111111111111111111111111111111111111111110
111111111111111111111111111111111111111111111111111111111111111111111111111111111111111111111111111111111111111111111111111111111111111111111111111111111111111111111111111111111111111111111111111111111111111111111111111111111111111111111111111111111111111111111111111111111111111111111111111111111110
111111111111111111111111111111111111111111111111111111111111111111111111111111111111111111111111111111111111111111111111111111111111111111111111111111111111111111111111111111111111111111111111111111111111111111111111111111111111111111111111111111111111111111111111111111111111111111111111111111111110
111111111111111111111111111111111111111111111111111111111111111111111111111111111111111111111111111111111111111111111111111111111111111111111111111111111111111111111111111111111111111111111111111111111111111111111111111111111111111111111111111111111111111111111111111111111111111111111111111111111110
111111111111111111111111111111111111111111111111111111111111111111111111111111111111111111111111111111111111111111111111111111111111111111111111111111111111111111111111111111111111111111111111111111111111111111111111111111111111111111111111111111111111111111111111111111111111111111111111111111111110
111111111111111111111111111111111111111111111111111111111111111111111111111111111111111111111111111111111111111111111111111111111111111111111111111111111111111111111111111111111111111111111111111111111111111111111111111111111111111111111111111111111111111111111111111111111111111111111111111111111110
111111111111111111111111111111111111111111111111111111111111111111111111111111111111111111111111111111111111111111111111111111111111111111111111111111111111111111111111111111111111111111111111111111111111111111111111111111111111111111111111111111111111111111111111111111111111111111111111111111111110
111111111111111111111111111111111111111111111111111111111111111111111111111111111111111111111111111111111111111111111111111111111111111111111111111111111111111111111500000000000000000000000100000000000000000000000000000000000111111111111111111111111111111111111111111111111111111111111111111111111110
111111111111111111111111111111111111111111111111111111111111111111111111111111111111111111111111111111111111111111111111111111111111111111111111111111111111111111110000000000000000000000000110000000000000000000000000000000000011111111111111111111111111111111111111111111111111111111111111111111111110
111111111111111111111111111111111111111111111111111111111111111111111111111111111111111111111111111111111111111111111111111111111111111111111111111111111111111111550000000000000000000000000000000000000000000000000000000000000011111111111111111111111111111111111111111111111111111111111111111111111110
111111111111111111111111111111111111111111111111111111111111111111111111111111111111111111111111111111111111111111111111111111111111111111111111111111111111111111000000000000000000000000000000000000000000000000000000000000000011111111111111111111111111111111111111111111111111111111111111111111111110
111111111111111111111111111111111111111111111111111111111111111111111111111111111111111111111111111111111111111111111111111111111111111111111111111111111111111111000000000000000000000000000000000000000000000000000000000000000011111111111111111111111111111111111111111111111111111111111111111111111110
111111111111111111111111111111111111111111111111111111111111111111111111111111111111111111111111111111111111111111111111111111111111111111111111111111111111111110000000000000000000000000000000000000000000000000000000000000000011111111111111111111111111111111111111111111111111111111111111111111111110
111111111111111111111111111111111111111111111111111111111111111111111111111111111111111111111111111111111111111111111111111111111111111111111111111111111111111100000000000000000000000000000000000000000100000000000000000000000001111111111111111111111111111111111111111111111111111111111111111111111110
111111111111111111111111111111111111111111111111111111111111111111111111111111111111111111111111111111111111111111111111111111111111111111111111111111111111111000000000000000000000000000000000000000000000000000000000000000000000111111111111111111111111111111111111111111111111111111111111111111111110
111111111111111111111111111111111111111111111111111111111111111111111111111111111111111111111111111111111111111111111111111111111111111111111111111111111110000000000111111111111111111111111111111111110000000000000000000000000000000000000000001111111111111111111111111111111111111111111111111111111110
111111111111111111111111111111111111111111111111111111111111111111111111111111111111111111111111111111111111111111111111111111111111111111111111111111111100000000001111111111111111111111111111111111111000000000000000000000000000000000000000000111111111111111111111111111111111111111111111111111111110
111111111111111111111111111111111111111111111111111111111111111111111111111111111111111111111111111111111111111111111111111111111111111111111111111111111100000000011111111111111111111111111111111111111100000000000000000000000000000000000000000111111111111111111111111111111111111111111111111111111110
111111111111111111111111111111111111111111111111111111111111111111111111111111111111111111111111111111111111111111111111111111111111111111111111111111111100000000111111111111111111111111111111111111111100000000000000000000000000000000000000000111111111111111111111111111111111111111111111111111111110
111111111111111111111111111111111111111111111111111111111111111111111111111111111111111111111111111111111111111111111111111111111111111111111111111111111100000000111111111111111111111111111111111111111100000011000000000000000011000000000000000111111111111111111111111111111111111111111111111111111110
111111111111111111111111111111111111111111111111111111111111111111111111111111111111111111111111111111111111111111111111111111111111111111111111111111111000000000111111111111111111111111111111111111111100000111001111000000000011000000000000000111111111111111111111111111111111111111111111111111111110
111111111111111111111111111111111111111111111111111111111111111111111111111111111111111111111111111111111111111111111111111111111111111111111111111111110000000000111111111111111111111111111111111111111100001111001110000000000000000000000000000011111111111111111111111111111111111111111111111111111110
111111111111111111111111111111111111111111111111111111111111111111111111111111111111111111111111111111111111111111111111111111111111111111111111111111100000000001111111111111111111111111111111111111111100000110001110000000000110000000000000000001111111111111111111111111111111111111111111111111111110
111111111111111111111111111111111111111111111111111111111111111111111111111000000000000000000000000000000111111111111111111111111100110000000000000000000000011111111111111111111111111111111111111111111100000000000100000000000110000000000000000000000000000001111111111111111111111111111111111111111110
111111111111111111111111111111111111111111111111111111111111111111111111110050000000000000000000000000000011111111111111111111111100000000000000000000000000111111111111111111111111111111111111111111111100000000000000000500000000000000000000000000000000000000111111111111111111111111111111111111111110
111111111111111111111111111111111111111111111111111111111111111111111111115000000000000000000000000000000011111111111111111111111101100000000000000000000001111111111111111111111111111111111111111111111100000000000000000000000000000000000000000000000000000000111111111111111111111111111111111111111110
111111111111111111111111111111111111111111111111111111111111111111111111110000000000000000000000000000000011111111111111111111111100000000000000000000000011111111111111111111111111111111111111111111111100000000000000005000500000000000000000000000000000000000111111111111111111111111111111111111111110
111111111111111111111111111111111111111111111111111111111111111111111111110000000000000000000000000000000011111111111111111111111100000000000000000000000011111111111111111111111111111111111111111111111100000000000000000000000000000000000000000000000000000000111111111111111111111111111111111111111110
111111111111111111111111111111111111111111111111111111111111111111111111110000000000000000000000000000000011111111111111111111111000000000000000000000000011111111111111111111111111111111111111111111111100000000000000000000000000000000000000000000000000000000111111111111111111111111111111111111111110
111111111111111111111111111111111111111111111111111111111111111111111111100000000000000000000000000000000001111111111111111111110000000000000000000000000011111111111111111111111111111111111111111111111100000000000000001100000000000000000000000000000000000000011111111111111111111111111111111111111110
111111111111111111111111111111111111111111111111111111111111111111111111000000000000000000000000000000000000111111111111111111100000000000000000000000000111111111111111111111111111111111111111111111111110000000000000011110000000000000000000000000000000000000001111111111111111111111111111111111111110
111111111111111111111111111111111111111111111111111111111111111111100000000000000000111111111111000000000000000000000000000000000000001111111111111111111111111111111111111111111111111111111111111111111111111100000000011110000000011111111111111111110000000000000000011111111111111111111111111111111110
111111111111111111111111111111111111111111111111111111111111111111000000000000000001111111111111100000000000000000000000000000000000011111111111111111111111111111111111111111111111111111111111111111111111111110000000011110000000111111111111111111111000000000000000011111111111111111111111111111111110
111111111111111111111111111111111111111111111111111111111111111111000000000000000011111111111111110000000000000000000000000000000000111111111111111111111111111111111111111111111111111111111111111111111111111111000000000000000001111111111111111111111100000000000000001111111111111111111111111111111110
111111111111111111111111111111111111111111111111111111111111111111000000000000000011111111111111110000000000000000000000000000000001111111111111111111111111111111111111111111111111111111111111111111111111111111000000000000000001111111111111111111111100000000000000001111111111111111111111111111111110
111111111111111111111111111111111111111111111111111111111111111111000000000000000011111111111111110000000000000000000000000000000111111111111111111111111111111111111111111111111111111111111111111111111111111111000000000000000001111111111111111111111100000000000000001111111111111111111111111111111110
111111111111111111111111111111111111111111111111111111111111111111000000000000000011111111111111110000000000000000000000000000000111111111111111111111111111111111111111111111111111111111111111111111111111111111111100000000000001111111111111111111111150000000000000001111111111111111111111111111111110
111111111111111111111111111111111111111111111111111111111111111110000000000000000011111111111111110000000000000000000000000000000111111111111111111111111111111111111111111111111111111111111111111111111111111111111100000000000001111111111111111111111100500000000000000011111111111111111111111111111110
111111111111111111111111111111111111111111111111111111111111111100000000000000000111111111111111111000000000000000000000000000010111111111111111111111111111111111111111111111111111111111111111111111111111111111111100000000000001111111111111111111111100500000000000000000001111111111111111111111111110
111111111111111111111111111111111111111111111111111111111110000000000000000011111111111111111111111111111111111111111111111111111111111111111111111111111111111111111111111111111111111111111111111111111111111111000000000000000001111111111111111111111111111111111111000000001111111111111111111111111110
111111111111111111111111111111111111111111111111111111111100000000000000000111111111111111111111111111111111111111111111111111111111111111111111111111111111111111111111111111111111111111111111111111111111111111000000000000000001111111111111111111111111111111111111100000001111111111111111111111111110
111111111111111111111111111111111111111111111111111111111100000000000000001111111111111111111111111111111111111111111111111111111111111111111111111111111111111111111111111111111111111111111111111111111111111111000000000000000001111111111111111111111111111111111111110000001111111111111111111111111110
111111111111111111111111111111111111111111111111111111111100000000000000001111111111111111111111111111111111111111111111111111111111111111111111111111111111111111111111111111111111111111111111111111111111111111000000000000000001111111111111111111111111111111111111110000001111111111111111111111111110
111111111111111111111111111111111111111111111111111111111100000000000000001111111111111111111111111111111111111111111111111111111111111111111111111111111111111111111111111111111111111111111111111111111111111111000000000000111001111111111111111111111111111111111111110000000011111111111111111111111110
111111111111111111111111111111111111111111111111111111111000000000000000001111111111111111111111111111111111111111111111111111111111111111111111111111111111111111111111111111111111111111111111111111111111111111000000000001111001111111111111111111111111111111111111110000000011111111111111111111111110
111111111111111111111111111111111111111111111111111111110000000000000000001111111111111111111111111111111111111111111111111111111111111111111111111111111111111111111111111111111111111111111111111111111111111111001100000000110001111111111111111111111111111111111111110000000001111111111111111111111110
111111111111111111111111111111111111111111111111111111100000000000000010011111111111111111111111111111111111111111111111111111111111111111111111111111111111111111111111111111111111111111111111111111111111111111111100000000010001111111111111111111111111111111111111110000000000111111111111111111111110
111111111111111111111111111111111111111111111111111000000000011111111111111111111111111111111111111111111111111111111111111111111111111111111111111111111111111111111111111111111111111111111111111111111111111111111111000000000001111111111111111111111111111111111111110000000000000011111111111111111110
111111111111111111111111111111111111111111111111110000000000111111111111111111111111111111111111111111111111111111111111111111111111111111111111111111111111111111111111111111111111111111111111111111111111111111111111100000000001111111111111111111111111111111111111110000000000000011111111111111111110
111111111111111111111111111111111111111111111111110000000001111111111111111111111111111111111111111111111111111111111111111111111111111111111111111111111111111111111111111111111111111111111111111111111111111111111111100000000001111111111111111111111111111111111111110000000000000011111111111111111110
111111111111111111111111111111111111111111111111110000000011111111111111111111111111111111111111111111111111111111111111111111111111111111111111111111111111111111111111111111111111111111111111111111111111111111111111100000000001111111111111111111111111111111111111110000000000000000111111111111111110
111111111111111111111111111111111111111111111111110000000011111111111111111111111111111111111111111111111111111111111111111111111111111111111111111111111111111111111111111111111111111111111111111111111111111111111111100000000001111111111111111111111111111111111111110000000000000000111111111111111110
111111111111111111111111111111111111111111111111100000000011111111111111111111111111111111111111111111111111111111111111111111111111111111111111111111111111111111111111111111111111111111111111111111111111111111111111100000000001111111111111111111111111111111111111110500000000000000111111111111111110
111111111111111111111111111111111111111111111111000000000011111111111111111111111111111111111111111111111111111111111111111111111111111111111111111111111111111111111111111111111111111111111111111111111111111111111111100000000001111111111111111111111111111111111111110000000000000000111111111111111110
111111111111111111111111111111111111111111111110000000000011111111111111111111111111111111111111111111111111111111111111111111111111111111111111111111111111111111111111111111111111111111111111111111111111111111111111101000000001111111111111111111111111111111111111110000000000000000111111111111111110
111111111111111111111111111111111111111111100000000011111111111111111111111111111111111111111111111111111111111111111111111111111111111111111111111000000005000000000000000000000111111111111111111111111111111111111111100000000001111111111111111111111111111111111111110050000000000000111111111111111110
111111111111111111111111111111111111111111000000000111111111111111111111111111111111111111111111111111111111111111111111111111111111111111111111110005000005000000000000000000000011111111111111111111111111111111111111100000000001111111111111111111111111111111111111110000000000000000111111111111111110
111111111111111111111111111111111111111111000000001111111111111111111111111111111111111111111111111111111111111111111111111111111111111111111111110050000000000000000000000000000011111111111111111111111111111111111111100000000001111111111111111111111111111111111111115000000000000000111111111111111110
111111111111111111111111111111111111111111000000011111111111111111111111111111111111111111111111111111111111111111111111111111111111111111111111110050050000000000000000000000000011111111111111111111111111111111111111100000000001111111111111111111111111111111111111110000000000000000111111111111111110
111111111111111111111111111111111111111111000000011111111111111111111111111111111111111111111111111111111111111111111111111111111111111111111111110000500000000000000000000000000011111111111111111111111111111111111111100000000001111111111111111111111111111111111111110000000000000000111111111111111110
111111111111111111111111111111111111111111000000011111111111111111111111111111111111111111111111111111111111111111111111111111111111111111111111110000500000000000000000000000000011111111111111111111111111111111111111100000000001111111111111111111111111111111111111110000000000000000111111111111111110
111111111111111111111111111111111111111110000000011111111111111111111111111111111111111111111111111111111111111111111111111111111111111111111111100050000000000000000000000000000001111111111111111111111111111111111111100000000001111111111111111111111111111111111111110000000000000000111111111111111110
111111111111111111111111111111111111111100000000011111111111111111111111111111111111111111111111111111111111111111111111111111111111111111111111000000000000000000000000000000000000111111111111111111111111111111111111100000000001111111111111111111111111111111111111110000000000000000111111111111111110
111111111111111111111111111111111111005000000000011111111111111111111111111111111111111111111111111111111111111111111111111111111111100000000000000000000000000000000000000000000000000000000000011111111111111111111111100001111111111111111111111111111111111111111111110500000000000000111111111111111110
111111111111111111111111111111111111000000000000011111111111111111111111111111111111111111111111111111111111111111111111111111111110000000000500000000000000000000000000000000000000000000000000001111111111111111111111100011111111111111111111111111111111111111111111110000000000000000111111111111111110
111111111111111111111111111111111111550000000000011111111111111111111111111111111111111111111111111111111111111111111111111111111110005000000000000000000000000000000000000000000000000000000000001111111111111111111111100011111111111111111111111111111111111111111111110000000000000500111111111111111110
111111111111111111111111111111111100000000000000011111111111111111111111111111111111111111111111111111111111111111111111111111111110000000000000000000000000000000000000000000000000000000000000001111111111111111111111000011111111111111111111111111111111111111111111110000000000000000111111111111111110
111111111111111111111111111111111100000000000000011111111111111111111111111111111111111111111111111111111111111111111111111111111110000000000000000000000000000000500005000000000000000000000000001111111111111111111111000011111111111111111111111111111111111111111111110000000000000000111111111111111110
111111111111111111111111111111111100000000000000011111111111111111111111111111111111111111111111111111111111111111111111111111111110000000000000000000000000000000000500005000000000000000000000001111111111111111111111000011111111111111111111111111111111111111111111110000000000000000111111111111111110
111111111111111111111111111111111005000000000000011111111111111111111111111111111111111111111111111111111111111111111111111111111100500000000000000000000000000055500000000000000000000000000000000111111111111111111111000111111111111111111111111111111111111111111111110000000000050000111111111111111110
111111111111111111111111111111110000000000500000011111111111111111111111111111111111111111111111111111111111111111111111111111111500000000000000000000000000000011155050000000000000000000000000000011111111111111111110000111111111111111111111111111111111111111111111110000000000000001111111111111111110
111111111111111111111111111000000000000000000050011111111111111111111111111111111111111111111111111111111111111111111111111000500000000000000111111111111111111111111111111111000000000000000000000000000000000000050000000111111111111111111111111111111111111111111111110000000000111111111111111111111110
111111111111111111111111110000050000000000000000011111111111111111111111111111111111111111111111111111111111111111111111110000000500000000001111111111111111111111111111111111100000000000000000000000000000000005000000050111111111111111111111111111111111111111111111110000000001111111111111111111111110
111111111111111111111111110000055050000000000000011111111111111111111111111111111111111111111111111111111111111111111111110000000000000000011111111111111111111111111111111111110000000000000000000000000000000000000000000111111111111111111111111111111111111111111111110000000011111111111111111111111110
111111111111111111111111110500000000000000500000011111111111111111111111111111111111111111111111111111111111111111111111110000000000000000011111111111111111111111111111111111111000000000000000000000000000000000000000050111111111111111111111111111111111111111111111110000000011111111111111111111111110
111111111111111111111111110000000000500000000000011111111111111111111111111111111111111111111111111111111111111111111111110000000000000000011111111111111111111111111111111111111000000000000000000000000000000000000000000111111111111111111111111111111111111111111111110000000011111111111111111111111110
111111111111111111111111110000000000005000000000011111111111111111111111111111111111111111111111111111111111111111111111110000000000000000011111111111111111111111111111111111111000000000000000000000000000000000000000000111111111111111111111111111111111111111111111110000000011111111111111111111111110
111111111111111111111111100500000000000000000000001111111111111111111111111111111111111111111111111111111111111111111111100000000000000000011111111111111111111111111111111111111000000000000000000000000000000000000000000011111111111111111111111111111111111111111111111100000011111111111111111111111110
111111111111111111111111000000000000000000000500000111111111111111111111111111111111111111111111111111111111111111111111000000000000000000011111111111111111111111111111111111111000000000000000000000000000000000000000000001111111111111111111111111111111111111111111001100000011111111111111111111111110
111111111111111111105500005000000000500000000000000011000000000000001100000000000111111111111111111111111111111111100000000000000000000000111111111000000000000000000000001111111111111100000000000000000000111111111111000000055111111111111111111111111111111111100000000000000011111111111111111111111110
111111111111111111000000000000000000000000000000000000000000000000001100000000000011111111111111111111111111111111000000000000000000011111111111110000000000000000000000001111111111111110000000000000000001111111111111100000055511111111111111111111111111111111000000000000000011111111111111111111111110
111111111111111111000000500000000000000000000000000000000000000000000000000000000011111111111111111111111111111111000000000000000000111111111111110000000000000000000000001111111111111110000000000000000011111111111111110000005011111111111111111111111111111111000000000000000011111111111111111111111110
111111111111111111000000000500000000000000000000000000000000000000000000000000000011111111111111111111111111111111000000000000000001111111111111110000000000000000000000001111111111111110000000000000000011111111111111110000000011111111111111111111111111111111000000000000000011111111111111111111111110
111111111111111111000000000000000000000000000000000000000000000000000000000000000001111111111111111111111111111111000000000000050001111111111111110000000000000000000000001111111111111110000000000000000011111111111111110000000011111111111111111111111111111111000000000000000011111111111111111111111110
111111111111111111000050000050000000000000000000000000000000000000000000011110000000111111111111111111111111111111000000000000000001111111111111110000000000000000000500001111111111111111100000000000000111111111111111110000000001111111111111111111111111111111000000000000000011111111111111111111111110
111111111111111111000000000000000000000000000000000000000000000000000000010010000000000111111111111111111111111110000000000000000001111111111111100000000000000000000005000111111111111101100000000000000111111111111111110000000005111111111111111111111111111111100000000000000011111111111111111111111110
111111111111111111000000000000000000000000000000000000000000000000000000010000000000000000011111111111111111111100000000000055000001111111111111005000000000000000500000050511111111111000000000000000000111111111111111111000000055011111111111111111111111111111100000000000000011111111111111111111111110
111111111111111111155000000000000000000000000000000011111111111111111111111111111000000000011111111111111111555500000000005550000011111111100000000000000000000000500055000055505000000000000000000011111111111111111111111111100000000001111111111111111111111111111111000000000011111111111111111111111110
111111111111111111100000000000000000000000000000000111111111111111111111111111111111110000011111111111111115555000000000005551111111111111000000500000000000550000005000000000000000000000000000000111111111111111111111111111110000000000111111111111111111111111111111100000000011111111111111111111111110
111111111111111111100500000000000000000500000000001111111111111111111111111111111111111000001111111111111110500000000000000011111111111111000000500000000050000000000000000000000000000000000000001111111111111111111111111111111000000000111111111111111111111111111111110000000011111111111111111111111110
111111111111111111111100000005005000000000000000001111111111111111111111111111111111111100001111111111111110000000000005000111111111111111000000000000000055000000000000000000000000000000000000001111111111111111111111111111111100000000111111111111111111111111111111110000000011111111111111111111111110
111111111111111111111100000000000000000005000000001111111111111111111111111111111111111110001111111111111110000000000000000111111111111111000000000055050000000000000000000000000000000000000000001111111111111111111111111111111100000000111111111111111111111111111111110000000011111111111111111111111110
111111111111111111111100000000000000000000000000001111111111111111111111111111111111111110000111111111111110000000050055000111111111111110000000005500050000000000000000000000000000000000000000001111111111111111111111111111111100000000111111111111111111111111111111110000000011111111111111111111111110
111111111111111111111100000000000000500500000000001111111111111111111111111111111111111110000001111111111100000000000055000111111111111100000550005500500000000000000000000000000000000000000000001111111111111111111111111111111100000000111111111111111111111111111111110000000011111111111111111111111110
111111111111111111111100000000000500000000000000001111111111111111111111111111111111111110000000001111111000000000000000000111111110000000000550005550005000000000000000000050500000000000000000011111111111111111111111111111111100000000111111111111111111111111111111110000000011111111111111111111111110
111111111111111111111111000000050000000000000000001111111111111111111111111111111111111111000000000000000000000000000000001111111100000111100000050000000000000000000000050550005000000000001111111111111111111111111111111111111111111000111111111111111111111111111111110000000011111111111111111111111110
111111111111111111111111100000000000000005000000011111111111111111111111111111111111111111111100000000000000000000001111111111111100000111000000000000000000000005555111111111110000000000011111111111111111111111111111111111111111111100011111111111111111111111111111110000000011111111111111111111111110
111111111111111111111111110000000005050000001111111111111111111111111111111111111111111111111110000000000000000000011111111111111100000111000000500000000000000051111111111111111000000000111111111111111111111111111111111111111111111110011111111111111111111111111111110000000011111111111111111111111110
111111111111111111111111110005000000000000011111111111111111111111111111111111111111111111111111000000000000000000111111111111111100000011000000000000000000000055111111111111111100000000111111111111111111111111111111111111111111111110011111111111111111111111111111110000000011111111111111111111111110
111111111111111111111111110000000000000000111111111111111111111111111111111111111111111111111111100000000000000000111111111111111100000000000505000000000000000005111111111111111110000000111111111111111111111111111111111111111111111110011111111111111111111111111111110000000011111111111111111111111110
111111111111111111111111115505000000000005111111111111111111111111111111111111111111111111111111110000000000000000111111111111111000000000000000500000000000050000111111111111111110000000111111111111111111111111111111111111111111111110001111111111111111111111111111110000000011111111111111111111111110
111111111111111111111111110000050000000500111111111111111111111111111111111111111111111111111111110000000000000000111111111111110000000001000000500000000050550000011111111111111110000000111111111111111111111111111111111111111111111110000111111111111111111111111111100000000011111111111111111111111110
111111111111111111111111111005055000000000111111111111111111111111111111111111111111111111111111110000000000000001111111100000000000000001110000000000000000550000011111111111111000000000111111111111111111111111111111111111111111111110000011111111111111111111111111100000000111111111111111111111111110
111111111111111111111111111111110050000000111111111111111111111111111111111111111111111111111111110000000000000000111111100000000000000011110500005000000000000000011111111100000000000000111111111111111111111111111111111111111111111110000000011111111111111111111111100001111111111111111111111111111110
111111111111111111111111111111111000000000111111111111111111111111111111111111111111111111111111110000000000000000111111111111110000000011110000000000000050000000011111111110000000000000111111111111111111111111111111111111111111111111000000011111111111111111111111100011111111111111111111111111111110
111111111111111111111111111111111100000000111111111111111111111111111111111111111111111111111111110000000000000000111111111111111000000000000005005500000000000000011111111111000000000000111111111111111111111111111111111111111111111111000000011111111111111111111111000111111111111111111111111111111110
111111111111111111111111111111111100000000111111111111111111111111111111111111111111111111111111110000000000000000111111111111111100000000001100005505005000000000011111111111000000000000111111111111111111111111111111111111111111111111000000001111111111111111111110000111111111111111111111111111111110
111111111111111111111111111111111100000000111111111111111111111111111111111111111111111111111111110000000000000000111111111111111100000000001111000000000000000000011111110000000000000000111111111111111111111111111111111111111111111111000000001111111111111111111110000111111111111111111111111111111110
111111111111111111111111111111111100000000111111111111111111111111111111111111111111111111111111110000000000000000111111111111111100000000001111000000000000000000011111110000000000000000111111111111111111111111111111111111111111111111000000001111111111111111111100000111111111111111111111111111111110
111111111111111111111111111111111100000000111111111111111111111111111111111111111111111111111111100000000000000000111111111111111100000000000010000000000000000000011111110000000000000000011111111111111111111111111111111111111111111111000000001111111111111111100000001111111111111111111111111111111110
111111111111111111111111111111111100000000111111111111111111111111111111111111111111111111111111000000000000000000000000001111111110000000000000000000000000000000011111110000000000000000001111111111111111111111111111111111111111111111000000001111111111111111000000011111111111111111111111111111111110
111111111111111111111111111111111100000000111111111111111111111111111111111111111111111111150500000000000000000000000000000111111111111111111111111111111111111000011111110000000000000000000000011111111111111111111111111111111111111111000000001111111111111110000000111111111111111111111111111111111110
111111111111111111111111111111111100000000111111111111111111111111111111111111111111111111000000000000000000000000000000000111111111111111111111111111111111111100011111110000000000000000000000001111111111111111111111111111111111111111000000001111111111111100000111111111111111111111111111111111111110
111111111111111111111111111111111100000000111111111111111111111111111111111111111111111111050000000000000000000000000000000111111111111111111111111111111111111110011111110000000000000000000000001111111111111111111111111111111111111111000000001111111111111100001111111111111111111111111111111111111110
111111111111111111111111111111111100000000111111111111111111111111111111111111111111111111000000000000000000000000000000000111111111111111111111111111111111111110011111115500000000000000000000001111111111111111111111111111111111111111000000001111111111111100011111111111111111111111111111111111111110
111111111111111111111111111111111100000000111111111111111111111111111111111111111111111111000000000000000000000000000000000111111111111111111111111111111111111110011111115005000000000000000000001111111111111111111111111111111111111111000000001111111111111100011111111111111111111111111111111111111110
111111111111111111111111111111111100000000111111111111111111111111111111111111111111111110000000000000000000000000000000000111111111111111111111111111111111111110011111110000000000000000000000001111111111111111111111111111111111111111000000000111111111111000011111111111111111111111111111111111111110
111111111111111111111111111111111100000000111111111111111111111111111111111111111111111100000000000000000000000000000000000011111111111111111111111111111111111110011111110000000000000000000000001111111111111111111111111111111111111111000001110011111111110000011111111111111111111111111111111111111110
111111111111111111111111111111111100000000111111111111111111111111111111111111111111111000000000000000000000000000000000000001111111111111111111111111111111111110011111115000000000000000000000001111111111111111111111111111111111111111000001110001111111100000011111111111111111111111111111111111111110
111111111111111111111111111111111100000000111111111111111111111111111111111111111111110000000111111111111111111100000000000000000000000000000000000000000111111110011111110000000000000000000000111111111111111111111111111111111111111111000001110000000000000000011111111111111111111111111111111111111110
111111111111111111111111111111111100000000111111111111111111111111111111111111111100000000001111111111111111111110000000000000000010000000000000000000000011111111111111110000000000000000000000111111111111111111111111111111111111111111000000100000000000000000111111111111111111111111111111111111111110
111111111111111111111111111111111100000000111111111111111111111111111111111111111100000000011111111111111111111111000000000000000000000000000000000000000011111111111111110000000000000000000000111111111111111111111111111111111111111111000000000000000000110000111111111111111111111111111111111111111110
111111111111111111111111111111111100000000111111111111111111111111111111111111111100000000111111111111111111111111000000000000000000000000000000000000000011111111111111110000000000000000000000001111111111111111111111111111111111111111000000000111000000110000111111111111111111111111111111111111111110
111111111111111111111111111111111100000000111111111111111111111111111111111111111100000000111111111111111111111111000000000000000000000000000000000000000011111111111111110000000000000000000000001111111111111111111111111111111111111111000000000111000000110000111111111111111111111111111111111111111110
111111111111111111111111111111111100000000111111111111111111111111111111111111111100000000111111111111111111111111000000000000000000000000000000000000000011111111111111110000000000000000000000001111111111111111111111111111111111111111000000000111000000000000111111111111111111111111111111111111111110
111111111111111111111111111111111100000000111111111111111111111111111111111111111100000000111111111111111111111111000000000000000000000000000000000000000001111111111111100000000000000000000000001111111111111111111111111111111111111110000000000000000000000000111111111111111111111111111111111111111110
111111111111111111111111111111111100000000111111111111111111111111111111111111111100000000111111111111111111111111100000000000000000000000000000000000000000111111111111000000000000000000000000011111111111111111111111111111111111111100000000000000000000000000111111111111111111111111111111111111111110
111111111111111111111111111111111100000000111111111111111111111111111111111111111100000000111111111111111111111111111111000500000000000000000000000000000000000000000000000000000000000000001111111111111111111111111111111111111111111110000000000000000000000000111111111111111111111111111111111111111110
111111111111111111111111111111111100000000111111111111111111111111111111111111111100000000111111111111111111111111111111150050000000000000000000000000000000000000055000000000000000000000011111111111111111111111111111111111111111111100000000000000000000000000111111111111111111111111111111111111111110
111111111111111111111111111111111100000000111111111111111111111111111111111111111100000000111111111111111111111111111111111100000000000000000000000000000000000000050005050000000000000000111111111111111111111111111111111111111111111100000111000000000000000000111111111111111111111111111111111111111110
111111111111111111111111111111111100000000111111111111111111111111111111111111111100000000111111111111111111111111111111111100000000000000000000000000000000000000000005000000000000000000111111111111111111111111111111111111111111111110000111000000000000000000111111111111111111111111111111111111111110
111111111111111111111111111111111100000000111111111111111111111111111111111111111100000000111111111111111111111111111111111100000000000000000000000000000000005000000000000000000000000000111111111111111111111111111111111111111111111111001111000000000000000000111111111111111111111111111111111111111110
111111111111111111111111111111111100000000111111111111111111111111111111111111111100000000111111111111111111111111111111111100000000000000000000000000000000000000000050000000000000000000111111111111111111111111111111111111111111111111000000000000000500000000111111111111111111111111111111111111111110
111111111111111111111111111111111100000000111111111111111111111111111111111111111100000000111111111111111111111111111111111100100000000000000000000000000000000000000000000000000000000000111111111111111111111111111111111111111111111111500000000000000000550011111111111111111111111111111111111111111110
111111111111111111111111111111111000000000111111111111111111111111111111111111111100000000111111111111111111111111111111111110000000000000000000000000000000000000000000000000000000000000111111111111111111111111111111111111111111111111550000000000000000000010111111111111111111111111111111111111111110
111111111111111111111111111111110000000000111111111111111111111111111111111111111100000000111111111111111111111111111111111111111111111111111111000000000000000000000000000000000000000000111111111111111111111111111111111111111111111111500000000000000005000000111111111111111111111111111111111111111110
111111111111111111111111111000000000000000111111111111111111111111111111111111111100000000111111111111111111111111111111111111111111111111111111100000000000000000000000000000000000000000111111111111111111111111111111111111111111111111500000000000000000000011111111111111111111111111111111111111111110
111111111111111111111111110000000000000000111111111111111111111111111111111111111100000000111111111111111111111111111111111111111111111111111111110000000000000000000000000000000000000000111111111111111111111111111111111111111111111111000000000000000000000011111111111111111111111111111111111111111110
111111111111111111111111110000000000000000111111111111111111111111111111111111111100000000111111111111111111111111111111111111111111111111111111110000000000000000000000000000000000000000111111111111111111111111111111111111111111111111000000000001110000000000111111111111111111111111111111111111111110
111111111111111111111111110000000000000000111111111111111111111111111111111111111100000000111111111111111111111111111111111111111111111111111111110000000000000000000000010000000000000000111111111111111111111111111111111111111111111111000000000011110000000000111111111111111111111111111111111111111110
111111111111111111111111110000000000000000111111111111111111111111111111111111111100000000111111111111111111111111111111111111111111111111111111111000000000000000000000000001100000000000111111111111111111111111111111111111111111111111000000000011100000000000111111111111111111111111111111111111111110
111111111111111111111111110000000000000111111111111111111111111111111111111111111100000000111111111111111111111111111111111111111111111111111111110000000000000000000000000000100000000000111111111111111111111111111111111111111111111111000000000001100000000000011111111111111111111111111111111111111110
111111111111111111111111110000000000111111111111111111111111111111111111111111111100000000111111111111111111111111111111111111111111111111111111110100000000000000011100000001100000000000111111111111111111111111111111111111111111111111100000000000000000000000001111111111111111111111111111111111111110
111111111111111111111111110000000001111111111111111111111111111111111111111111111100000000111111111111111111111111111111111111111111111111111111111101100000000000011111110000000000000000111111111111111111111111111111111111111111111111111111000000000000000011100000011111111111111111111111111111111110
111111111111111111111111110000000011111111111111111111111111111111111111111111111100000000111111111111111111111111111111111111111111111111111111111001100000000111000000000000000000000500111111111111111111111111111111111111111111111111111111100000001110000011100000001111111111111111111111111111111110
111111111111111111111111110000000011111111111111111111111111111111111111111111111100000000111111111111111111111111111111111111111111111111111111111000000000000111000000000000000000000500111111111111111111111111111111111111111111111111111111110000001110000011100000001111111111111111111111111111111110
111111111111111111111111110000000011111111111111111111111111111111111111111111111100000000111111111111111111111111111111111111111111111111111111115505000000000110000000000000000000000000111111111111111111111111111111111111111111111111111111110000001110000010000000001111111111111111111111111111111110
111111111111111111111111110000000011111111111111111111111111111111111111111111111100000050111111111111111111111111111111111111111111111111111111115500000000000010000000000000000000000000111111111111111111111111111111111111111111111111111111110000000100000000000000001111111111111111111111111111111110
111111111111111111111111110000000011111111111111111111111111111111111111111111111000000000111111111111111111111111111111111111111111111111111111110000000000000000000000000111000000000000111111111111111111111111111111111111111111111111111111110000000000000000000000001111111111111111111111111111111110
111111111111111111111111110000000011111111111111111111111111111111111111111111110000000050111111111111111111111111111111111111111111111111111111110000000000000000011100000111000000005000111111111111111111111111111111111111111111111111111111110000000000000000000000001111111111111111111111111111111110
111111111111111111111111110000000011111111111111111111111111111111111111111111100000005001111111111111111111111111111111111111111111111111111111110055000050000000011100000111000000000000111111111111111111111111111111111111111111111111111111110000000000000000000000001111111111111111111111111111111110
111111111111111111111111110000000011111111111111111111111111111111111111111000000000011111111111111111111111111111111111111111111111111111111111111111111000000000011000000100005000111111111111111111111111111111111111111111111111111111111111110000110000000000000000001111111111111111111111111111111110
111111111111111111111111110000000011111111111111111111111111111111111111110000000000111111111111111111111111111111111111111111111111111111111111111111111100000000000000000000000001111111111111111111111111111111111111111111111111111111111111110001110000000000000000001111111111111111111111111111111110
111111111111111111111111110000000011111111111111111111111111111111111111110000000001111111111111111111111111111111111111111111111111111111111111111111111115000000000000000000000011111111111111111111111111111111111111111111111111111111111111110001111000000000000000001111111111111111111111111111111110
111111111111111111111111110000000011111111111111111111111111111111111111110000000011111111111111111111111111111111111111111111111111111111111111111111111110000000000000000000000011111111111111111111111111111111111111111111111111111111111111110001111000000000000000001111111111111111111111111111111110
111111111111111111111111110000000011111111111111111111111111111111111111110000000511111111111111111111111111111111111111111111111111111111111111111111111110000000000000000000000011111111111111111111111111111111111111111111111111111111111111110000000000000000000000001111111111111111111111111111111110
111111111111111111111111110000000011111111111111111111111111111111111111100000000011111111111111111111111111111111111111111111111111111111111111111111111110000001000000000000000011111111111111111111111111111111111111111111111111111111111111110000000000000000000000000111111111111111111111111111111110
111111111111111111111111150000000011111111111111111111111111111111111111000000000011111111111111111111111111111111111111111111111111111111111111111111111110000111000000000011000011111111111111111111111111111111111111111111111111111111111111110000000000000000000000000011111111111111111111111111111110
111111111111111111111111000000000011111111111111111111111111111111111110000000005111111111111111111111111111111111111111111111111111111111111111111111111111000111100000000011011111111111111111111111111111111111111111111111111111111111111111110000000000000000000000000001111111111111111111111111111110
111111111111111111100000000000000511111111111111111111111111111111100000000001111111111111111111111111111111111111111111111111111111111111111111111111111111111111100000000111111111111111111111111111111111111111111111111111111111111111111111110000000000111111111111000000000111111111111111111111111110
111111111111111111005005000000000011111111111111111111111111111111000000000011111111111111111111111111111111111111111111111111111111111111111111111111111111111111100000000111111111111111111111111111111111111111111111111111111111111111111111110000000001111111111111000000000011111111111111111111111110
111111111111111111000000000000000011111111111111111111111111111111000000000111111111111111111111111111111111111111111111111111111111111111111111111111111111111111105500001111111111111111111111111111111111111111111111111111111111111111111111110000000011111111111111110000000011111111111111111111111110
111111111111111111050050000000500511111111111111111111111111111111550000001111111111111111111111111111111111111111111111111111111111111111111111111111111111111111105500001111111111111111111111111111111111111111111111111111111111111111111111110000000011111111111111110000000011111111111111111111111110
111111111111111111000000000000000011111111111111111111111111111111000000001111111111111111111111111111111111111111111111111111111111111111111111111111111111111111100500011111111111111111111111111111111111111111111111111111111111111111111111110000000011111111111111110000000011111111111111111111111110
111111111111111111000000000000000511111111111111111111111111111111000000001111111111111111111111111111111111111111111111111111111111111111111111111111111111111111100000011111111111111111111111111111111111111111111111111111111111111111111111110000000011111111111111110000000011111111111111111111111110
111111111111111111000000000000000011111111111111111111111111111111000000001111111111111111111111111111111111111111111111111111111111111111111111111111111111111111105050011111111111111111111111111111111111111111111111111111111111111111111111000000000011111111111111110000000011111111111111111111111110
111111111111111111000000000000550111111111111111111111111111111111000000001111111111111111111111111111111111111111111111111111111111111111111111111111111111111111100000011111111111111111111111111111111111111111111111111111111111111111111110000000000111111111111111110000000011111111111111111111111110
111111111111111111500000000011111111111111111111111111111111111111000000001111111111111111111111111111111111111111111111111111111111111111111111111111111111111111111111111111111111111111111111111111111111111111111111111111111111111111100000000001111111111111111111110000000011111111111111111111111110
111111111111111111000000000111111111111111111111111111111111111111000000001111111111111111111111111111111111111111111111111111111111111111111111111111111111111111111111111111111111111111111111111111111111111111111111111111111111111111000000000011111111111111111111110000000011111111111111111111111110
111111111111111111000000001111111111111111111111111111111111111111000000001111111111111111111111111111111111111111111111111111111111111111111111111111111111111111111111111111111111111111111111111111111111111111111111111111111111111111000000000111111111111111111111110000000011111111111111111111111110
111111111111111111500000001111111111111111111111111111111111111111000000001111111111111111111111111111111111111111111111111111111111111111111111111111111111111111111111111111111111111111111111111111111111111111111111111111111111111111000000001111111111111111111111110000000011111111111111111111111110
111111111111111111000000001111111111111111111111111111111111111111000000001111111111111111111111111111111111111111111111111111111111111111111111111111111111111111111111111111111111111111111111111111111111111111111111111111111111111110000000001111111111111111111111110000000011111111111111111111111110
111111111111111111000000001111111111111111111111111111111111111111000000001111111111111111111111111111111111111111111111111111111111111111111111111111111111111111111111111111111111111111111111111111111111111111111111111111111111111110000000001111111111111111111111110000000011111111111111111111111110
111111111111111111000000001111111111111111111111111111111111111111000000001111111111111111111111111111111111111111111111111111111111111111111111111111111111111111111111111111111111111111111111111111111111111111111111111111111111111110000000001111111111111111111111110000000001111111111111111111111110
111111111111111111000000001111111111111111111111111111111111111111000000001111111111111111111111111111111111111111111111111111111111111111111111111111111111111111111111111111111111111111111111111111111111111111111111111111111111111110000000011111111111111111111111110000000000111111111111111111111110
111111111111111111000000001111111111111111111111111111111111111111000000001111111111111111111111111111111110000000000000011111111111111111111111111111111111111111111111111111111111111111111111111111111111111111100005111111111111111110000011111111111111111111111111110000000000000001111111111111111110
111111111111111111000000001111111111111111111111111111111111111111000000001111111111111111111111111111111100000500000000001111111111111111111111111111111111111111111111111111111111111111111111111111111111111111000500051111111111111110000111111111111111111111111111110000000000000000111111111111111110
111111111111111111000000001111111111111111111111111111111111111111000000001111111111111111111111111111111155000000555050001111111111111111111111111111111111111111111111111111111111111111111111111111111111111111000550551111111111111110000111111111111111111111111111110000000000000000111111111111111110
111111111111111111000000001111111111111111111111111111111111111111000000001111111111111111111111111111111100000000000005001111111111111111111111111111111111111111111111111111111111111111111111111111111111111111011100551111111111111100001111111111111111111111111111110000000000000000111111111111111110
111111111111111111000000001111111111111111111111111111111111111111000000001111111111111111111111111111111100550000000005001111111111111111111111111111111111111111111111111111111111111111111111111111111111111111011100001111111111111100011111111111111111111111111111110000000000000550111111111111111110
111111111111111111000000001111111111111111111111111111111111111111110000000111111111111111111111111111111100000500005500011111111111111111111111111111111111111111111111111111111111111111111111111111111111111111011100001111111111111100011111111111111111111111111111110000000000000500111111111111111110
111111111111111111000000001111111111111111111111111111111111111111005000000011111111111111111111111111111100000000000000511111111111111111111111111111111111111111111111111111111111111111111111111111111111111110000000505111111111111000011111111111111111111111111111100000000000000500111111111111111110
111111111111111111000000001111111111111111111111111111111111111111100000000001111111111111111111111111111100000000000000000000011111111111111111111111111111111111111111111111111111111111111111111111111111111100000000000511111111115000011111111111111111111111111111000000000000000005111111111111111110
111111111111111111000000001111111111111111111111111111111111111111111110000000000011111111111111111111111100000111111100000000011111111111111111111111111111111111111111111111111111111111111111111111111110011100000000000055500500000000011111111111111111111111000000000000000000000000111111111111111110
111111111111111111000000001111111111111111111111111111111111111111111111000000000001111111111111111111111100000000000000000000001111111111111111111111111111111111111111111111111111111111111111111111111100001100000000000000000000050000011111111111111111111111000000000000000000000000111111111111111110
111111111111111111000000001111111111111111111111111111111111111111111111100000000001111111111111111111111100000111111110000000000111111111111111111111111111111111111111111111111111111111111111111111111100000000000000001100050000000005011111111111111111111111000000000000000000000000111111111111111110
111111111111111111000000001111111111111111111111111111111111111111111111110000000001111111111111111111111100000000000010000000001111111111111111111111111111111111111111111111111111111111111111111111111100000000111000001110000000000000011111111111111111111111000000000000000000000000111111111111111110
111111111111111111000000001111111111111111111111111111111111111111111111110000000001111111111111111111111100000000000010000000001111111111111111111111111111111111111111111111111111111111111111111111111100000000111000001110000000000000011111111111111111111111000000000000000000000000111111111111111110
111111111111111111000000000111111111111111111111111111111111111111111111110000000001111111111111111111111100000000000010000000001111111111111111111111111111111111111111111111111111111111111111111111111100000000110000001000000000011100011111111111111111111111000000000000000000000000111111111111111110
111111111111111111000000000011111111111111111111111111111111111111111111110000000001111111111111111111111000000000000010000000001001111111111111111111111111111111111111111111111111111111111111111111111000000000010000000000000000111100011111111111111111111110000000000000000000000000111111111111111110
111111111111111111100000000001111111111111111111111111111111111111111111111000000001111111111111111111110000000000000011111111111001111111111111111111111111111111111111111111111111111111111111111111110000000000000000000000000000111100011111111111111111111100000000000000000000000000111111111111111110
111111111111111111111110000000000111111111111111111111111111111111111111111111000001111111111111111000000000000000000000000000000005111111111111111111111111111111111111111111111111111111111111111000000000000000000000000000000000001000011111111111111110000000001111111111110000000000111111111111111110
111111111111111111111111000000000011111111111111111111111111111111111111111111100000111111111111110000000000000000000000000000000000555000111111111111111111111111111111111111111111111111111111110005500000000000000000000000000000000000011111111111111100000000011111111111111000000000111111111111111110
111111111111111111111111100000000011111111111111111111111111111111111111111111110000111111111111111000000000000001000000000000001000500000111111111111111111111111111111111111111111111111111111110000000000111000000000000000000000000000011111111111111100000000111111111111111100000000111111111111111110
111111111111111111111111110000000011111111111111111111111111111111111111111111111000111111111111111000011100011100001111100000000000500000111111111111111111111111111111111111111111111111111111110000000000111100000000000000000000000005111111111111111100000000111111111111111100000000111111111111111110
111111111111111111111111110000000011111111111111111111111111111111111111111111111100011111111111110000011100011100011111110000000000000505111111111111111111111111111111111111111111111111111111110000111000111100000000000000000000000011111111111111111100000000111111111111111100000000111111111111111110
111111111111111111111111110000000001111111111111111111111111111111111111111111111100001111111111110000011100011100011111110000000000010005111111111111111111111111111111111111111111111111111111110001111500000000000000000000000000000011111111111111111100000000111111111111111100000000111111111111111110
111111111111111111111111110000000000111111111111111111111111111111111111111111111100000111111111100000011100000000011111110001110000001000111111111111111111111111111111111111111111111111111111110001110000000000000001000000000000000011101111111111111000000000111111111111111100000000111111111111111110
111111111111111111111111111000000000011111111111111111111111111111111111111111111100000000111111000000111100000000011111110001110000000000001111111111111111111111111111111111111111111111111111110000110000000000000011100000000000011000000111111111110000000001111111111111111100000000111111111111111110
111111111111111111111111111111100000000001111111111111111111111111111111111111111110000000000000000000111000000000000111110000110000000000000001111111111111111111111111111111111111111111111111110000000000000000000111100001110000011100000000000111000000111111111111111111111100000000111111111111111110
111111111111111111111111111111110000000000111111111111111111111111111111111111111111111000000000000000000000010000000111100000000000000000000001111111111111111111111111111111111111111111111111110000000000000000000011000001110000011100000000000111000001111111111111111111111100000000111111111111111110
111111111111111111111111111111111000000000111111111111111111111111111111111111111111111100000000000000000000110000000000000000000000000000000000111111111111111111111111111111111111111111111111110000000000000000000000000001110000010000000000000111000011111111111111111111111100000000111111111111111110
111111111111111111111111111111111100000000111111111111111111111111111111111111111111111110000000000000000000111100000000000000000000001111100000011111111111111111111111111111111111111111111111110000000000000000000000000005110000000000000000000000000011111111111111111111111100000000111111111111111110
111111111111111111111111111111111100000000111111111111111111111111111111111111111111111111000000000000000000011110000000000000100000011111110000011111111111111111111111111111111111111111111111100000000000000000000000010000000000000000000000000000000011111111111111111111111100000000111111111111111110
111111111111111111111111111111111100000000111111111111111111111111111111111111111111111111000000000000000000001110000000000000000000111111111000001111111111111111111111111111111111111111111111000000000000011100000000011100000000000000000000000000000011111111111111111111111100000000111111111111111110
111111111111111111111111111111111100000000111111111111111111111111111111111111111111111111000000000000000000000000000000000000000000011111111000001111111111111111111111111111111110000000000000000000000000011100000000011100000000000000001100000000000011111111111111111111111100000000111111111111111110
111111111111111111111111111111111100000000111111111111111111111111111111111111111111111111000000000000000000000000000000000000000000011111111000001111111111111111111111111111111100000000000000000000000000011100000000011100000000000000001110000000000111111111111111111111111100000000111111111111111110
111111111111111111111111111111111100000011111111111111111111111111111111111111111111111111100000000000000000000000000000000000000000111111111000001111111111111111111111111111111000000000000000000111111111111100000000000000000000000000001111111111111111111111111111111111111100000000111111111111111110
111111111111111111111111111111111100000011111111111111111111111111111111111111111111111111110000000000000000000000000000000000100000011111110000001111111111111111111111111111110000000000000000011111111111111110000000000000000550000000011111111111111111111111111111111111111100000000111111111111111110
111111111111111111111111111111111100000000111111111111111111111111111111111111111111111111100000000000000000000111000000000000000001111111100000001111111111111111111111111111110000011111111111111111111111111111000000000000001115000000111111111111111111111111111111111111111100000000111111111111111110
111111111111111111111111111111111100000000111111111111111111111111111111111111111111111111000000000000000000001111100000000000000001110000000000011111111111111111111111111111110000111111111111111111111111111111111110000000001111000000111111111111111111111111111111111111111100000000111111111111111110
111111111111111111111111111111111100000000111111111111111111111111111111111111111111111111000000000000000000001111100010000000010001110000000000011111111111111111111111111111110000111111111111111111111111111111111110000000001111000005111111111111111111111111111111111111111100000000111111111111111110
111111111111111111111111111111111100000000111111111111111111111111111111111111111111111111100100000000011000001110000111000000000000000000000001111111111111111111111111111111100000111111111111111111111111111111111000000000000000000001111111111111111111111111111111111111111100000001111111111111111110
111111111111111111111111111111111100000000111111111111111111111111111111111111111111111111100100000000011000001110000110001100000000000000000011111111111111111111111111111000000000111111111111111111111111111111111000000000110000000011111111111111111111111111111111111111111000000001111111111111111110
111111111111111111111111111111111100000000111111111111111111111111111111111111111111111111111111000000011000001111000110001100000000001000100111111111111111111111111111110000000001111111111111111111111111111111111000000000110000111111111111111111111111111111111111111111110000000000111111111111111110
111111111111111111111111111111111100000000111111111111111111111111111111111111111111111111111111100000000000111111100000000000000000111111111111111111111111111111111111100000000011111111111111111111111111111111111111000000000001111111111111111111111111111111111111111000000000000000111111111111111110
111111111111111111111111111111111100000000111111111111111111111111111111111111111111111111111111111000000000111111100000000000000001111111111111111111111111111111111111000000000111111111111111111111111111111111111111100555000011111111111111111111111111111111111111110000000000000000111111111111111110
111111111111111111111111111111111100000000111111111111111111111111111111111111111111111111111111111110000000111111100000000000000011111111111111111111111111111111111111000001111111111111111111111111111111111111111111110111100011111111111111111111111111111111111111110000000000000000111111111111111110
111111111111111111111111111111111100000000111111111111111111111111111111111111111111111111111111111111000000111111100000000000000011111111111111111111111111111111111111000011111111111111111111111111111111111111111111110111100011111111111111111111111111111111111111110000000000000000111111111111111110
111111111111111111111111111111111100000000111111111111111111111111111111111111111111111111111111111111000000011111000000000000000011111111111111111111111111111111111111000011111111111111111111111111111111111111111111110111100011111111111111111111111111111111111111110000000000000000111111111111111110
111111111111111111111111111111111100000000111111111111111111111111111111111111111111111111111111111111000000000000000000000000001011111111111111111111111111111111111111000111111111111111111111111111111111111111111111110000000011111111111111111111111111111111111111110000000000000000111111111111111110
111111111111111111111111111111111000000000011111111111111111111111111111111111111111111111111111111111110000000000000000000000000011111111111111111111111111111111111111000111111111111111111111111111111111111111111111110000000011111111111111111111111111111111111111110000000000000000111111111111111110
111111111111111111111111111111110000000000001111111111111111111111111111111111111111111111111111111111111100000000000000000000000111111111111111111111111111111111111111000111111111111111111111111111111111111111111111111000000111111111111111111111111111111111111111110000000000000000111111111111111110
111111111111111111111111111000000000000000000000011111111111111111111111111111111111111111111111111111111111100000000000000011111111111111111111111111111111111111111111000111111111111111111111111111111111111111111111111111111111111111111111111111111111111111111111110000000000000000111111111111111110
111111111111111111111111110050000000000000000000001111111111111111111111111111111111111111111111111111111111100010000000000111111111111111111111111111111111111111111111000111111111111111111111111111111111111111111111111111111111111111111111111111111111111111111111110000000000000000111111111111111110
111111111111111111111111110000050000000000000500001111111111111111111111111111111111111111111111111111111101000000001100001111111111111111111111111111111111111111111111000111111111111111111111111111111111111111111111111111111111111111111111111111111111111111111111110000000000000000111111111111111110
111111111111111111111111110050000000000000000000501111111111111111111111111111111111111111111111111111111100000000001100001111111111111111111111111111111111111111111111000111111111111111111111111111111111111111111111111111111111111111111111111111111111111111111111110000000000000000111111111111111110
111111111111111111111111110005000000000000000050001111111111111111111111111111111111111111111111111111111100000000001111001111111111111111111111111111111111111111111111000111111111111111111111111111111111111111111111111111111111111111111111111111111111111111111111110000000000000000111111111111111110
111111111111111111111111115005000000000000000550001111111111111111111111111111111111111111111111111111111100000000001111001111111111111111111111111111111111111111111111000111111111111111111111111111111111111111111111111111111111111111111111111111111111111111111111110000000000000000111111111111111110
111111111111111111111111100000005000000000500000000111111111111111111111111111111111111111111111111111111111100000001111001111111111111111111111111111111111111111111111000111111111111111111111111111111111111111111111111111111111111111111111111111111111111111111111100000000000000500111111111111111110
111111111111111111111111055000000000000000500000500011111111111111111111111111111111111111111111111111111111100000001111111111111111111111111111111111111111111111111111000111111111111111111111111111111111111111111111111111111111111111111111111111111111111111111111000000000000000500111111111111111110
111111111111111111100005000000050000000000000000000001111111111111111111111111111111111111111111111111111111111111111111111111111111111111111111111111111111111111111111000111111111111111111111111111111111111111111111111111111111111111111111111111111111111111100000000000000000111111111111111111111110
111111111111111111000000000000000000000000000050000001111111111111111111111111111111111111111111111111111111111111111111111111111111111111111111111111111111111111111111000111111111111111111111111111111111111111111111111111111111111111111111111111111111111111000000000000000001111111111111111111111110
111111111111111111000000000000000000000000000000050001111111111111111111111111111111111111111111111111111111111111111111111111111111111111111111111111111111111111111111000111111111111111111111111111111111111111111111111111111111111111111111111111111111111111000000000000000011111111111111111111111110
111111111111111111000505005050005000000000000000000001111111111111111111111111111111111111111111111111111111111111111111111111111111111111111111111111111111111111111111000111111111111111111111111111111111111111111111111111111111111111111111111111111111111111000000000000000011111111111111111111111110
111111111111111111000000000000000000000000000000000001111111111111111111111111111111111111111111111111111111111111111111111111111111111111111111111111111111111111111111000111111111111111111111111111111111111111111111111111111111111111111111111111111111111111000000000000000011111111111111111111111110
111111111111111111000000000005000000000000000000000001111111111111111111111111111111111111111111111111111111111111111111111111111111111111111111111111111111111111111111000111111111111111111111111111111111111111111111111111111111111111111111111111111111111111000000000000000011111111111111111111111110
111111111111111111000500050000000000000000000000000000000011111111111111111111111111111111111111111111111111111111111111111111111111111111111111111111111111111111111110000111111111111111111111111111111111111111111111111111111111111111111111111111111111111111000000000000000011111111111111111111111110
111111111111111111000000000000000000000000000000000100000011111111111111111111111111111111111111111111111111111111111111111111111111111111111111111111111111111111111100000111111111111111111111111111111111111111111111111111111111111111111111111111111111111111000000000000000111111111111111111111111110
111111111111111111000000005000000000000000000000000000000011111111111111111111111111111111111111111111111111111111111111111111111111111111111111111111111115000000000000000111111111111111111111111111111111111111111111111111111111111111111111111111111111111111000000000011111111111111111111111111111110
111111111111111111000000050000000000000000000000000000000011111111111111111111111111111111111111111111111111111111111111111111111111111111111111111111111100000005000000000111111111111111111111111111111111111111111111111111111111111111111111111111111111111111000000000111111111111111111111111111111110
111111111111111111000000000000000000000000000011100000000111111111111111111111111111111111111111111111111111111111111111111111111111111111111111111111111100000000000000000111111111111111111111111111111111111111111111111111111111111111111111111111111111111111000000001111111111111111111111111111111110
111111111111111111000005000000000000000000000011100000001111111111111111111111111111111111111111111111111111111111111111111111111111111111111111111111111100500000000000000111111111111111111111111111111111111111111111111111111111111111111111111111111111111111000000001111111111111111111111111111111110
111111111111111111000500000000000000000000000000000000001111111111111111111111111111111111111111111111111111111111111111111111111111111111111111111111111100000000000000000111111111111111111111111111111111111111111111111111111111111111111111111111111111111111000000001111111111111111111111111111111110
111111111111111111000000000000000000000000000000000000000011111111111111111111111111111111111111111111111111111111111111111111111111111111111111111111111100000000000000000111111111111111111111111111111111111111111111111111111111111111111111111111111111111111000000001111111111111111111111111111111110
111111111111111111005000000000000000000000000000000000000001111111111111111111111111111111111111111111111111111111111111111111111111111111111111111111111000000000000000000111111111111111111111111111111111111111111111111111111111111111111111111111111111111110000000001111111111111111111111111111111110
111111111111111111000000000000000000000000000000000000000000111111111111111111111111111111111111111111111111111111111111111111111111111111111111111111110000000000000000000111111111111111111111111111111111111111111111111111111111111111111111111111111111111100000000001111111111111111111111111111111110
111111111111111111000500000000000000000000000000000000000000000001111111111111111111111111111111111111111111111111111111111111111111111111111111111000000000000000000000000111111111111111111111111111111111111111111111111111111111111111111111111111111110000000000000001111111111111111111111111111111110
111111111111111111005000000000000000000000000000000000000000000000111111111111111111111111111111111111111111111111111111111111111111111111111111110000000000000000000000000111111111111111111111111111111111111111111111111111111111111111111111111111111100000000000000001111111111111111111111111111111110
111111111111111111000000000000000000000000000000000000000000000000111111111111111111111111111111111111111111111111111111111111111111111111111111110000000000000000000000000111111111111111111111111111111111111111111111111111111111111111111111111111111100000000000000001111111111111111111111111111111110
111111111111111111000000000000000000000000000000000000000000000000111111111111111111111111111111111111111111111111111111111111111111111111111111110000000000000000000000000111111111111111111111111111111111111111111111111111111111111111111111111111111100000000000000001111111111111111111111111111111110
111111111111111111000000000000000000000000000000000000000000000000111111111111111111111111111111111111111111111111111111111111111111111111111111110000000000000000000000000111111111111111111111111111111111111111111111111111111111111111111111111111111111000000000000001111111111111111111111111111111110
111111111111111111000000000000000000000000000000000000000000000000111111111111111111111111111111111111111111111111111111111111111111111111111111100000000000000000000000000111111111111111111111111111111111111111111111111111111111111111111111111111111111000000000000001111111111111111111111111111111110
111111111111111111000000000000000000000000000000000000000000000000011111111111111111111111111111111111111111111111111111111111111111111111111111000000000000000000000000000011111111111111111111111111111111111111111111111111111111111111111111111111111100000000000000111111111111111111111111111111111110
111111111111111111100000000000000000000000000000000000000000000000001111111111111111111111111111111111111111111111111111111111111111111111111110000000000000000000000000000001111111111111111111111111111111111111111111111111111111111111111111111111111100000000000001111111111111111111111111111111111110
111111111111111111111111000000000000000000000000000000000000000000000000000000000000000000000000011111111111111111111111111100000000000000000000000001111111111111111110000000000000000000000000011111111111111111111111111111111111111111111111111111111100000000001111111111111111111111111111111111111110
111111111111111111111111100000000000000000000000000000000000000000000000000000000000000000000000001111111111111111111111111100000000000000000000000011111111111111111111000000000000000000000000001111111111111111111111111111111111111111111111111111111100000000011111111111111111111111111111111111111110
111111111111111111111111110000000000000000000000000000000000000000000000000000000000000000000000001111111111111111111111110000000000000000000000000111111111111111111111100000000000000000000000001111111111111111111111111111111111111111111111111111111100000000111111111111111111111111111111111111111110
111111111111111111111111110000000000000000000000000000000000000000000000000000000000000000000000001111111111111111111111110100000000000000000000001111111111111111111111110000000000000000000000001111111111111111111111111111111111111111111111111111111100000000111111111111111111111111111111111111111110
111111111111111111111111110000000000000000000000000000000000000000000000000000000000000000000000001111111111111111111111110000000000000000000000001111111111111111111111110000000000000000000000000111111111111111111111111111111111111111111111111111111100000000111111111111111111111111111111111111111110
111111111111111111111111110000000000000000000000000000000000000000000000000000000000000000000000001111111111111111111111110000000000000000000000011111111111111111111111110000000000000000000000000011111111111111111111111111111111111111111111111111111100000000111111111111111111111111111111111111111110
111111111111111111111111110000000000000000000000000000000000000000000000000000000000000000000000000111111111111111111111100000000000000000000000001111111111111111111111110000000000000000000000000000111111111111111111111111111111111111111111111111111100000000111111111111111111111111111111111111111110
111111111111111111111111110000000000000000000000000000000000000000000000000000000000000000000000000011111111111111111111000000000000000000000000011111111111111111111111111000000000000000100000000000000011111111111111111111111111111111111111111111111100000000111111111111111111111111111111111111111110
111111111111111111111111111000000000000000000000000011111111111111111111111111111111110000000000000000000000000000000000000000000000111111111111111111111111111111111111111111111111111111111111110000000000000000000000000000000000000000111111111111111100000000111111111111111111111111111111111111111110
111111111111111111111111111111110000000000000000000111111111111111111111111111111111111000000000000000000000000000000000000000000001111111111111111111111111111111111111111111111111111111111111111111000000000000000000000000000000000000111111111111111100000000111111111111111111111111111111111111111110
111111111111111111111111111111111000000000000000001111111111111111111111111111111111111100000000000000000000000000000000000000000011111111111111111111111111111111111111111111111111111111111111111111110000000000000000000000000000000000111111111111111100000000111111111111111111111111111111111111111110
111111111111111111111111111111111100000000000000001111111111111111111111111111111111111100000000000000000000000000000000000000000011111111111111111111111111111111111111111111111111111111111111111111111000000000000000000000000000000000111111111111111000000000111111111111111111111111111111111111111110
111111111111111111111111111111111100000000000000001111111111111111111111111111111111111100000000000000000000000000000000000000000011111111111111111111111111111111111111111111111111111111111111111111111100000000000000000000000000000000111111111111110000000000111111111111111111111111111111111111111110
111111111111111111111111111111111100000000000000001111111111111111111111111111111111111100000000000000000000000000000000000000000011111111111111111111111111111111111111111111111111111111111111111111111100000000000000000000000000000000111111111111100000000000111111111111111111111111111111111111111110
111111111111111111111111111111111100000000000000001111111111111111111111111111111111111100000000000000000000000000000000000000000011111111111111111111111111111111111111111111111111111111111111111111111100000000000000000000000000000000000000000000000000000000111111111111111111111111111111111111111110
111111111111111111111111111111111110000000000000011111111111111111111111111111111111111110000000000000000000000000000000000000000111111111111111111111111111111111111111111111111111111111111111111111111110000000050000000000000000000000000000000000000000000001111111111111111111111111111111111111111110
111111111111111111111111111111111111111111111111111111111111111111111111111111111111111111111111111111111111111100000000000011111111111111111111111111111111111111111111111111111111111111111111111111111111111000000111111111111111000000000000000000000000011111111111111111111111111111111111111111111110
111111111111111111111111111111111111111111111111111111111111111111111111111111111111111111111111111111111111111110000000000111111111111111111111111111111111111111111111111111111111111111111111111111111111111100001111111111111111111111111110000000000000111111111111111111111111111111111111111111111110
111111111111111111111111111111111111111111111111111111111111111111111111111111111111111111111111111111111111111111000000001111111111111111111111111111111111111111111111111111111111111111111111111111111111111111111111111111111111111111111111000000000001111111111111111111111111111111111111111111111110
111111111111111111111111111111111111111111111111111111111111111111111111111111111111111111111111111111111111111111000000001111111111111111111111111111111111111111111111111111111111111111111111111111111111111111111111111111111111111111111111100000000011111111111111111111111111111111111111111111111110
111111111111111111111111111111111111111111111111111111111111111111111111111111111111111111111111111111111111111111000000001111111111111111111111111111111111111111111111111111111111111111111111111111111111111111111111111111111111111111111111110000000011111111111111111111111111111111111111111111111110
111111111111111111111111111111111111111111111111111111111111111111111111111111111111111111111111111111111111111111000000001111111111111111111111111111111111111111111111111111111111111111111111111111111111111111111111111111111111111111111111110000000011111111111111111111111111111111111111111111111110
111111111111111111111111111111111111111111111111111111111111111111111111111111111111111111111111111111111111111111000000001111111111111111111111111111111111111111111111111111111111111111111111111111111111111111111111111111111111111111111111110000000011111111111111111111111111111111111111111111111110
111111111111111111111111111111111111111111111111111111111111111111111111111111111111111111111111111111111111111111100011011111111111111111111111111111111111111111111111111111111111111111111111111111111111111111111111111111111111111111111111111000000111111111111111111111111111111111111111111111111110
111111111111111111111111111111111111111111111111111111111111111111111111111111111111111111111111111111111111111111111111111111111111111111111111111111111111111111111111111111111111111111111111111111111111111111111111111111111111111111111111111111111111111111111111111111111111111111111111111111111110
111111111111111111111111111111111111111111111111111111111111111111111111111111111111111111111111111111111111111111111111111111111111111111111111111111111111111111111111111111111111111111111111111111111111111111111111111111111111111111111111111111111111111111111111111111111111111111111111111111111110
111111111111111111111111111111111111111111111111111111111111111111111111111111111111111111111111111111111111111111111111111111111111111111111111111111111111111111111111111111111111111111111111111111111111111111111111111111111111111111111111111111111111111111111111111111111111111111111111111111111110
111111111111111111111111111111111111111111111111111111111111111111111111111111111111111111111111111111111111111111111111111111111111111111111111111111111111111111111111111111111111111111111111111111111111111111111111111111111111111111111111111111111111111111111111111111111111111111111111111111111110
111111111111111111111111111111111111111111111111111111111111111111111111111111111111111111111111111111111111111111111111111111111111111111111111111111111111111111111111111111111111111111111111111111111111111111111111111111111111111111111111111111111111111111111111111111111111111111111111111111111110
111111111111111111111111111111111111111111111111111111111111111111111111111111111111111111111111111111111111111111111111111111111111111111111111111111111111111111111111111111111111111111111111111111111111111111111111111111111111111111111111111111111111111111111111111111111111111111111111111111111110
111111111111111111111111111111111111111111111111111111111111111111111111111111111111111111111111111111111111111111111111111111111111111111111111111111111111111111111111111111111111111111111111111111111111111111111111111111111111111111111111111111111111111111111111111111111111111111111111111111111110
111111111111111111111111111111111111111111111111111111111111111111111111111111111111111111111111111111111111111111111111111111111111111111111111111111111111111111111111111111111111111111111111111111111111111111111111111111111111111111111111111111111111111111111111111111111111111111111111111111111110
111111111111111111111111111111111111111111111111111111111111111111111111111111111111111111111111111111111111111111111111111111111111111111111111111111111111111111111111111111111111111111111111111111111111111111111111111111111111111111111111111111111111111111111111111111111111111111111111111111111110
111111111111111111111111111111111111111111111111111111111111111111111111111111111111111111111111111111111111111111111111111111111111111111111111111111111111111111111111111111111111111111111111111111111111111111111111111111111111111111111111111111111111111111111111111111111111111111111111111111111110
111111111111111111111111111111111111111111111111111111111111111111111111111111111111111111111111111111111111111111111111111111111111111111111111111111111111111111111111111111111111111111111111111111111111111111111111111111111111111111111111111111111111111111111111111111111111111111111111111111111110
111111111111111111111111111111111111111111111111111111111111111111111111111111111111111111111111111111111111111111111111111111111111111111111111111111111111111111111111111111111111111111111111111111111111111111111111111111111111111111111111111111111111111111111111111111111111111111111111111111111110
111111111111111111111111111111111111111111111111111111111111111111111111111111111111111111111111111111111111111111111111111111111111111111111111111111111111111111111111111111111111111111111111111111111111111111111111111111111111111111111111111111111111111111111111111111111111111111111111111111111110
111111111111111111111111111111111111111111111111111111111111111111111111111111111111111111111111111111111111111111111111111111111111111111111111111111111111111111111111111111111111111111111111111111111111111111111111111111111111111111111111111111111111111111111111111111111111111111111111111111111110
111111111111111111111111111111111111111111111111111111111111111111111111111111111111111111111111111111111111111111111111111111111111111111111111111111111111111111111111111111111111111111111111111111111111111111111111111111111111111111111111111111111111111111111111111111111111111111111111111111111110
111111111111111111111111111111111111111111111111111111111111111111111111111111111111111111111111111111111111111111111111111111111111111111111111111111111111111111111111111111111111111111111111111111111111111111111111111111111111111111111111111111111111111111111111111111111111111111111111111111111110
111111111111111111111111111111111111111111111111111111111111111111111111111111111111111111111111111111111111111111111111111111111111111111111111111111111111111111111111111111111111111111111111111111111111111111111111111111111111111111111111111111111111111111111111111111111111111111111111111111111110
111111111111111111111111111111111111111111111111111111111111111111111111111111111111111111111111111111111111111111111111111111111111111111111111111111111111111111111111111111111111111111111111111111111111111111111111111111111111111111111111111111111111111111111111111111111111111111111111111111111110
