333333333333333333333333333333333333333333333333333333333333333333333333333333333333333333333333333333333333333333333333333333333333333333333333333333333333333333333333333333333333333333333333333333333333333333333333333333333333333333333333333333333333333333333333333333333333333333333333333333333333
111111111111111111111111111111111111111111111111111111111111111111111111111111111111111111111111111111111111111111111111111111111111111111111111111111111111111111111111111111111111111111111111111111111111111111111111111111111111111111111111111111111111111111111111111111111111111111111111111111111113
111111111111111111111111111111111111111111111111111111111111111111111111111111111111111111111111111111111111111111111111111111111111111111111111111111111111111111111111111111111111111111111111111111111111111111111111111111111111111111111111111111111111111111111111111111111111111111111111111111111113
111111111111111111111111111111111111111111111111111111111111111111111111111111111111111111111111111111111111111111111111111111111111111111111111111111111111111111111111111111111111111111111111111111111111111111111111111111111111111111111111111111111111111111111111111111111111111111111111111111111113
111111111111111111111111111111111111111111111111111111111111111111111111111111111111111111111111111111111111111111111111111111111111111111111111111111111111111111111111111111111111111111111111111111111111111111111111111111111111111111111111111111111111111111111111111111111111111111111111111111111113
111111111111111111111111111111111111111111111111111111111111111111111111111111111111111111111111111111111111111111111111111111111111111111111111111111111111111111111111111111111111111111111111111111111111111111111111111111111111111111111111111111111111111111111111111111111111111111111111111111111113
111111111111111111111111111111111111111111111111111111111111111111111111111111111111111111111111111111111111111111111111111111111111111111111111111111111111111111111111111111111111111111111111111111111111111111111111111111111111111111111111111111111111111111111111111111111111111111111111111111111113
111111111111111111111111111111111111111111111111111111111111111111111111111111111111111111111111111111111111111111111111111111111111111111111111111111111111111111111111111111111111111111111111111111111111111111111111111111111111111111111111111111111111111111111111111111111111111111111111111111111113
111111111111111111111111111111111111111111111111111111111111111111111111111111111111111111111111111111111111111111111111111111111111111111111111111111111111111111111111111111111111111111111111111111111111111111111111111111111111111111111111111111111111111111111111111111111111111111111111111111111113
111111111111111111111111111111111111111111111111111111111111111111111111111111111111111111111111111111111111111111111111111111111111111111111111111111111111111111111111111111111111111111111111111111111111111111111111111111111111111111111111111111111111111111111111111111111111111111111111111111111113
111111111111111111111111111111111111111111111111111111111111111111111111111111111111111111111111111111111111111111111111111111111111111111111111111111111111111111111111111111111111111111111111111111111111111111111111111111111111111111111111111111111111111111111111111111111111111111111111111111111113
111111111111111111111111111111111111111111111111111111111111111111111111111111111111111111111111111111111111111111111111111111111111111111111111111111111111111111111111111111111111111111111111111111111111111111111111111111111111111111111111111111111111111111111111111111111111111111111111111111111113
111111111111111111111111111111111111111111111111111111111111111111111111111111111111111111111111111111111111111111111111111111111111111111111111111111111111111111111111111111111111111111111111111111111111111111111111111111111111111111111111111111111111111111111111111111111111111111111111111111111113
111111111111111111111111111111111111111111111111111111111111111111111111111111111111111111111111111111111111111111111111111111111111111111111111111111111111111111111111111111111111111111111111111111111111111111111111111111111111111111111111111111111111111111111111111111111111111111111111111111111113
111111111111111111111111111111111111111111111111111111111111111111111111111111111111111111111111111111111111111111111111111111111111111111111111111111111111111111111111111111111111111111111111111111111111111111111111111111111111111111111111111111111111111111111111111111111111111111111111111111111113
111111111111111111111111111111111111111111111111111111111111111111111111111111111111111111111111111111111111111111111111111111111111111111111111111111111111111111111111111111111111111111111111111111111111111111111111111111111111111111111111111111111111111111111111111111111111111111111111111111111113
111111111111111111111111111111111111111111111111111111111111111111111111111111111111111111111111111111111111111111111111111111111111111111111111111111111111111111111111111111111111111111111111111111111111111111111111111111111111111111111111111111111111111111111111111111111111111111111111111111111113
111111111111111111111111111111111111111111111111111111111111111111111111111111111111111111111111111111111111111111111111111111111111111111111111111111111111111111111111111111111111111111111111111111111111111111111111111111111111111111111111111111111111111111111111111111111111111111111111111111111113
111111111111111111111111111111111111111111111111111111111111111111111111111111111111111111111111111111111111111111111111111111111111111111111111111111111111111111111111111111111111111111111111111111111111111111111111111111111111111111111111111111111111111111111111111111111111111111111111111111111113
111111111111111111111111111111111111111111111111111111111111111111111111111111111111111111111111111111111111111111111111111111111111111111111111111111111111111111111111111111111111111111111111111111111111111111111111111111111111111111111111111111111111111111111111111111111111111111111111111111111113
111111111111111111111111111111111111111111111111111111111111111111111111111111111111111111111111111111111111111111111111111111111111111111111111111111111111111111111111111111111111111111111111111111111111111111111111111111111111111111111111111111111111111111111111111111111111111111111111111111111113
111111111111111111111111111111111111111111111111111111111111111111111111111111111111111111111111111111111111111111111111111111111111111111111111111111111111111111111111111111111111111111111111111111111111111111111111111111111111111111111111111111111111111111111111111111111111111111111111111111111113
111111111111111111111111111111111111111111111111111111111111111111111111111111111111111111111111111111111111111111111111111111111111111111111111111111111111111111111111111111111111111111111111111111111111111111111111111111111111111111111111111111111111111111111111111111111111111111111111111111111113
111111111111111111111111111111111111111111111111111111111111111111111111111111111111111111111111111111111111111111111111111111111111111111111111111111111111111111111111111111111111111111111111111111111111111111111111111111111111111111111111111111111111111111111111111111111111111111111111111111111113
111111111111111111111111111111111111111111111111111111111111111111111111111111111111111111111111111111111111111111111111111111111111111111111111111111111111111111111111111111111111111111111111111111111111111111111111111111111111111111111111111111111111111111111111111111111111111111111111111111111113
111111111111111111111111111111111111111111111111111111111111111111111111111111111111111111111111111111111111111111111111111111111111111111111111111111111111111111111111111111111111111111111111111111111111111111111111111111111111111111111111111111111111111111111111111111111111111111111111111111111113
111111111111111111111111111111111111111111111111111111111111111111111111111111111111111111111111111111111111111111111111111111111111111111111111111111111111111111111111111111111111111111111111111111111111111111111111111111111111111111111111111111111111111111111111111111111111111111111111111111111113
111111111111111111111111111111111111111111111111111111111111111111111111111111111111111111111111111111111111111111111111111111111111111111111111111111111111111111111111111111111111111111111111111111111111111111111111111111111111111111111111111111111111111111111111111111111111111111111111111111111113
111111111111111111111111111111111111111111111111111111111111111111111111111111111111111111111111111111111111111111111111111111111111111111111111111111111111111111111111111111111111111111111111111111111111111111111111111111111111111111111111111111111111111111111111111111111111111111111111111111111113
111111111111111111111111111111111111111111111111111111111111111111111111111111111111111111111111111111111111111111111111111111111111111111111111111111111111111111111111111111111111111111111111111111111111111111111111111111111111111111111111111111111111111111111111111111111111111111111111111111111113
111111111111111111111111111111111111111111111111111111111111111111111111111111111111111111111111111111111111111111111111111111111111111111111111111111111111111111111111111111111111111111111111111111111111111111111111111111111111111111111111111111111111111111111111111111111111111111111111111111111113
111111111111111111111111111111111111111111111111111111111111111111111111111111111111111111111111111111111111111111111111111111111111111111111111111111111111111111111111111111111111111111111111111111111111111111111111111111111111111111111111111111111111111111111111111111111111111111111111111111111113
111111111111111111111111111111111111111111111111111111111111111111111111111111111111111111111111111111111111111111111111111111111111111111111111111111111111111111111111111111111111133311111111111111111111111111111111111111111111111111111111111111111111111111111111111111111111111111111111111111111113
111111111111111111111111111111111111111111111111111111111111111111111111111111111111111111111111111111111111111111111111111111111111111111111111111111111111111111111111111111111111333331111111111111111111111111111111111111111111111111111111111111111111111111111111111111111111111111111111111111111113
111111111111111111111111111111111111111111111111111111111111111111111111111111111111111111111111111111111111111111111111111111111111111111111111111111111111111111111111111111111113333333333333333333111111111111111111111111111111111111111111111111111111111111111111111111111111111111111111111111111113
111111111111111111111111111111111111111111111111111111111111111111111111111111111111111111111111111111111111111111111111111111111111111111111111111111111111111111111111111111111133333333333333333333311111111111111111111111111111111111111111111111111111111111111111111111111111111111111111111111111113
111111111111111111111111111111111111111111111111111111111111111111111111111111111111111111111111111111111111111111111111111111133333333333333333333333333333333333333333333333333333333333333333333333331111111111111111111111111133333333333333333111133111111111111111111111111111111111111111111111111113
111111111111111111111111111111111111111111111111111111111111111111111111111111111111111111111111111111111111111111111111111111333333333333333333533333333333333333333333333333333333333333333333333333331111111111111111111111111333333333333333333111333311111111111111111111111111111111111111111111111113
111111111111111111111111111111111111111111111111111111111111111111111111111111111111111111111111111111111111111111111111111113333333333333333333333333333333333333333333333333333333333333333333333333331111111111111111111111133333333333333333333113333311111111111111111111111111111111111111111111111113
111111111111111111111111111111111111111111111111111111111111111111111111111111111111111111111111111111111111111111111111111113333333333333333333333333333333333333333333333333333333333333333333333333331111111111111111111111333333333333333333333333333331111111111111111111111111111111111111111111111113
111111111111111111111111111111111111111111111111111111111111111111111111111111111111111111111111111111111111111111111111111133333333333333333333333333333333333333333333333333333333333333333333333333331111111111111111111113333333333333333333333333333331111111111111111111111111111111111111111111111113
111111111111111111111111111111111111111111111111111111111111111111111111111111111111111111111111111111111111111111111111111333333333333333333333333333333333333333333333333333333333333333333333333333333111111111111111111333333333333333333333333333333331111111111111111111111111111111111111111111111113
111111111111111111111111111111111111111111111111111111153333333311111111111111111111111111111111111111111111111111111111113333333333333333333333333333333333333333311111111111111111111111133333333333333333333333333333333333333333333333333333333333333311111111111111111111111111111111111111111111111113
111111111111111111111111111111111111111111111111111111333333333311111111111111111111111111111111111111111111111111111133333333333333333333333333333333333333333333111111111111111111111111111111333333333333333333333333333333333333333333333333333333333311111111111111111111111111111111111111111111111113
111111111111111111111111111111111111111111111111111333333333333311111111111111111111111111111111111111111133333333353333333333333333333333333333333333333333333331111111111111111111111111111111133333333333333333333333333333333333333333333333333333333111111111111111111111111111111111111111111111111113
111111111111111111111111111111111111111111111111113333333333333311111111111111111111111111111111111111111333333333333333333333333333333333333333333333333333333331111111111111111111111111111111113333333333333333333333333333333333333333333333333333311111111111111111111111111111111111111111111111111113
111111111111111111111111111111111111111111133333333333331111111111111111111111111111111111111111111111113333333333333333333333333333333333333333333333333333333311111111111111111111111111111111111333333333333333333333333333333333333333333333333333111111111111111111111111111111111111111111111111111113
111111111111111111111111111111111111113333333333333333311111111111111111111111111111111111111111111111133333333333333333333333333333333333333333333333333333333311111111111111111111111111111111111333333333333333333333333333333333333333333333333333111111111111111111111111111111111111111111111111111113
111111111111111111111111111111111111333333333333333333111111111111111111111111111111111111111333333333333333333333333333333333333333333333333333333333333333333111111111111111111111111111111111111111111133333333333333333333333333333333333333333333111111111111111111111111111111111111111111111111111113
111111111111111111111111111111111113333333333333333333111111111111111111111111111111111111133333333333333333333333333333333333333333333333333333333333333333311111111111111111111111111111111111111111111111113333333333355533333333333333333333333333111111111111111111111111111111111111111111111111111113
111111111111111111111111111111111113333311111111111111111111111111111111111111111111111111333333333333333333333333333335333311111111111111111111111111111111111111111111111111111111111111111111111111111111111111111111111111111111111111113333333333111111111111111111111111111111111111111111111111111113
111111111111111111111111111111111133333311111111111111111111111111111111111111111111111133333333333333333333333333333333311111111111111111111111111111111111111111111111111111111111111111111111111111111111111111111111111111111111111111111333333335111111111111111111111111111111111111111111111111111113
111111111111111111111111111111111133333111111111111111111111111111111111111111111111113333333333333333333333333333333333111111111111111111111111111111111111111111111111111111111111111111111111111111111111111111111111111111111111111111111133333355111111111111111111111111111111111111111111111111111113
111111111111111111111111111111111133331111111111111111111111111111111111111111111111133333333333333333333333333333333333111111111111111111111111111111111111111111111111111111111111111111111111111111111111111111111111111111111111111111111113333333331111111111111111111111111111111111111111111111111113
111111111111111111111111111111111133331111111111111111111111111111111111111111111133333333333333333333333333333333333333111111111111111111111111111111111111111111111111111111111111111111111111111111111111111111111111111111111111111111111111333333333111111111111111111111111111111111111111111111111113
111111111111111111111111111111111133331111111111111111111111111111111111111333333333333333333333333333333333333333333333111111111111111111111111111111111111111111111111111111111111111111111111111111111111111111111111111111111111111111111111333333333311111111111111111111111111111111111111111111111113
111111111111111111111111111111111133331111111111111111111111111111111111113333333333333333333333333333333333333333333311111111111111111111111111111111111111111111111111111111111111111111111111111111111111111111111111111111111111111111111111333333333311111111111111111111111111111111111111111111111113
111111111111111111111111111111111133331111111111111111111111111111111111113333333333333333333333333333333333333333331111111111111111111111111111111111111111111111111111111111111111111111111111111111111111111111111111111111111111111111111111133333333311111111111111111111111111111111111111111111111113
111111111111111111111111111111111333331111111111111111111111111111111111113333333333333333333333333333333333333333331111111111111111111111111111111111111111111111111111111111111111111111111111111111111111111111111111111111111111111111111111113333333311111111111111111111111111111111111111111111111113
111111111111111111111111111111111333331111111111111111111111111111111111333333333333333333333333333333333333333333311111111111111111111111111111111111111111111111111111111111111111111111111111111111111111111111111111111111111111111111111111113333333311111111111111111111111111111111111111111111111113
111111111111111111111111111111113333331111111111111111111111111111111133333333333333333333333333353333333333333333111111111111111111111111111111111111111111111111111111111111111111111111111111111111111111111111111111111111111111111111111111111333333311111111111111111111111111111111111111111111111113
111111111111111111111111111111113333311111111111111111111111111111113333333333333333333333333333333333333333333331111111111111111111111111111111111111111111111111111111111111111111111111111111111111111111111111111111111111111111111111111111111133333311111111111111111111111111111111111111111111111113
111111111111111111111111111111133333111111111111111111111111111111133333333333333333333333333333333333333333333311111111111111111111111111111111111111111111111111111111111111111111111111111111111111111111111111111111111111111111111111111111111113333311111111111111111111111111111111111111111111111113
111111111111111111111111111111333333111111111111111111111111111111333333333333333333333333333333333333333333355111111111111111111111111111111111111111111111111111111111111111111111111111111111111111111111111111111111111111111111111111111111111111333311111111111111111111111111111111111111111111111113
111111111111111111111111111111333333111111111111111111111111111111333333333333333333333333333333333333333333355111111111111111111111111111111111111111111111111111111111111111111111111111111111111111111111111111111111111111111111111111111111111111333311111111111111111133333311111111111111111111111113
111111111111111111111111111113333331111111111111111111111111111113353333333333333333333333333333333333333333111111111111111111111111111111111111111111111111111111111111111111111111111111111111111111111111111111111111111111111111111111111111111111333311111111111111111333333311111111111111111111111113
111111111111111111111111111133333311111111111111111111111111111133333333333333333333333333333333333333333333111111111111111111111111111111111111111111111111111111111111111111111111111111111111111111111111111111111111111111111111111111111111111111333331111111111111113333333311111111111111111111111113
111111111111111111111111111133333111111111111111111111111111111133333333333333335333333333333333333333333331111111111111111111111111111111111111111111111111111111111111111111111111111111111111111111111111111111111111111111111111111111111111111111333331111111111111113333333311111111111111111111111113
111111111111111111111111111333331111111111111111111111111111113333333333333333335533333333333333333333333311111111111111111111111111111111111111111111111111111111111111111111111111111111111111111111111111111111111111111111111111111111111111111111333331111111111111113333111111111111111111111111111113
111111111111111111111111111333311111111111111111111111111111113333333333333333335533333333333333333333333111111111111111111111111111111111111111111111111111111111111111111111111111111111111111111111111111111111111111111111111111111111111111111111133333333333333333333311111111111111111111111111111113
111111111111111111111111111333111111111111111111111111111111133333333333333333333333333333333333333333311111111111111111111111111111111111111111111111111111111111111111111111111111111111111111111111111111111111111111111111111111111111111111111111111333333333333333333311111111111111111111111111111113
111111111111111111111111113333111111111111111111111111111111333333333333333333333333333333333333333331111111111111111111111111111111111111111111111111111111111111111111111111111111111111111111111111111111111111111111111111111111111111111111111111111133333333333333333111111111111111111111111111111113
111111111111111111111111113333111111111111111111111111111113333333333333333333331111111111111111111111111111111111111111111111111111111111111111111111111111111111111111111111111111111111111111111111111111111111111111111111111111111111111111111111111111111111111111111111111111111111111111111111111113
111111111111111111111111113333111111111111111111111111111133333333333333333331111111111111111111111111111111111111111111111111111111111111111111111111111111133333333333333111111111111111111111111111111111111111111111111111111111111111111111111111111111111111111111111111111111111111111111111111111113
111111111111111111111111113333111111111111111111111111111133333333333333333311111111111111111111111111111111111111111111111111111111111111111111111111111113333333333333333333333331111111111111111111111111111111111111111111111111111111111111111111111111111111111111111111111111111111111111111111111113
111111111111111111111111113333111111111111111111111111111133333333333333333311111111111111111111111111111111111111111111111111111111111111111111111111111133333333333333333333333331111111111111111111111111111111111111111111111111111111111111111111111111111111111111111111111111111111111111111111111113
111111111111111111111111133333111111111111111111111111111333333333333333333311111111111111111111111111111111111111111111111111111111111111111111111111111333333331111111111111113333333111111111111111111111111111111111111111111111111111111111111111111111111111111111111111111111111111111111111111111113
111111111111111111111111133333111111111111111111111111133333333333333333333111111111111111111111111111111111111111111111111111111111111111111111111111113333331111111111111111111333333311111111111111111111111111111111111111111111111111111111111111111111111111111111111111111111111111111111111111111113
111111111111111111111111333333111111111111111111111111333333333333333333333111111111111111111111111111111111111111111111111111111111111111111111111111133333331111111111111111111333333331111111111111111111111111111111111111111111111111111111111111111111111111111111111111111111111111111111111111111113
111111111111111111111115333333111111111111111111111113333333333333333333331111111111111111111111111111111111111111111111111111111111111111111111111113333333331111111111111111111133333333111111111111111111111111111111111111111111111111111111111111111111111111111111111111111111111111111111111111111113
111111111111111111111155333333311111111111111155111333333333333333333333111111111111111111111111111111111111111111111111111111111111111111111111111333333333311111111111111111111113333333331111111111111111111111111111111111111111111111111111111111111111111111111111111111111111111111111111111111111113
111111111111111111111155333333333111111111111155133333333333333333333311111111111111111111111111111111111111111111111111111111111111111111111111111333333333111111111111111111111111333333333333311111111111111331111111111111111111111111111111111111111111111111111111111111111111111111111111111111111113
111111111111111111111153333333333333333333333333333333333333333333333311111111111111111111111111111111111111111111111111111111111111111111111111111333333333111111111111111111111111111133333333333333333333333331111111111111111111111111111111111111111111111111111111111111111111111111111111111111111113
111111111111111111111153333333333333333333333333353333333333333333333111111111111111111111111111111111111111111111111111111111111111111111113333333333333331111111111111111111111111111113333333333333333333333331111111111111111111111111111111111111111111111111111111111111111111111111111111111111111113
111111111111111111111113333333333333333333333333333333333333333333333111111111111111111111111111111111111111111111111111111111111111111111333333333333333111111111111111111111111111111111113333333111111111111111111111111111111111111111111111111111111111111111111111111111111111111111111111111111111113
111111111111111111111113333333333333333333333333333333333333333333331111111111111111111111111111111111111111111111111111111111111111111111333333333333331111111111111111111111111111111111111111111111111111111111111111111111111111111111111111111111111111111111111111111111111111111111111111111111111113
111111111111111111111111113333333333333333333333333333333333333333331111111111111111111111111111111111111111111111111111111111111111111333333333333331111111111111111111111111111111111111111111111111111111111111111111111111111111111111111111111111111111111111111111111111111111111111111111111111111113
111111111111111111111111111333333333333333333333333333333333333333311111111111111111111111111111111111111111111111111111111111111111133333333333335111111111111111111111111111111111111111111111111111111111111111111111111111111111111111111111111111111111111111111111111111111111111111111111111111111113
111111111111111111111111111133333333333333333333333333333333333333111111111111111111111111111111111111111111111111111111111111111113333333333351111111111111111111111111111111111111111111111111111111111111111111111111111111111111111111111111111111111111111111111111111111111111111111111111111111111113
111111111111111111111111111113333333333333333333333333333331111111111111111111111111111111111111111111111111111111111111111111111133333333333111111111111111111111111111111111111111111111111111111111111111111111111111111111111111111111111111111111111111111111111111111111111111111111111111111111111113
111111111111111111111111111111333333333333333333333333333331111111111111111111111111111111111111111111111111111111111111111111111333333333331111111111111111111111111111111111111111111111111111111111111111111111111111111111111111111111111111111111111111111111111111111111111111111111111111111111111113
111111111111111111111111111111133333333333333333333333333311111111111111111111111111111111111111111111111111111111111111111111111333333333111111111111111111111111111111111111111111111111111111111111111111111111111111111111111111111111111111111111111111111111111111111111111111111111111111111111111113
111111111111111111111111111111133333333333333333333333333111111111111111111111111111111111111111111111111111111111111111111111111333333311111111111111111111111111111111111111111111111111111111111111111111111111111111111111111111111111111111111111111111111111111111111111111111111111111111111111111133
111111111111111111111111111111133333333333333333333333333111111111111111111111111111111111111111111111111111111111111111111111111333333111111111111111111111111111111111111111111111111111111111111111111111111111111111111111111111111111111111111111111111111111111111111111111111111111111111111111111133
111111111111111111111111111111333333333333333333333333331111111111111111111111111111111111111111111111111111111111111111111111111333333111111111111111111111111111111111111111111111111111111111111111111111111111111111111111111111111111111111111111111111111111111111111111111111111111111111111111111133
111111111111111111111111111111333333333333333333333333331111111111111111111111111111111111111111111111111111111111111111111111113333333311111111111111111111111111111111111111111111111111111111111111111111111111111111111111111111111111111111111111111111111111111111111111111111111111111111111111111133
111111111111111111111111111111333333333333333333333333331111111111111111111111111111111111111111111111111111111111111111111113333333333311111111111111111111111111111111111111111111111111111111111111111111111111111111111111111111111111111111111111111111111111111111111111111111111111111111111111111133
111111111111111111111111111111333333333333333333333333331111111111111111111111111111111111111111111111111111111111111111111333333333333333111111111111111111111111111111111111111111111111111111111111111111111111111111111111111111111111111111111111111111111111111111111111111111111111111111111111111133
111111111111111111111111111113333333333333333333333333333311111111111111111111111111111111111111111111111111111111111133333333333333333333331111111111111111111111111111111111111111111111111111111111111111111111111111111111111111111111111111111111111111111111111111111111111111111111111111111111111133
111111111111111111111111111113333333333333333333333333333333311111111111111111111111111111111111111111111111111111113333333333333333333333333311111111111111111111111111111111111111111111111111111111111111111111111111111111111111111111111111111111111111111111111111111111111111111111111111111111111133
111111111111111111111111111133333333333333111111111111133333333311111111111111111111111111111111111111111111111113333333333333333333333333333333311111111111111111111111111111111111111111111111111111111111111111111111111111111111111111111111111111111111111111111111111111111111111111111111111111111133
111111111111111111111111111333333333333333111111111111111333333333333333111111111111111111111111111111111111111333333333333333333333333333333333333111111111111111111111111111111111111111111111111111111111111111111111111111111111111111111111111111111111111111111111111111111111111111111111111111111133
111111111111111111111111113333333333333331111111111111111133333333333333331111111111111111111111111111111113333333333333333333333333333333333333333311111111111111111111111111111111111111111111111111111111111111111111111111111111111111111111111111111111111111111111111111111111111111111111111111111133
111111111111111111111111113333333313333311111111111111111111333333333333333333111111111111111111111111113333333333333333333333333333333333333333333333311111111111111111111111111111111111111111111111111111111111111111111111111111111111111111111111111111111111111111111111111111111111111111111111111133
111111111111111111111111113333333113333111111111111111111111133333333333333333333333333333333333333333333333333333333333333311111111111333333333333333333333333331111111111111111111111111111111111111111111111111111111111111111111111111111111111111111111111111111111111111111111111111111111111111111133
111111111111111111111111113333331133331111111111111111111111113333333333333333333333333333333333333333333333333333333333333111111111111111113333333333333333333333331111111111111111111111111111111111111111111111111111111111111111111111111111111111111111111111111111111111111111111111111111111111111133
111111111111111111111111113333311333111111111111111111111111111111111111111113333333333333333333333333333333333333333333111111111111111111111111111333333333333333333333333333333333333333111111111111111111111111111111111111111111111111111111111111111111111111111111111111111111111111111111111111111133
111111111111111111111111115533111331111111111111111111111111111111111111111111333333333333333333333333333333333333333331111111111111111111111111111133333333333333333333333333333333333333111111111111111111111111111111111111111111111111111111111111111111111111111111111111111111111111111111111111111133
111111111111111111111111115531113331111111111111111111111111111111111111111111111111111111111111111111111111111111111111111111111111111111111111111111333333333333333333333333533333333333311111111111111111111111111111111111111111111111111111111111111111111111111111111111111111111111111111111111111133
111111111111111111111111111111133311111111111111111111111111111111111111111111111111111111111111111111111111111111111111111111111111111111111111111111133333333333333333333333533533333333331111111111111111111111111111111111111111111111111111111111111111111111111111111111111111111111111111111111111133
111111111111111111111111111111333311111111111111111111111111111111111111111111111111111111111111111111111111111111111111111111111111111111111111111111113311111111111111111111111111111113333311111111111111111111111111111111111111111111111111111111111111111111111111111111111111111111111111111111111133
111111111111111111111111111113333311111111111111111111111111111111111111111111111111111111111111111111111111111111111111111111111111111111111111111111113311111111111111111111111111111111333333331111111111111111111111111111111111111111111111111111111111111111111111111111111111111111111111111111111133
111111111111111111111111111133333311111111111111111111111111111111111111111111111111111111111111111111111111111111111111111111111111111111111111111111113311111111111111111111111111111111333333311111111111111111111111111111111111111111111111111111111111111111111111111111111111111111111111111111111133
111111111111111111111111111133333311111111111111111111111111111111111111111111111111111111111111111111111111111111111111111111111111111111111111111111113311111111111111111111111111111111133333111111111111111111111111111111111111111111111111111111111111111111111111111111111111111111111111111111111133
111111111111111111111111111133333311111111111111111111111111111111111111111111111111111111111111111111111111111111111111111111111111111111111111111111113311111111111111111111111111111111111111111111111111111111111111111111111111111111111111111111111111111111111111111111111111111111111111111111111133
111111111111111111111111111113333331111111111111111111111111111111111111111111111111111111111111111111111111111111111111111111111111111111111111111111113331111111111111111111111111111111111111111111111111111111111111111111111111111111111111111111111111111111111111111111111111111111111111111111111133
111111111111111111111111111111133333111111111111111111111111111111111111111111111111111111111111111111111111111111111111111111111111111111111111111111113333333331111111111111111111111111111111111111111111111111111111111111111111111111111111111111111111111111111111111111111111111111111111111111111133
111111111111111111111111111111113333351111111111111111111111111111111111111111111111111111111111111111111111111111111111111111111111111111111111111111111333333333311111111111111111111111111111111111111111111111111111111111111111111111111111111111111111111111111111111111111111111111111111111111111133
111111111111111111111111111111111333333333333333331111111111111111111111111111111111111111111111111111111111111111111111111111111111111111111111111111111113333333333333311111111111111111111111111111111111111111111111111111111111111111111111111111111111111111111111111111111111111111111111111111111133
111111111111111111111111111111111113333333333333333331111111111111111111111111111111111111111111111111111111111111111111111111111111111111111111111111111111133333333333333311111111111111111111111111111111111111111111111111111111111111111111111111111111111111111111111111111111111111111111111111111133
111111111111111111111111111111111111113333333333333333333333311111111111111111111111111111111111111111111111111111111111111111111111111111111111111111111111111111111133333331111111111111111111111111111111111111111111111111111111111111111111111111111111111111111111111111111111111111111111111111111133
111111111111111111111111111111111111111111333333333333333333331111111111111111111111111111111111111111111111111111111111111111111111111111111111111111111111111111111133333333111111111111111111111111111111111111111111111111111111111111111111111111111111111111111111111111111111111111111111111111111133
111111111111111111111111111111111111111111111111111133333333333333331111111111111111111111111111111111111111111111111111111111111111111111111111111111111111111111111113333335111111111111111111111111111111111111111111111111111111111111111111111111111111111111111111111111111111111111111111111111111133
111111111111111111111111111111111111111111111111111133333333333333331111111111111111111111111111111111111111111111111111111111111111111111111111111111111111111111111111335531111111111111111111111111111111111111111111111111111111111111111111111111111111111111111111111111111111111111111111111111111133
111111111111111111111111111111111111111111111111111111111111113333333333333111111111111111111111111111111111111111111111111111111111111111111111111111111111111111111111111111111111111111111111111111111111111111111111111111111111111111111111111111111111111111111111111111111111111111111111111111111133
111111111111111111111111111111111111111111111111111111111111113333333333333111111111111111111111111111111111111111111111111111111111111111111111111111111111111111111111111111111111111111111111111111111111111111111111111111111111111111111111111111111111111111111111111111111111111111111111111111111133
111111111111111111111111111111111111111111111111111111111111111111111111333111111111111111111111111111111111111111111111111111111111111111111111111111111111111111111111111111111111111111111111111111111111111111111111111111111111111111111111111111111111111111111111111111111111111111111111111111111133
111111111111111111111111111111111111111111111111111111111111111111111111333111111111111111111111111111111111111111111111111111111111111111111111111111111111111111111111111111111111111111111111111111111111111111111111111111111111111111111111111111111111111111111111111111111111111111111111111111111133
111111111111111111111111111111111111111111111111111111111111111111111111111111111111111111111111111111111111111111111111111111111111111111111111111111111111111111111111111111111111111111111111111111111111111111111111111111111111111111111111111111111111111111111111111111111111111111111111111111111133
111111111111111111111111111111111111111111111111111111111111111111111111111111111111111111111111111111111111111111111111111111111111111111111111111111111111111111111111111111111111111111111111111111111111111111111111111111111111111111111111111111111111111111111111111111111111111111111111111111111133
111111111111111111111111111111111111111111111111111111111111111111111111111111111111111111111111111111111111111111111111111111111111111111111111111111111111111111111111111111111111111111111111111111111111111111111111111111111111111111111111111111111111111111111111111111111111111111111111111111111133
111111111111111111111111111111111111111111111111111111111111111111111111111111111111111111111111111111111111111111111111111111111111111111111111111111111111111111111111111111111111111111111111111111111111111111111111111111111111111111111111111111111111111111111111111111111111111111111111111111111133
111111111111111111111111111111111111111111111111111111111111111111111111111111111111111111111111111111111111111111111111111111111111111111111111111111111111111111111111111111111111111111111111111111111111111111111111111111111111111111111111111111111111111111111111111111111111111111111111111111111113
111111111111111111111111111111111111111111111111111111111111111111111111111111111111111111111111111111111111111111111111111111111111111111111111111111111111111111111111111111111111111111111111111111111111111111111111111111111111111111111111111111111111111111111111111111111111111111111111111111111113
111111111111111111111111111111111111111111111111111111111111111111111111111111111111111111111111111111111111111111111111111111111111111111111111111111111111111111111111111111111111111111111111111111111111111111111111111111111111111111111111111111111111111111111111111111111111111111111111111111111113
111111111111111111111111111111111111111111111111111111111111111111111111111111111111111111111111111111111111111111111111111111111111111111111111111111111111111111111111111111111111111111111111111111111111111111111111111111111111111111111111111111111111111111111111111111111111111111111111111111111113
111111111111111111111111111111111111111111111111111111111111111111111111111111111111111111111111111111111111111111111111111111111111111111111111111111111111111111111111111111111111111111111111111111111111111111111111111111111111111111111111111111111111111111111111111111111111111111111111111111111113
111111111111111111111111111111111111111111111111111111111111111111111111111111111111111111111111111111111111111111111111111111111111111111111111111111111111111111111111111111111111111111111111111111111111111111111111111111111111111111111111111111111111111111111111111111111111111111111111111111111113
111111111111111111111111111111111111111111111111111111111111111111111111111111111111111111111111111111111111111111111111111111111111111111111111111111111111111111111111111111111111111111111111111111111111111111111111111111111111111111111111111111111111111111111111111111111111111111111111111111111113
111111111111111111111111111111111111111111111111111111111111111111111111111111111111111111111111111111111111111111111111111111111111111111111111111111111111111111111111111111111111111111111111111111111111111111111111111111111111111111111111111111111111111111111111111111111111111111111111111111111113
111111111111111111111111111111111111111111111111111111111111111111111111111111111111111111111111111111111111111111111111111111111111111111111111111111111111111111111111111111111111111111111111111111111111111111111111111111111111111111111111111111111111111111111111111111111111111111111111111111111113
111111111111111111111111111111111111111111111111111111111111111111111111111111111111111111111111111111111111111111111111111111111111111111111111111111111111111111111111111111111111111111111111111111111111111111111111111111111111111111111111111111111111111111111111111111111111111111111111111111111113
111111111111111111111111111111111111111111111111111111111111111111111111111111111111111111111111111111111111111111111111111111111111111111111111111111111111111111111111111111111111111111111111111111111111111111111111111111111111111111111111111111111111111111111111111111111111111111111111111111111113
111111111111111111111111111111111111111111111111111111111111111111111111111111111111111111111111111111111111111111111111111111111111111111111111111111111111111111111111111111111111111111111111111111111111111111111111111111111111111111111111111111111111111111111111111111111111111111111111111111111113
111111111111111111111111111111111111111111111111111111111111111111111111111111111111111111111111111111111111111111111111111111111111111111111111111111111111111111111111111111111111111111111111111111111111111111111111111111111111111111111111111111111111111111111111111111111111111111111111111111111113
111111111111111111111111111111111111111111111111111111111111111111111111111111111111111111111111111111111111111111111111111111111111111111111111111111111111111111111111111111111111111111111111111111111111111111111111111111111111111111111111111111111111111111111111111111111111111111111111111111111113
111111111111111111111111111111111111111111111111111111111111111111111111111111111111111111111111111111111111111111111111111111111111111111111111111111111111111111111111111111111111111111111111111111111111111111111111111111111111111111111111111111111111111111111111111111111111111111111111111111111113
111111111111111111111111111111111111111111111111111111111111111111111111111111111111111111111111111111111111111111111111111111111111111111111111111111111111111111111111111111111111111111111111111111111111111111111111111111111111111111111111111111111111111111111111111111111111111111111111111111111113
111111111111111111111111111111111111111111111111111111111111111111111111111111111111111111111111111111111111111111111111111111111111111111111111111111111111111111111111111111111111111111111111111111111111111111111111111111111111111111111111111111111111111111111111111111111111111111111111111111111113
111111111111111111111111111111111111111111111111111111111111111111111111111111111111111111111111111111111111111111111111111111111111111111111111111111111111111111111111111111111111111111111111111111111111111111111111111111111111111111111111111111111111111111111111111111111111111111111111111111111113
111111111111111111111111111111111111111111111111111111111111111111111111111111111111111111111111111111111111111111111111111111111111111111111111111111111111111111111111111111111111111111111111111111111111111111111111111111111111111111111111111111111111111111111111111111111111111111111111111111111113
111111111111111111111111111111111111111111111111111111111111111111111111111111111111111111111111111111111111111111111111111111111111111111111111111111111111111111111111111111111111111111111111111111111111111111111111111111111111111111111111111111111111111111111111111111111111111111111111111111111113
111111111111111111111111111111111111111111111111111111111111111111111111111111111111111111111111111111111111111111111111111111111111111111111111111111111111111111111111111111111111111111111111111111111111111111111111111111111111111111111111111111111111111111111111111111111111111111111111111111111113
111111111111111111111111111111111111111111111111111111111111111111111111111111111111111111111111111111111111111111111111111111111111111111111111111111111111111111111111111111111111111111111111111111111111111111111111111111111111111111111111111111111111111111111111111111111111111111111111111111111113
111111111111111111111111111111111111111111111111111111111111111111111111111111111111111111111111111111111111111111111111111111111111111111111111111111111111111111111111111111111111111111111111111111111111111111111111111111111111111111111111111111111111111111111111111111111111111111111111111111111113
111111111111111111111111111111111111111111111111111111111111111111111111111111111111111111111111111111111111111111111111111111111111111111111111111111111111111111111111111111111111111111111111111111111111111111111111111111111111111111111111111111111111111111111111111111111111111111111111111111111113
111111111111111111111111111111111111111111111111111111111111111111111111111111111111111111111111111111111111111111111111111111111111111111111111111111111111111111111111111111111111111111111111111111111111111111111111111111111111111111111111111111111111111111111111111111111111111111111111111111111113
111111111111111111111111111111111111111111111111111111111111111111111111111111111111111111111111111111111111111111111111111111111111111111111111111111111111111111111111111111111111111111111111111111111111111111111111111111111111111111111111111111111111111111111111111111111111111111111111111111111113
111111111111111111111111111111111111111111111111111111111111111111111111111111111111111111111111111111111111111111111111111111111111111111111111111111111111111111111111111111111111111111111111111111111111111111111111111111111111111111111111111111111111111111111111111111111111111111111111111111111113
111111111111111111111111111111111111111111111111111111111111111111111111111111111111111111111111111111111111111111111111111111111111111111111111111111111111111111111111111111111111111111111111111111111111111111111111111111111111111111111111111111333333333111111111111111111111111111111111111111111113
111111111111111111111111111111111111111111111111111111111111111111111111111111111111111111111111111111111111111111111111111111111111111111111111111111111111111111111111111111111111111111111111111111111111111111111111111111111111111111111111111333333333333111111111111111111111111111111111111111111113
111111111111111111111111111111111111111111111111111111111111111111111111111111111111111111111111111111111111111111111111111111111111111111111111111111111111111111111111111111111111111111111111111111111111111111111111111111111111111111111111113333333333333111111111111111111111111111111111111111111113
111111111111111111111111111111111111111111111111111111111111111111111111111111111111111111111111111111111111111111111111111111111111111111111111111111111111111111111111111111111111111111111111111111111111111111111111111111111111111111111111333333333333331111111111111111111111111111111111111111111113
111111111111111111111111111111111111111111111111111111111111111111111111111111111111111111111111111111111111111111111111111111111111111111111111111111111111111111111111111111111111111111111111111111111111111111111111111111111111111111111133333331111111111111111111111111111111111111111111111111111113
111111111111111111111111111111111111111111111111111111111111111111111111111111111111111111111111111111111111111111111111111111111111111111111111111111111111111111111111111111111111111111111111111111111111111111111111111111111111111111113333333311111111111111111111111111111111111111111111111111111113
111111111111111111111111111111111111111111111111111111111111111111111111111111111111111111111111111111111111111111111111111111111111111111111111111111111111111111111111111111111111111111111111111111111111111111111111111111111111111111133333333111111111111111111111111111111111111111111111111111111113
111111111111111111111111111111111111111111111111111111111111111111111111111111111111111111111111111111111111111111111111111111111111111111111111111111111111111111111111111111111111111111111111111111111111111111111111111111111111111111333333331111111111111111111111111111111111111111111111111111111113
111111111111111111111111111111111111111111111111111111111111111111111111111111111111111111111111111111111111111111111111111111111111111111111111111111111111111111111111111111111111111111111111111111111111111111111111111111111111111133333333111111111111111111111111111111111111111111111111111111111113
111111111111111111111111111111111111111111111111111111111111111111111111111111111111111111111111111111111111111111111111111111111111111111111111111111111111111111111111111111111111111111111111111111111111111111111111111111111111111333333311111111111111111111111111111111111111111111111111111111111113
111111111111111111111111111111111111111111111111111111111111111111111111111111111111111111111111111111111111111111111111111111111111111111111111111111111111111111111111111111111111111111111111111111111111111111111111111111111111133333333111111111111111111111111111111111111111111111111111111111111113
111111111111111111111111111111111111111111111111111111111111111111111111111111111111111111111111111111111111111111111111111111111111111111111111111111111111111111111111111111111111111111111111111111111111111111111111111111111111333333311111111111111111111111111111111111111111111111111111111111111113
111111111111111111111111111111111111111111111111111111111111111111111111111111111111111111111111111111111111111111111111111111111111111111111111111111111111111111111111111111111111111111111111111111111111111111111111111111111113333333111111111111111111111111111111111111111111111111111111111111111113
111111111111111111111111111111111111111111111111111111111111111111111111111111111111111111111111111111111111111111111111111111111111111111111111111111111111111111111111111111111111111111111111111111111111111111111111111111111133333311111111111111111111111111111111111111111111111111111111111111111113
111111111111111111111111111111111111111111111111111111111111111111111111111111111111111111111111111111111111111111111111111111111111111111111111111111111111111111111111111111111111111111111111111111111111111111111111111111111133333311111111111111111111111111111111111111111111111111111111111111111113
111111111111111111111111111111111111111111111111111111111111111111111111111111111111111111111111111111111111111111111111111111111111111111111111111111111111111111111111111111111111111111111111111111111111111111111111111111113333331111111111111111111111111111111111111111111111111111111111111111111113
111111111111111111111111111111111111111111111111111111111111111111111111111111111111111111111111111111111111111111111111111111111111111111111111111111111111111111111111111111111111111111111111111111111111111111111111111111133333111111111111111111111111111111111111111111111111111111111111111111111113
111111111111111111111111111111111111111111111111111111111111111111111111111111111111111111111111111111111111111111111111111111111111111111111111111111111111111111111111111111111111111111111111111111111111111111111111111111333331111111111111111111111111111111111111111111111111111111111111111111111113
111111111111111111111111111111111111111111111111111111111111111111111111111111111111111111111111111111111111111111111111111111111111111111111111111111111111111111111111111111111111111111111111111111111111111111111111111133333311111111111111111111111111111111111111111111111111111111111111111111111113
111111111111111111111111111111111111111111111111111111111111111111111111111111111111111111111111111111111111111111111111111111111111111111111111111111111111111111111111111111111111111111111111111111111111111111111111111333333111111111111111111111111111111111111111111111111111111111111111111111111113
111111111111111111111111111111111111111111111111111111111111111111111111111111111111111111111111111111111111111111111111111111111111111111111111111111111111111111111111111111111111111111111111111111111111111111111111113333331111111111111111111111111111111111111111111111111111111111111111111111111113
111111111111111111111111111111111111111111111111111133333111111111111111111111111111111111111111111111111111111111111111111111111111111111111111111111111111111111111111111111111111111111111111111111111111111111111133333333111111111111111111111111111111111111111111111111111111111111111111111111111113
111111111111111111111111111111111111111111111111113333333111111111111111111111111111111111111111111111111111111111111111111111111111111111111111111111111111111111111111111111111111111111111111111111111111111111111333333333111111111111111111111111111111111111111111111111111111111111111111111111111113
111111111111111111111111111111111111111111111113333333331111111111111111111111111111111111111111111111111111111111111111111111111111111111111111111111111111111111111111111111111111111111111111111111111111111111113333333333111111111111111111111111111111111111111111111111111111111111111111111111111113
111111111111111111111111111111111111111111111133333333311111111111111111111111111111111111111111111111111111111111111111111111111111111111111111111111111111111111111111111111111111111111111111111111111111111111333333333333111111111111111111111111111111111111111111111111111111111111111111111111111113
111111111111111111111111111111111111111111111333333331111111111111111111111111111111111111111111111111111111111111111111111111111111111111111111111111111111111111111111111111111111111111111111111111111111111133333335333333311111111111111111111111111111111111111111111111111111111111111111111111111113
111111111111111111111111111111111111111111133333333111111111111111111111111111111111111111111111111111111111111111111111111111111111111111111111111111111111111111111111111111111111111111111111111111111111113333333335333333333111111111111111111111111111111111111111111111111111111111111111111111111113
111111111111111111111111111111111111111111133333331111111111111111111113333333333333333111111111111111111111111111111111111111111111111111111111111111111111111111111111111111111111111111111111111111113353533333333355333333333333333333333335533333311111111111111111111111111111111111111111111111111113
111111111111111111111111111111111111111111333311111111111111111111111133333333333333333333311111111111111111111111111111111111111111111111111111111111111111111111111111111111111111111111111111111113333333333333333355333333333333333333333333533333333111111111111111111111111111111111111111111111111113
111111111111111111111111111111111111111333333311111111111111111111111333333333333333333333333333331111111111111111111111111111111111111111111111111111111111111111111111111111111111111111111133333333333333333333333333333333333333333333333333333333333511111111111111111111111111111111111111111111111113
111111111111111111111111111111111111113333333311111111111111111111113333333333333333333333333333331111111111111111111111111111111111111111111111111111111111111111111111111111111111111111111333333333333333333333333333333333333333333333333333333333333311111111111111111111111111111111111111111111111113
111111111111111111111111111111111111113333331111111111111111111111133333333333311111111111111111111111111111111111111111111111111111111111111111111111111111111111111111111111111111111111133333333333333333333333333311111111111111111111111111111111111111111111111111111111111111111111111111111111111113
111111111111111111111111111111111111333333311111111111111111111113333333333311111111111111111111111111111111111111111111111111111111111111111111111111111111111111111111111111111111111111333333333333333333311111111111111111111111111111111111111111111111111111111111111111111111111111111111111111111113
111111111111111111111111111111111111333333111111111111111111111133333333333111111111111111111111111111111111111111111111111111111111111111111111111111111111111111111111111111111111111113333333333333333331111111111111111111111111111111111111111111111111111111111111111111111111111111111111111111111113
111111111111111111111111111111111113333331111111111111111111111333333333331111111111111111111111111111111111111111111111111111111111111111111111111111111111111111111111111111111111111133333333333333333111111111111111111111111111111111111111111111111111111111111111111111111111111111111111111111111113
111111111111111111111111111111111113333311111111111111111111113333333333111111111111111111111111111111111111111111111111111111111111111111111111111111111111111111111111111111111111113333333333333333311111111111111111111111111111111111111111111111111111111111111111111111111111111111111111111111111113
111111111111111111111111111111111133333111111111111111111111133333333311111111111111111111111111111111111111111111111111111111111111111111111111111111111111111111111111111111111111333333333333333331111111111111111111111111111111111111111111111111111111111111111111111111111111111111111111111111111113
111111111111111111111111111111111133311111111111111111111111333333333111111111111111111111111111111111111111111111111111111111111111111111111111111111111111111111111111111111111113333333333111111111111111111111111111111111111111111111111111111111111111111111111111111111111111111111111111111111111113
111111111111111111111111111111111133311111111111111111111111333333331111111111111111111111111111111111111111111111111111111111111111111111111111111111111111111111111111111111111333333333331111111111111111111111111111111111111111111111111111111111111111111111111111111111111111111111111111111111111113
111111111111111111111111111111111133111111111111111111111111333333111111111111111111111111111111111111111111111111111111111111111111111111111111111111111111111111111111111111133333333331111111111111111111111111111111111111111111111111111111111111111111111111111111111111111111111111111111111111111113
111111111111111111111111111111111133111111111111111111111113333333111111111111111111111111111111111111111111111111111111111111111111111111111111111111111111111111111111111111333333333311111111111111111111111111111111111111111111111111111111111111111111111111111111111111111111111111111111111111111113
111111111111111111111111111111111133111111111111111111111113333331111111111111111111111111111111111111111111111111111111111111111111111111133333333333331111111111111111111111333333333111111111111111111111111111111111111111111111111111111111111111111111111111111111111111111111111111111111111111111113
111111111111111111111111111111111133111111111111111111111333333331111111111111111111111111111111111111111111111111111111111111111111111113333333333333333311111111111111111113333333331111111111111111111111111111111111111111111111111111111111111111111111111111111111111111111111111111111111111111111113
111111111111111111111111111111111133111111111111111111333333333331111111111111111111111111111111111111111111111111111111111111111111111133333333333333333331111111111111111133333333111111111111111111111111111111111111111111111111111111111111111111111111111111111111111111111111111111111111111111111113
111111111111111111111111111111111133111111111111111133333333333311111111111111111111111111111111111111111111111111111111111111111111111333333333333333333331111111111111111333333333111111111111111111111111111111111111111111111111111111111111111111111111111111111111111111111111111111111111111111111113
111111111111111111111111111111111133111111111111111333333333333311111111111111111111111111111111111111111111111111111111111111111111133333333333333333333333311111111111111333333333111111111111111111111111111111111111111111111111111111111111111111111111111111111111111111111111111111111111111111111113
111111111111111111111111111111111133111111111111111333333333333311111111111111111111111111111111111111111111111111111111111111113333333333333333333333333333331111111111113333333333111111111111111111111111111111111111111111111111111111111111111111111111111111111111111111111111111111111111111111111113
111111111111111111111111111111111133311111111111113333333333111111111111111111111111111111111111111111111111111111111111111111133333333333333333333333333333333333333333333333333333111111111111111111111111111111111111111111111111111111111111111111111111111111111111111111111111111111111111111111111113
111111111111111111111111111111111133331111111111113333333311111111111111111111111111111111111111111111111111111111111111111111333333333333333333333333333553333333333333333333333333111111111111111111111111111111111111111111111111111111111111111111111111111111111111111111111111111111111111111111111113
111111111111111111111111111111111133333111111111133333333311111111111111111111111111111111111111111111111111111111111155555333333333333333333333333333333555533333333333333333333333111111111111111111111111111111111111111111111111111111111111111111111111111111111111111111111111111111111111111111111113
111111111111111111111111111111111133333331111113333333333311111111111111111111111111111111111111111111111111111111113333333333333333333333333333333333333335533333333333333333333333111111111111111111111111111111111111111111111111111111111111111111111111111111111111111111111111111111111111111111111113
111111111111111111111111111111111113333333333333333333333111111111111111111111111111111111111111111111111111111111133333333333333333333333311111133333333333333333333333333333333333111111111111111111111111111111111111111111111111111111111111111111111111111111111111111111111111111111111111111111111113
111111111111111111111111111111111113333333333333333333531111111111111111111111111111111111111111111111111111111111133333333333333333333333111111113333333333333333333333333333333333311111111111111111111111111111111111111111111111111111111111111111111111111111111111111111111111111111111111111111111113
111111111111111111111111111111111113333333333333333333311111111111111111111111111111111111111111111111111111111113333333333333333333533311111111111113333333333333333333333353333333331111111111111111111111111111111111111111111111111111111111111111111111111111111111111111111111111111111111111111111113
111111111111111111111111111111111113333333333333333333111111111111111111111111111111111111111111111111111111111113333333333333333333555111111111111111333333333333333333333353555333333311111111111111111111111111111111111111111111111111111111111111111111111111111111111111111111111111111111111111111113
111111111111111111111111111111111133333331133111111111111111111111111111111111111111111111111111111111111111111333333333333333333333351111111111111111133333333333333333333333533333333333333333333333333333311111111111111111111111111111111111111111111111111111111111111111111111111111111111111111111113
111111111111111111111111111111111133333311133111111111111111111111111111111111111111111111111111111111111111113333333333333333333333331111111111111111113333333333333333333333333333333333333333333333333333331111111111111111111111111111111111111111111111111111111111111111111111111111111111111111111113
111111111111111111111111111111111133311111133111111111111111111111111111111111111111111111111111111111111111333333333333333333333333331111111111111111111111111111111111111113333333333333333333333333333333331111111111111111111111111111111111111111111111111111111111111111111111111111111111111111111113
111111111111111111111111111111111111111111131111111111111111111111111111111111111111111111111111111111111113333333333333333333333333311111111111111111111111111111111111111111133333333333333333333333333333331111111111111111111111111111111111111111111111111111111111111111111111111111111111111111111113
111111111111111111111111111111111111111111133311111111111111111111111111111111111111111111111111111111111133333333333333333333333333111111111111111111111111111111111111111111133333333333333333333333333333333111111111111111111111111111111111111111111111111111111111111111111111111111111111111111111113
111111111111111111111111111111111111111111113311111111111111111111111111111111111111111111111111111111111333333333333331111111133331111111111111111111111111111111111111111111113333333333333333333333333333333311111111111111111111111111111111111111111111111111111111111111111111111111111111111111111113
111111111111111111111111111111111111111111113311111111111111111111111111111111111111111111111111111111333333333333311111111111111111111111111111111111111111111111111111111111113333333333333111111111111113333331111111111111111111111111111111111111111111111111111111111111111111111111111111111111111113
111111111111111111111111111111111111111111111311111111111111111111111111111111111111111111111113333335333333333333111111111111111111111111111111111111111111111111111111111111111333333333331111111111111111333333311111111111111111111111111111111111111111111111111111111111111111111111111111111111111113
111111111111111111111111111111111111111111111331111111111111111111111111111111111111111111133333333333333333331111111111111111111111111111111111111111111111111111111111111111111333333333331111111111111111333333333333333333333333333333333333333311111111111111111111111111111111111111111111111111111113
111111111111111111111111111111111111111111111331111111111111111111111111111111111111111133333333333333333333311111111111111111111111111111111111111111111111111111111111111111111133333333331111111111111111133335333333333333333333333333333333333311111111111111111111111111111111111111111111111111111113
111111111111111111111111111111111111111111111131111111111111111111111111111111111111111333333333333333333333111111111111111111111111111111111111111111111111111111111111111111111113333333331111111111111111113335333333333333333333333333333333333311111111111111111111111111111111111111111111111111111113
111111111111111111111111111111111111111111111133111111111111111111111111111111111111113333333333333333333331111111111111111111111111111111111111111111111111111111111111111111111113333333331111111111111111111333333333333333333333333333333333333311111111111111111111111111111111111111111111111111111113
111111111111111111111111111111111111111111111133111111111111111111111111111111111111133333333333333333333311111111111111111111111111111111111111111111111111111111111111111111111111333333331111111111111111111333333333333333533333333333333333333311111111111111111111111111111111111111111111111111111113
111111111111111111111111111111111111111111111133111111111111111111111111111111111111333333333333331111111111111111111111111111111111111111111111111111111111111111111111111111111111133333331111111111111111111133333333333333333333333333333333333331111111111111111111111111111111111111111111111111111113
111111111111111111111111111111111111111111111133111111111111111111111111111111111113333333333533111111111111111111111111111111111111111111111111111111111111111111111111111111111111133333331111111111111111111111333333333333333333333333333333333333333311111111111111111111111111111111111111111111111113
111111111111111111111111111111111111111111111133111111111111111111111111111111113333333333333331111111111111111111111111111111111111111111111111111111111111111111111111111111111111133333331111111111111111111111133333333333333333333333333333333333333333333333333333311111111111111111111111111111111113
111111111111111111111111111111111111111111111133111111111111111111111111111133333333333333333311111111111111111111111111111111111111111111111111111111111111111111111111111111111111113333331111111111111111111111113333333333333333333333333333333333333333333333333533331111111111111111111111111111111113
111111111111111111111111111111111111111111111133111111111111111111111111133333333333333333333111111111111111111111111111111111111111111111111111111111111111111111111111111111111111113333331111111111111111111111111333333333333333333333333333333333333333333333333333331111111111111111111111111111111113
111111111111111111111111111111111111111111111133333311111111111111111133333333333333333333331111111111111111111111111111111111111111111111111111111111111111111111111111111111111111113333331111111111111111111111111111111111111111111111111111133333333333333333333333331111111111111111111111111111111113
111111111111111111111111111111111111111111111133333333333333333333333333333333333333333333331111111111111111111111111111111111111111111111111111111111111111111111111111111111111111111333333111111111111111111111111111111111111111111111111111111333333333333333333333331111111111111111111111111111111113
111111111111111111111111111111111111333333333333333333333333333333353333333333333333333333331111111111111111111111111111111111111111111111111111111111111111111111111111111111111111111333333311111111111111111111111111111111111111111111111111111133333333333333335533331111111111111111111111111111111113
111111111111111111111111111111111111333333333333333333333333333333333333333335533333353333331111111111111111111111111111111111111111111111111111111111111111111111111111111111111111111133333331111111111111111111111111111111111111111111111111111113333333333333335553331111111111111111111111111111111113
111111111111111111111111111111111111333333333333333333333333333333333333333335533333353333331111111111111111111111111111111111111111111111111111111111111111111111111111111111111111111133333331111111111111111111111111111111111111111111111111111111333333333333333333331111111111111111111111111111111113
111111111111111111111111111111111111333333333333333333333333333333333333333333333333333333333111111111111111111111111111111111111111111111111111111111111111111111111111111111111111111111333333111111111111111111111111111111111111111111111111111111333333333333333333331111111111111111111111111111111113
111111111111111111111111111111111111111111111111333333333333333333333333333333333333333333333331111111111111111111111111111111111111111111111111111111111111111111111111111111111111111111333333111111111111111111111111111111111111111111111111111111133333333333333333333111111111111111111111111111111113
111111111111111111111111111111111111111111111111333333333333333333333333333333333333333333333333111111111111111111111111111111111111111111111111111111111111111111111111111111111111111111133333311111111111111111111111111111111111111111111111111111133333333333333333333311111111111111111111111111111113
111111111111111111111111111111111111111111111111333333333333333333333333333333333333333111113333311111111111111111111111111111111111111111111111111111111111111111111111111111111111111111113333311111111111111111111111111111111111111111111111111111113333333333333333333331111111111111111111111111111113
111111111111111111111111111111111111111111111111333333333333333333333333333333333333311111111333331111111111111111111111111111111111111111111111111111111111111111111111111111111111111111111333333311111111111111111111111111111111111111111111111111111333333333333333333333111111111111111111111111111113
111111111111111111111111111111111111111111111111333333353333533333333333333111111111111111111113333111111111111111111111111111111111133311111111111111111111111111111111111111111111111111111353333333111111111111111111111111111111111111111111111111111133333333333333333333311111111111111111111111111113
111111111111111111111111111111111111111111111111333353333333333333333333331111111111111111111111333311111111111111111111111111111111333331111111111111111111111111111111111111111111111111111153333333311111111111111111111111111111111111111111111111111133333333333335533333331111111111111111111111111113
111111111111111111111111111111111111111111111111333333333333333333333333111111111111111111111111133311111111111111111111111111111333333311111111111111111111111111111111111111111111111111111133333333331111111111111111111111111111111111111111111111111111111111111115533333331111111111111111111111111113
111111111111111111111111111111111111111111111111333333333333333333333331111111111111111111111111113331111111111111111111111111113333333311111111111111111111111111111111111111111111111111111113333333333111111111111111111111111111111111111111111111111111111111111111133333311111111111111111111111111113
111111111111111111111111111111111111111111111111111111111111111111111111111111111111111111111111113333111111111111111111111111133333331111111111111111111111111111111111111111111111111111111111333333333311111111111111111111111111111111111111111111111111111111111111113333311111111111111111111111111113
111111111111111111111111111111111111111111111111111111111111111111111111111111111111111111111111111333311111111111111111111113333333331111111111111111111111111111111111111111111111111111111111133333333331111111111111111111111111111111111111111111111111111111111111111113331111111111111111111111111113
111111111111111111111111111111111111111111111111111111111111111111111111111111111111111111111111111133333111111111111111133333333333111111111111111111111111111111111111111111111111111111111111111133333331111111111111111111111111111111111111111111111111111111111111111113331111111111111111111111111113
111111111111111111111111111111111111111111111111111111111111111111111111111111111111111111111111111133333331111111111113333333333331111111111111111111111111111111111111111111111111111111111111111111333333111111111111111111111111111111111111111111111111111111111111111111111111111111111111111111111113
111111111111111111111111111111111111111111111111111111111111111111111111111111111111111111111111111133333333333333333333333333311111111111111111111111111111111111111111111111111111111111111111111111133333333333333333333333333311111111111111111111111111111111111111111111111111111111111111111111111113
111111111111111111111111111111111111111111111111111111111111111111111111111111111111111111111111111133333333333333333333333311111111111111111111111111111111111111111111111111111111111111111111111111113333333333333333333333333311111111111111111111111111111111111111111111111111111111111111111111111113
111111111111111111111111111111111111111111111111111111111111111111111111111111111111111111111111111113333333333333331111111111111111111111111111111111111111111111111111111111111111111111111111111111111133333333333333333333333311111111111111111111111111111111111111111111111111111111111111111111111113
111111111111111111111111111111111111111111111111111111111111111111111111111111111111111111111111111111333333333331111111111111111111111111111111111111111111111111111111111111111111111111111111111111111113333333333333333333313311111111111111111111111111111111111111111111111111111111111111111111111113
111111111111111111111111111111111111111111111111111111111111111111111111111111111111111111111111111111111111111111111111111111111111111111111111111111111111111111111111111111111111111111111111111111111111111111111111111111111111111111111111111111111111111111111111111111111111111111111111111111111113
111111111111111111111111111111111111111111111111111111111111111111111111111111111111111111111111111111111111111111111111111111111111111111111111111111111111111111111111111111111111111111111111111111111111111111111111111111111111111111111111111111111111111111111111111111111111111111111111111111111113
111111111111111111111111111111111111111111111111111111111111111111111111111111111111111111111111111111111111111111111111111111111111111111111111111111111111111111111111111111111111111111111111111111111111111111111111111111111111111111111111111111111111111111111111111111111111111111111111111111111113
111111111111111111111111111111111111111111111111111111111111111111111111111111111111111111111111111111111111111111111111111111111111111111111111111111111111111111111111111111111111111111111111111111111111111111111111111111111111111111111111111111111111111111111111111111111111111111111111111111111113
111111111111111111111111111111111111111111111111111111111111111111111111111111111111111111111111111111111111111111111111111111111111111111111111111111111111111111111111111111111111111111111111111111111111111111111111111111111111111111111111111111111111111111111111111111111111111111111111111111111113
111111111111111111111111111111111111111111111111111111111111111111111111111111111111111111111111111111111111111111111111111111111111111111111111111111111111111111111111111111111111111111111111111111111111111111111111111111111111111111111111111111111111111111111111111111111111111111111111111111111113
111111111111111111111111111111111111111111111111111111111111111111111111111111111111111111111111111111111111111111111111111111111111111111111111111111111111111111111111111111111111111111111111111111111111111111111111111111111111111111111111111111111111111111111111111111111111111111111111111111111113
111111111111111111111111111111111111111111111111111111111111111111111111111111111111111111111111111111111111111111111111111111111111111111111111111111111111111111111111111111111111111111111111111111111111111111111111111111111111111111111111111111111111111111111111111111111111111111111111111111111113
111111111111111111111111111111111111111111111111111111111111111111111111111111111111111111111111111111111111111111111111111111111111111111111111111111111111111111111111111111111111111111111111111111111111111111111111111111111111111111111111111111111111111111111111111111111111111111111111111111111113
111111111111111111111111111111111111111111111111111111111111111111111111111111111111111111111111111111111111111111111111111111111111111111111111111111111111111111111111111111111111111111111111111111111111111111111111111111111111111111111111111111111111111111111111111111111111111111111111111111111113
111111111111111111111111111111111111111111111111111111111111111111111111111111111111111111111111111111111111111111111111111111111111111111111111111111111111111111111111111111111111111111111111111111111111111111111111111111111111111111111111111111111111111111111111111111111111111111111111111111111113
111111111111111111111111111111111111111111111111111111111111111111111111111111111111111111111111111111111111111111111111111111111111111111111111111111111111111111111111111111111111111111111111111111111111111111111111111111111111111111111111111111111111111111111111111111111111111111111111111111111113
111111111111111111111111111111111111111111111111111111111111111111111111111111111111111111111111111111111111111111111111111111111111111111111111111111111111111111111111111111111111111111111111111111111111111111111111111111111111111111111111111111111111111111111111111111111111111111111111111111111113
111111111111111111111111111111111111111111111111111111111111111111111111111111111111111111111111111111111111111111111111111111111111111111111111111111111111111111111111111111111111111111111111111111111111111111111111111111111111111111111111111111111111111111111111111111111111111111111111111111111113
111111111111111111111111111111111111111111111111111111111111111111111111111111111111111111111111111111111111111111111111111111111111111111111111111111111111111111111111111111111111111111111111111111111111111111111111111111111111111111111111111111111111111111111111111111111111111111111111111111111113
111111111111111111111111111111111111111111111111111111111111111111111111111111111111111111111111111111111111111111111111111111111111111111111111111111111111111111111111111111111111111111111111111111111111111111111111111111111111111111111111111111111111111111111111111111111111111111111111111111111113
111111111111111111111111111111111111111111111111111111111111111111111111111111111111111111111111111111111111111111111111111111111111111111111111111111111111111111111111111111111111111111111111111111111111111111111111111111111111111111111111111111111111111111111111111111111111111111111111111111111113
111111111111111111111111111111111111111111111111111111111111111111111111111111111111111111111111111111111111111111111111111111111111111111111111111111111111111111111111111111111111111111111111111111111111111111111111111111111111111111111111111111111111111111111111111111111111111111111111111111111113
111111111111111111111111111111111111111111111111111111111111111111111111111111111111111111111111111111111111111111111111111111111111111111111111111111111111111111111111111111111111111111111111111111111111111111111111111111111111111111111111111111111111111111111111111111111111111111111111111111111113
111111111111111111111111111111111111111111111111111111111111111111111111111111111111111111111111111111111111111111111111111111111111111111111111111111111111111111111111111111111111111111111111111111111111111111111111111111111111111111111111111111111111111111111111111111111111111111111111111111111113
111111111111111111111111111111111111111111111111111111111111111111111111111111111111111111111111111111111111111111111111111111111111111111111111111111111111111111111111111111111111111111111111111111111111111111111111111111111111111111111111111111111111111111111111111111111111111111111111111111111113
111111111111111111111111111111111111111111111111111111111111111111111111111111111111111111111111111111111111111111111111111111111111111111111111111111111111111111111111111111111111111111111111111111111111111111111111111111111111111111111111111111111111111111111111111111111111111111111111111111111113
111111111111111111111111111111111111111111111111111111111111111111111111111111111111111111111111111111111111111111111111111111111111111111111111111111111111111111111111111111111111111111111111111111111111111111111111111111111111111111111111111111111111111111111111111111111111111111111111111111111113
111111111111111111111111111111111111111111111111111111111111111111111111111111111111111111111111111111111111111111111111111111111111111111111111111111111111111111111111111111111111111111111111111111111111111111111111111111111111111111111111111111111111111111111111111111111111111111111111111111111113
111111111111111111111111111111111111111111111111111111111111111111111111111111111111111111111111111111111111111111111111111111111111111111111111111111111111111111111111111111111111111111111111111111111111111111111111111111111111111111111111111111111111111111111111111111111111111111111111111111111113
111111111111111111111111111111111111111111111111111111111111111111111111111111111111111111111111111111111111111111111111111111111111111111111111111111111111111111111111111111111111111111111111111111111111111111111111111111111111111111111111111111111111111111111111111111111111111111111111111111111113
111111111111111111111111111111111111111111111111111111111111111111111111111111111111111111111111111111111111111111111111111111111111111111111111111111111111111111111111111111111111111111111111111111111111111111111111111111111111111111111111111111111111111111111111111111111111111111111111111111111113
111111111111111111111111111111111111111111111111111111111111111111111111111111111111111111111111111111111111111111111111111111111111111111111111111111111111111111111111111111111111111111111111111111111111111111111111111111111111111111111111111111111111111111111111111111111111111111111111111111111113
111111111111111111111111111111111111111111111111111111111111111111111111111111111111111111111111111111111111111111111111111111111111111111111111111111111111111111111111111111111111111111111111111111111111111111111111111111111111111111111111111111111111111111111111111111111111111111111111111111111113
111111111111111111111111111111111111111111111111111111111111111111111111111111111111111111111111111111111111111111111111111111111111111111111111111111111111111111111111111111111111111111111111111111111111111111111111111111111111111111111111111111111111111111111111111111111111111111111111111111111113
111111111111111111111111111111111111111111111111111111111111111111111111111111111111111111111111111111111111111111111111111111111111111111111111111111111111111111111111111111111111111111111111111111111111111111111111111111111111111111111111111111111111111111111111111111111111111111111111111111111113
111111111111111111111111111111111111111111111111111111111111111111111111111111111111111111111111111111111111111111111111111111111111111111111111111111111111111111111111111111111111111111111111111111111111111111111111111111111111111111111111111111111111111111111111111111111111111111111111111111111113
111111111111111111111111111111111111111111111111111111111111111111111111111111111111111111111111111111111111111111111111111111111111111111111111111111111111111111111111111111111111111111111111111111111111111111111111111111111111111111111111111111111111111111111111111111111111111111111111111111111113
111111111111111111111111111111111111111111111111111111111111111111111111111111111111111111111111111111111111111111111111111111111111111111111111111111111111111111111111111111111111111111111111111111111111111111111111111111111111111111111111111111111111111111111111111111111111111111111111111111111113
111111111111111111111111111111111111111111111111111111111111111111111111111111111111111111111111111111111111111111111111111111111111111111111111111111111111111111111111111111111111111111111111111111111111111111111111111111111111111111111111111111111111111111111111111111111111111111111111111111111113
111111111111111111111111111111111111111111111111111111111111111111111111111111111111111111111111111111111111111111111111111111111111111111111111111111111111111111111111111111111111111111111111111111111111111111111111111111111111111111111111111111111111111111111111111111111111111111111111111111111113
111111111111111111111111111111111111111111111111111111111111111111111111111111111111111111111111111111111111111111111111111111111111111111111111111111111111111111111111111111111111111111111111111111111111111111111111111111111111111111111111111111111111111111111111111111111111111111111111111111111113
111111111111111111111111111111111111111111111111111111111111111111111111111111111111111111111111111111111111111111111111111111111111111111111111111111111111111111111111111111111111111111111111111111111111111111111111111111111111111111111111111111111111111111111111111111111111111111111111111111111113
111111111111111111111111111111111111111111111111111111111111111111111111111111111111111111111111111111111111111111111111111111111111111111111111111111111111111111111111111111111111111111111111111111111111111111111111111111111111111111111111111111111111111111111111111111111111111111111111111111111113
111111111111111111111111111111111111111111111111111111111111111111111111111111111111111111111111111111111111111111111111111111111111111111111111111111111111111111111111111111111111111111111111111111111111111111111111111111111111111111111111111111111111111111111111111111111111111111111111111111111113
111111111111111111111111111111111111111111111111111111111111111111111111111111111111111111111111111111111111111111111111111111111111111111111111111111111111111111111111111111111111111111111111111111111111111111111111111111111111111111111111111111111111111111111111111111111111111111111111111111111113
111111111111111111111111111111111111111111111111111111111111111111111111111111111111111111111111111111111111111111111111111111111111111111111111111111111111111111111111111111111111111111111111111111111111111111111111111111111111111111111111111111111111111111111111111111111111111111111111111111111113
111111111111111111111111111111111111111111111111111111111111111111111111111111111111111111111111111111111111111111111111111111111111111111111111111111111111111111111111111111111111111111111111111111111111111111111111111111111111111111111111111111111111111111111111111111111111111111111111111111111113
111111111111111111111111111111111111111111111111111111111111111111111111111111111111111111111111111111111111111111111111111111111111111111111111111111111111111111111111111111111111111111111111111111111111111111111111111111111111111111111111111111111111111111111111111111111111111111111111111111111113
111111111111111111111111111111111111111111111111111111111111111111111111111111111111111111111111111111111111111111111111111111111111111111111111111111111111111111111111111111111111111111111111111111111111111111111111111111111111111111111111111111111111111111111111111111111111111111111111111111111113
111111111111111111111111111111111111111111111111111111111111111111111111111111111111111111111111111111111111111111111111111111111111111111111111111111111111111111111111111111111111111111111111111111111111111111111111111111111111111111111111111111111111111111111111111111111111111111111111111111111113
